ANO;MÊS;GRANDE REGIÃO;UNIDADE DA FEDERAÇÃO;PRODUTO;VENDAS
2013;JAN;REGIÃO NORTE;RONDÔNIA;ÓLEO DIESEL S-10;3517,6
2013;FEV;REGIÃO NORTE;RONDÔNIA;ÓLEO DIESEL S-10;3681,7
2013;MAR;REGIÃO NORTE;RONDÔNIA;ÓLEO DIESEL S-10;4700,67
2013;ABR;REGIÃO NORTE;RONDÔNIA;ÓLEO DIESEL S-10;5339,2
2013;MAI;REGIÃO NORTE;RONDÔNIA;ÓLEO DIESEL S-10;6166,4
2013;JUN;REGIÃO NORTE;RONDÔNIA;ÓLEO DIESEL S-10;6539,65
2013;JUL;REGIÃO NORTE;RONDÔNIA;ÓLEO DIESEL S-10;7283,7
2013;AGO;REGIÃO NORTE;RONDÔNIA;ÓLEO DIESEL S-10;8082,85
2013;SET;REGIÃO NORTE;RONDÔNIA;ÓLEO DIESEL S-10;7902,55
2013;OUT;REGIÃO NORTE;RONDÔNIA;ÓLEO DIESEL S-10;9383,15
2013;NOV;REGIÃO NORTE;RONDÔNIA;ÓLEO DIESEL S-10;9767,4
2013;DEZ;REGIÃO NORTE;RONDÔNIA;ÓLEO DIESEL S-10;9088,8
2013;JAN;REGIÃO NORTE;ACRE;ÓLEO DIESEL S-10;363
2013;FEV;REGIÃO NORTE;ACRE;ÓLEO DIESEL S-10;410
2013;MAR;REGIÃO NORTE;ACRE;ÓLEO DIESEL S-10;536
2013;ABR;REGIÃO NORTE;ACRE;ÓLEO DIESEL S-10;607
2013;MAI;REGIÃO NORTE;ACRE;ÓLEO DIESEL S-10;740
2013;JUN;REGIÃO NORTE;ACRE;ÓLEO DIESEL S-10;756
2013;JUL;REGIÃO NORTE;ACRE;ÓLEO DIESEL S-10;971
2013;AGO;REGIÃO NORTE;ACRE;ÓLEO DIESEL S-10;1174
2013;SET;REGIÃO NORTE;ACRE;ÓLEO DIESEL S-10;1240
2013;OUT;REGIÃO NORTE;ACRE;ÓLEO DIESEL S-10;1439
2013;NOV;REGIÃO NORTE;ACRE;ÓLEO DIESEL S-10;1483
2013;DEZ;REGIÃO NORTE;ACRE;ÓLEO DIESEL S-10;1483
2013;JAN;REGIÃO NORTE;AMAZONAS;ÓLEO DIESEL S-10;3190,585
2013;FEV;REGIÃO NORTE;AMAZONAS;ÓLEO DIESEL S-10;3305
2013;MAR;REGIÃO NORTE;AMAZONAS;ÓLEO DIESEL S-10;3391
2013;ABR;REGIÃO NORTE;AMAZONAS;ÓLEO DIESEL S-10;3637
2013;MAI;REGIÃO NORTE;AMAZONAS;ÓLEO DIESEL S-10;4250
2013;JUN;REGIÃO NORTE;AMAZONAS;ÓLEO DIESEL S-10;4576
2013;JUL;REGIÃO NORTE;AMAZONAS;ÓLEO DIESEL S-10;5756,879
2013;AGO;REGIÃO NORTE;AMAZONAS;ÓLEO DIESEL S-10;6228,636
2013;SET;REGIÃO NORTE;AMAZONAS;ÓLEO DIESEL S-10;6334
2013;OUT;REGIÃO NORTE;AMAZONAS;ÓLEO DIESEL S-10;7154,2
2013;NOV;REGIÃO NORTE;AMAZONAS;ÓLEO DIESEL S-10;6836,3
2013;DEZ;REGIÃO NORTE;AMAZONAS;ÓLEO DIESEL S-10;6784,232
2013;JAN;REGIÃO NORTE;RORAIMA;ÓLEO DIESEL S-10;795,4
2013;FEV;REGIÃO NORTE;RORAIMA;ÓLEO DIESEL S-10;757,2
2013;MAR;REGIÃO NORTE;RORAIMA;ÓLEO DIESEL S-10;939,8
2013;ABR;REGIÃO NORTE;RORAIMA;ÓLEO DIESEL S-10;1040,6
2013;MAI;REGIÃO NORTE;RORAIMA;ÓLEO DIESEL S-10;966
2013;JUN;REGIÃO NORTE;RORAIMA;ÓLEO DIESEL S-10;992,9
2013;JUL;REGIÃO NORTE;RORAIMA;ÓLEO DIESEL S-10;1027
2013;AGO;REGIÃO NORTE;RORAIMA;ÓLEO DIESEL S-10;1083,8
2013;SET;REGIÃO NORTE;RORAIMA;ÓLEO DIESEL S-10;1311,2
2013;OUT;REGIÃO NORTE;RORAIMA;ÓLEO DIESEL S-10;1475,3
2013;NOV;REGIÃO NORTE;RORAIMA;ÓLEO DIESEL S-10;1502,7
2013;DEZ;REGIÃO NORTE;RORAIMA;ÓLEO DIESEL S-10;1531,8
2013;JAN;REGIÃO NORTE;PARÁ;ÓLEO DIESEL S-10;30137,8
2013;FEV;REGIÃO NORTE;PARÁ;ÓLEO DIESEL S-10;28146,3
2013;MAR;REGIÃO NORTE;PARÁ;ÓLEO DIESEL S-10;31280,5
2013;ABR;REGIÃO NORTE;PARÁ;ÓLEO DIESEL S-10;33033,05
2013;MAI;REGIÃO NORTE;PARÁ;ÓLEO DIESEL S-10;33519,88
2013;JUN;REGIÃO NORTE;PARÁ;ÓLEO DIESEL S-10;34321,53
2013;JUL;REGIÃO NORTE;PARÁ;ÓLEO DIESEL S-10;37168,16
2013;AGO;REGIÃO NORTE;PARÁ;ÓLEO DIESEL S-10;41248,336
2013;SET;REGIÃO NORTE;PARÁ;ÓLEO DIESEL S-10;40913,48
2013;OUT;REGIÃO NORTE;PARÁ;ÓLEO DIESEL S-10;45383,5
2013;NOV;REGIÃO NORTE;PARÁ;ÓLEO DIESEL S-10;44013,219
2013;DEZ;REGIÃO NORTE;PARÁ;ÓLEO DIESEL S-10;41975,03
2013;JAN;REGIÃO NORTE;AMAPÁ;ÓLEO DIESEL S-10;252,5
2013;FEV;REGIÃO NORTE;AMAPÁ;ÓLEO DIESEL S-10;223
2013;MAR;REGIÃO NORTE;AMAPÁ;ÓLEO DIESEL S-10;348
2013;ABR;REGIÃO NORTE;AMAPÁ;ÓLEO DIESEL S-10;456,5
2013;MAI;REGIÃO NORTE;AMAPÁ;ÓLEO DIESEL S-10;420
2013;JUN;REGIÃO NORTE;AMAPÁ;ÓLEO DIESEL S-10;507,5
2013;JUL;REGIÃO NORTE;AMAPÁ;ÓLEO DIESEL S-10;488,5
2013;AGO;REGIÃO NORTE;AMAPÁ;ÓLEO DIESEL S-10;683,948
2013;SET;REGIÃO NORTE;AMAPÁ;ÓLEO DIESEL S-10;748
2013;OUT;REGIÃO NORTE;AMAPÁ;ÓLEO DIESEL S-10;785
2013;NOV;REGIÃO NORTE;AMAPÁ;ÓLEO DIESEL S-10;891
2013;DEZ;REGIÃO NORTE;AMAPÁ;ÓLEO DIESEL S-10;757,5
2013;JAN;REGIÃO NORTE;TOCANTINS;ÓLEO DIESEL S-10;6365
2013;FEV;REGIÃO NORTE;TOCANTINS;ÓLEO DIESEL S-10;6800,9
2013;MAR;REGIÃO NORTE;TOCANTINS;ÓLEO DIESEL S-10;8866,4
2013;ABR;REGIÃO NORTE;TOCANTINS;ÓLEO DIESEL S-10;9866,334
2013;MAI;REGIÃO NORTE;TOCANTINS;ÓLEO DIESEL S-10;10062,5
2013;JUN;REGIÃO NORTE;TOCANTINS;ÓLEO DIESEL S-10;10839,5
2013;JUL;REGIÃO NORTE;TOCANTINS;ÓLEO DIESEL S-10;11771,7
2013;AGO;REGIÃO NORTE;TOCANTINS;ÓLEO DIESEL S-10;13840,95
2013;SET;REGIÃO NORTE;TOCANTINS;ÓLEO DIESEL S-10;13649,2
2013;OUT;REGIÃO NORTE;TOCANTINS;ÓLEO DIESEL S-10;16054,1
2013;NOV;REGIÃO NORTE;TOCANTINS;ÓLEO DIESEL S-10;15571,4
2013;DEZ;REGIÃO NORTE;TOCANTINS;ÓLEO DIESEL S-10;14754,1
2013;JAN;REGIÃO NORDESTE;MARANHÃO;ÓLEO DIESEL S-10;8896,45
2013;FEV;REGIÃO NORDESTE;MARANHÃO;ÓLEO DIESEL S-10;8362,806
2013;MAR;REGIÃO NORDESTE;MARANHÃO;ÓLEO DIESEL S-10;9988
2013;ABR;REGIÃO NORDESTE;MARANHÃO;ÓLEO DIESEL S-10;11424,5
2013;MAI;REGIÃO NORDESTE;MARANHÃO;ÓLEO DIESEL S-10;12254
2013;JUN;REGIÃO NORDESTE;MARANHÃO;ÓLEO DIESEL S-10;12974
2013;JUL;REGIÃO NORDESTE;MARANHÃO;ÓLEO DIESEL S-10;15360,307
2013;AGO;REGIÃO NORDESTE;MARANHÃO;ÓLEO DIESEL S-10;16496
2013;SET;REGIÃO NORDESTE;MARANHÃO;ÓLEO DIESEL S-10;16496,8
2013;OUT;REGIÃO NORDESTE;MARANHÃO;ÓLEO DIESEL S-10;19823
2013;NOV;REGIÃO NORDESTE;MARANHÃO;ÓLEO DIESEL S-10;19972
2013;DEZ;REGIÃO NORDESTE;MARANHÃO;ÓLEO DIESEL S-10;20304
2013;JAN;REGIÃO NORDESTE;PIAUÍ;ÓLEO DIESEL S-10;4048
2013;FEV;REGIÃO NORDESTE;PIAUÍ;ÓLEO DIESEL S-10;3317,5
2013;MAR;REGIÃO NORDESTE;PIAUÍ;ÓLEO DIESEL S-10;4626,5
2013;ABR;REGIÃO NORDESTE;PIAUÍ;ÓLEO DIESEL S-10;5431,8
2013;MAI;REGIÃO NORDESTE;PIAUÍ;ÓLEO DIESEL S-10;6373,25
2013;JUN;REGIÃO NORDESTE;PIAUÍ;ÓLEO DIESEL S-10;6632,1
2013;JUL;REGIÃO NORDESTE;PIAUÍ;ÓLEO DIESEL S-10;7815,1
2013;AGO;REGIÃO NORDESTE;PIAUÍ;ÓLEO DIESEL S-10;8265,4
2013;SET;REGIÃO NORDESTE;PIAUÍ;ÓLEO DIESEL S-10;8511,1
2013;OUT;REGIÃO NORDESTE;PIAUÍ;ÓLEO DIESEL S-10;9648,9
2013;NOV;REGIÃO NORDESTE;PIAUÍ;ÓLEO DIESEL S-10;9717,75
2013;DEZ;REGIÃO NORDESTE;PIAUÍ;ÓLEO DIESEL S-10;9923,1
2013;JAN;REGIÃO NORDESTE;CEARÁ;ÓLEO DIESEL S-10;56758,646
2013;FEV;REGIÃO NORDESTE;CEARÁ;ÓLEO DIESEL S-10;47727,5
2013;MAR;REGIÃO NORDESTE;CEARÁ;ÓLEO DIESEL S-10;46672,338
2013;ABR;REGIÃO NORDESTE;CEARÁ;ÓLEO DIESEL S-10;47724,922
2013;MAI;REGIÃO NORDESTE;CEARÁ;ÓLEO DIESEL S-10;50888,425
2013;JUN;REGIÃO NORDESTE;CEARÁ;ÓLEO DIESEL S-10;47884,145
2013;JUL;REGIÃO NORDESTE;CEARÁ;ÓLEO DIESEL S-10;52901,601
2013;AGO;REGIÃO NORDESTE;CEARÁ;ÓLEO DIESEL S-10;51586,778
2013;SET;REGIÃO NORDESTE;CEARÁ;ÓLEO DIESEL S-10;54451,938
2013;OUT;REGIÃO NORDESTE;CEARÁ;ÓLEO DIESEL S-10;56798,731
2013;NOV;REGIÃO NORDESTE;CEARÁ;ÓLEO DIESEL S-10;55128,903
2013;DEZ;REGIÃO NORDESTE;CEARÁ;ÓLEO DIESEL S-10;54911,445
2013;JAN;REGIÃO NORDESTE;RIO GRANDE DO NORTE;ÓLEO DIESEL S-10;2722
2013;FEV;REGIÃO NORDESTE;RIO GRANDE DO NORTE;ÓLEO DIESEL S-10;2572
2013;MAR;REGIÃO NORDESTE;RIO GRANDE DO NORTE;ÓLEO DIESEL S-10;3025,55
2013;ABR;REGIÃO NORDESTE;RIO GRANDE DO NORTE;ÓLEO DIESEL S-10;3346
2013;MAI;REGIÃO NORDESTE;RIO GRANDE DO NORTE;ÓLEO DIESEL S-10;3513
2013;JUN;REGIÃO NORDESTE;RIO GRANDE DO NORTE;ÓLEO DIESEL S-10;3486,5
2013;JUL;REGIÃO NORDESTE;RIO GRANDE DO NORTE;ÓLEO DIESEL S-10;4413
2013;AGO;REGIÃO NORDESTE;RIO GRANDE DO NORTE;ÓLEO DIESEL S-10;4656
2013;SET;REGIÃO NORDESTE;RIO GRANDE DO NORTE;ÓLEO DIESEL S-10;4941,143
2013;OUT;REGIÃO NORDESTE;RIO GRANDE DO NORTE;ÓLEO DIESEL S-10;5583
2013;NOV;REGIÃO NORDESTE;RIO GRANDE DO NORTE;ÓLEO DIESEL S-10;6008,5
2013;DEZ;REGIÃO NORDESTE;RIO GRANDE DO NORTE;ÓLEO DIESEL S-10;6101
2013;JAN;REGIÃO NORDESTE;PARAÍBA;ÓLEO DIESEL S-10;2401,5
2013;FEV;REGIÃO NORDESTE;PARAÍBA;ÓLEO DIESEL S-10;2964,5
2013;MAR;REGIÃO NORDESTE;PARAÍBA;ÓLEO DIESEL S-10;3090
2013;ABR;REGIÃO NORDESTE;PARAÍBA;ÓLEO DIESEL S-10;3641,5
2013;MAI;REGIÃO NORDESTE;PARAÍBA;ÓLEO DIESEL S-10;4308
2013;JUN;REGIÃO NORDESTE;PARAÍBA;ÓLEO DIESEL S-10;3961,5
2013;JUL;REGIÃO NORDESTE;PARAÍBA;ÓLEO DIESEL S-10;5212,49
2013;AGO;REGIÃO NORDESTE;PARAÍBA;ÓLEO DIESEL S-10;5931
2013;SET;REGIÃO NORDESTE;PARAÍBA;ÓLEO DIESEL S-10;6035,96
2013;OUT;REGIÃO NORDESTE;PARAÍBA;ÓLEO DIESEL S-10;6856,99
2013;NOV;REGIÃO NORDESTE;PARAÍBA;ÓLEO DIESEL S-10;7049,5
2013;DEZ;REGIÃO NORDESTE;PARAÍBA;ÓLEO DIESEL S-10;7267,97
2013;JAN;REGIÃO NORDESTE;PERNAMBUCO;ÓLEO DIESEL S-10;94832,55
2013;FEV;REGIÃO NORDESTE;PERNAMBUCO;ÓLEO DIESEL S-10;69172,759
2013;MAR;REGIÃO NORDESTE;PERNAMBUCO;ÓLEO DIESEL S-10;76060,5
2013;ABR;REGIÃO NORDESTE;PERNAMBUCO;ÓLEO DIESEL S-10;73727,45
2013;MAI;REGIÃO NORDESTE;PERNAMBUCO;ÓLEO DIESEL S-10;57373,929
2013;JUN;REGIÃO NORDESTE;PERNAMBUCO;ÓLEO DIESEL S-10;49852,099
2013;JUL;REGIÃO NORDESTE;PERNAMBUCO;ÓLEO DIESEL S-10;56364,687
2013;AGO;REGIÃO NORDESTE;PERNAMBUCO;ÓLEO DIESEL S-10;58276,961
2013;SET;REGIÃO NORDESTE;PERNAMBUCO;ÓLEO DIESEL S-10;58177,23
2013;OUT;REGIÃO NORDESTE;PERNAMBUCO;ÓLEO DIESEL S-10;66354,85
2013;NOV;REGIÃO NORDESTE;PERNAMBUCO;ÓLEO DIESEL S-10;66082,208
2013;DEZ;REGIÃO NORDESTE;PERNAMBUCO;ÓLEO DIESEL S-10;64451,12
2013;JAN;REGIÃO NORDESTE;ALAGOAS;ÓLEO DIESEL S-10;4078
2013;FEV;REGIÃO NORDESTE;ALAGOAS;ÓLEO DIESEL S-10;3535,5
2013;MAR;REGIÃO NORDESTE;ALAGOAS;ÓLEO DIESEL S-10;4124
2013;ABR;REGIÃO NORDESTE;ALAGOAS;ÓLEO DIESEL S-10;3771
2013;MAI;REGIÃO NORDESTE;ALAGOAS;ÓLEO DIESEL S-10;4072,003
2013;JUN;REGIÃO NORDESTE;ALAGOAS;ÓLEO DIESEL S-10;4019
2013;JUL;REGIÃO NORDESTE;ALAGOAS;ÓLEO DIESEL S-10;4852,5
2013;AGO;REGIÃO NORDESTE;ALAGOAS;ÓLEO DIESEL S-10;5242
2013;SET;REGIÃO NORDESTE;ALAGOAS;ÓLEO DIESEL S-10;5214,57
2013;OUT;REGIÃO NORDESTE;ALAGOAS;ÓLEO DIESEL S-10;6391,064
2013;NOV;REGIÃO NORDESTE;ALAGOAS;ÓLEO DIESEL S-10;6769
2013;DEZ;REGIÃO NORDESTE;ALAGOAS;ÓLEO DIESEL S-10;6733
2013;JAN;REGIÃO NORDESTE;SERGIPE;ÓLEO DIESEL S-10;4191,5
2013;FEV;REGIÃO NORDESTE;SERGIPE;ÓLEO DIESEL S-10;3978,6
2013;MAR;REGIÃO NORDESTE;SERGIPE;ÓLEO DIESEL S-10;4921,6
2013;ABR;REGIÃO NORDESTE;SERGIPE;ÓLEO DIESEL S-10;5369,1
2013;MAI;REGIÃO NORDESTE;SERGIPE;ÓLEO DIESEL S-10;5637,4
2013;JUN;REGIÃO NORDESTE;SERGIPE;ÓLEO DIESEL S-10;5523,9
2013;JUL;REGIÃO NORDESTE;SERGIPE;ÓLEO DIESEL S-10;5940
2013;AGO;REGIÃO NORDESTE;SERGIPE;ÓLEO DIESEL S-10;6896,603
2013;SET;REGIÃO NORDESTE;SERGIPE;ÓLEO DIESEL S-10;7466,738
2013;OUT;REGIÃO NORDESTE;SERGIPE;ÓLEO DIESEL S-10;8139,3
2013;NOV;REGIÃO NORDESTE;SERGIPE;ÓLEO DIESEL S-10;8811
2013;DEZ;REGIÃO NORDESTE;SERGIPE;ÓLEO DIESEL S-10;9882,4
2013;JAN;REGIÃO NORDESTE;BAHIA;ÓLEO DIESEL S-10;25274,123
2013;FEV;REGIÃO NORDESTE;BAHIA;ÓLEO DIESEL S-10;24716,294
2013;MAR;REGIÃO NORDESTE;BAHIA;ÓLEO DIESEL S-10;32029,998
2013;ABR;REGIÃO NORDESTE;BAHIA;ÓLEO DIESEL S-10;35929,155
2013;MAI;REGIÃO NORDESTE;BAHIA;ÓLEO DIESEL S-10;37845,172
2013;JUN;REGIÃO NORDESTE;BAHIA;ÓLEO DIESEL S-10;38125,774
2013;JUL;REGIÃO NORDESTE;BAHIA;ÓLEO DIESEL S-10;43987,387
2013;AGO;REGIÃO NORDESTE;BAHIA;ÓLEO DIESEL S-10;48891,535
2013;SET;REGIÃO NORDESTE;BAHIA;ÓLEO DIESEL S-10;48378,952
2013;OUT;REGIÃO NORDESTE;BAHIA;ÓLEO DIESEL S-10;54640,601
2013;NOV;REGIÃO NORDESTE;BAHIA;ÓLEO DIESEL S-10;55057,999
2013;DEZ;REGIÃO NORDESTE;BAHIA;ÓLEO DIESEL S-10;52917,869
2013;JAN;REGIÃO SUDESTE;MINAS GERAIS;ÓLEO DIESEL S-10;46251,409
2013;FEV;REGIÃO SUDESTE;MINAS GERAIS;ÓLEO DIESEL S-10;45857,426
2013;MAR;REGIÃO SUDESTE;MINAS GERAIS;ÓLEO DIESEL S-10;55960,055
2013;ABR;REGIÃO SUDESTE;MINAS GERAIS;ÓLEO DIESEL S-10;62454,572
2013;MAI;REGIÃO SUDESTE;MINAS GERAIS;ÓLEO DIESEL S-10;70907,448
2013;JUN;REGIÃO SUDESTE;MINAS GERAIS;ÓLEO DIESEL S-10;72272,267
2013;JUL;REGIÃO SUDESTE;MINAS GERAIS;ÓLEO DIESEL S-10;84285,258
2013;AGO;REGIÃO SUDESTE;MINAS GERAIS;ÓLEO DIESEL S-10;92049,299
2013;SET;REGIÃO SUDESTE;MINAS GERAIS;ÓLEO DIESEL S-10;93379,884
2013;OUT;REGIÃO SUDESTE;MINAS GERAIS;ÓLEO DIESEL S-10;102297,806
2013;NOV;REGIÃO SUDESTE;MINAS GERAIS;ÓLEO DIESEL S-10;99560,431
2013;DEZ;REGIÃO SUDESTE;MINAS GERAIS;ÓLEO DIESEL S-10;92958,034
2013;JAN;REGIÃO SUDESTE;ESPÍRITO SANTO;ÓLEO DIESEL S-10;7078
2013;FEV;REGIÃO SUDESTE;ESPÍRITO SANTO;ÓLEO DIESEL S-10;7099
2013;MAR;REGIÃO SUDESTE;ESPÍRITO SANTO;ÓLEO DIESEL S-10;7716
2013;ABR;REGIÃO SUDESTE;ESPÍRITO SANTO;ÓLEO DIESEL S-10;8872
2013;MAI;REGIÃO SUDESTE;ESPÍRITO SANTO;ÓLEO DIESEL S-10;9540
2013;JUN;REGIÃO SUDESTE;ESPÍRITO SANTO;ÓLEO DIESEL S-10;10275
2013;JUL;REGIÃO SUDESTE;ESPÍRITO SANTO;ÓLEO DIESEL S-10;11747,881
2013;AGO;REGIÃO SUDESTE;ESPÍRITO SANTO;ÓLEO DIESEL S-10;13184
2013;SET;REGIÃO SUDESTE;ESPÍRITO SANTO;ÓLEO DIESEL S-10;13020
2013;OUT;REGIÃO SUDESTE;ESPÍRITO SANTO;ÓLEO DIESEL S-10;15320
2013;NOV;REGIÃO SUDESTE;ESPÍRITO SANTO;ÓLEO DIESEL S-10;14655,5
2013;DEZ;REGIÃO SUDESTE;ESPÍRITO SANTO;ÓLEO DIESEL S-10;13948
2013;JAN;REGIÃO SUDESTE;RIO DE JANEIRO;ÓLEO DIESEL S-10;71139,001
2013;FEV;REGIÃO SUDESTE;RIO DE JANEIRO;ÓLEO DIESEL S-10;65754,274
2013;MAR;REGIÃO SUDESTE;RIO DE JANEIRO;ÓLEO DIESEL S-10;74594,983
2013;ABR;REGIÃO SUDESTE;RIO DE JANEIRO;ÓLEO DIESEL S-10;78911,329
2013;MAI;REGIÃO SUDESTE;RIO DE JANEIRO;ÓLEO DIESEL S-10;82835,67
2013;JUN;REGIÃO SUDESTE;RIO DE JANEIRO;ÓLEO DIESEL S-10;83487,671
2013;JUL;REGIÃO SUDESTE;RIO DE JANEIRO;ÓLEO DIESEL S-10;86953,5
2013;AGO;REGIÃO SUDESTE;RIO DE JANEIRO;ÓLEO DIESEL S-10;92614,39
2013;SET;REGIÃO SUDESTE;RIO DE JANEIRO;ÓLEO DIESEL S-10;90431,974
2013;OUT;REGIÃO SUDESTE;RIO DE JANEIRO;ÓLEO DIESEL S-10;98278,895
2013;NOV;REGIÃO SUDESTE;RIO DE JANEIRO;ÓLEO DIESEL S-10;94202,785
2013;DEZ;REGIÃO SUDESTE;RIO DE JANEIRO;ÓLEO DIESEL S-10;94732,917
2013;JAN;REGIÃO SUDESTE;SÃO PAULO;ÓLEO DIESEL S-10;151757,57
2013;FEV;REGIÃO SUDESTE;SÃO PAULO;ÓLEO DIESEL S-10;153253,221
2013;MAR;REGIÃO SUDESTE;SÃO PAULO;ÓLEO DIESEL S-10;185821,01
2013;ABR;REGIÃO SUDESTE;SÃO PAULO;ÓLEO DIESEL S-10;207449,331
2013;MAI;REGIÃO SUDESTE;SÃO PAULO;ÓLEO DIESEL S-10;222614,972
2013;JUN;REGIÃO SUDESTE;SÃO PAULO;ÓLEO DIESEL S-10;217736,003
2013;JUL;REGIÃO SUDESTE;SÃO PAULO;ÓLEO DIESEL S-10;235476,41
2013;AGO;REGIÃO SUDESTE;SÃO PAULO;ÓLEO DIESEL S-10;266501,288
2013;SET;REGIÃO SUDESTE;SÃO PAULO;ÓLEO DIESEL S-10;262685,886
2013;OUT;REGIÃO SUDESTE;SÃO PAULO;ÓLEO DIESEL S-10;285876,211
2013;NOV;REGIÃO SUDESTE;SÃO PAULO;ÓLEO DIESEL S-10;271734,768
2013;DEZ;REGIÃO SUDESTE;SÃO PAULO;ÓLEO DIESEL S-10;255230,24
2013;JAN;REGIÃO SUL;PARANÁ;ÓLEO DIESEL S-10;37690,948
2013;FEV;REGIÃO SUL;PARANÁ;ÓLEO DIESEL S-10;37994,903
2013;MAR;REGIÃO SUL;PARANÁ;ÓLEO DIESEL S-10;46695,023
2013;ABR;REGIÃO SUL;PARANÁ;ÓLEO DIESEL S-10;51823,455
2013;MAI;REGIÃO SUL;PARANÁ;ÓLEO DIESEL S-10;54918,57
2013;JUN;REGIÃO SUL;PARANÁ;ÓLEO DIESEL S-10;54564,884
2013;JUL;REGIÃO SUL;PARANÁ;ÓLEO DIESEL S-10;66333,999
2013;AGO;REGIÃO SUL;PARANÁ;ÓLEO DIESEL S-10;75553,272
2013;SET;REGIÃO SUL;PARANÁ;ÓLEO DIESEL S-10;74408,3
2013;OUT;REGIÃO SUL;PARANÁ;ÓLEO DIESEL S-10;80944,238
2013;NOV;REGIÃO SUL;PARANÁ;ÓLEO DIESEL S-10;81377,296
2013;DEZ;REGIÃO SUL;PARANÁ;ÓLEO DIESEL S-10;75595,409
2013;JAN;REGIÃO SUL;SANTA CATARINA;ÓLEO DIESEL S-10;23309
2013;FEV;REGIÃO SUL;SANTA CATARINA;ÓLEO DIESEL S-10;23796,23
2013;MAR;REGIÃO SUL;SANTA CATARINA;ÓLEO DIESEL S-10;26607,301
2013;ABR;REGIÃO SUL;SANTA CATARINA;ÓLEO DIESEL S-10;30435,327
2013;MAI;REGIÃO SUL;SANTA CATARINA;ÓLEO DIESEL S-10;31415,778
2013;JUN;REGIÃO SUL;SANTA CATARINA;ÓLEO DIESEL S-10;31558,52
2013;JUL;REGIÃO SUL;SANTA CATARINA;ÓLEO DIESEL S-10;37687,368
2013;AGO;REGIÃO SUL;SANTA CATARINA;ÓLEO DIESEL S-10;38837,559
2013;SET;REGIÃO SUL;SANTA CATARINA;ÓLEO DIESEL S-10;40840,832
2013;OUT;REGIÃO SUL;SANTA CATARINA;ÓLEO DIESEL S-10;45511,944
2013;NOV;REGIÃO SUL;SANTA CATARINA;ÓLEO DIESEL S-10;44901,98
2013;DEZ;REGIÃO SUL;SANTA CATARINA;ÓLEO DIESEL S-10;41029,008
2013;JAN;REGIÃO SUL;RIO GRANDE DO SUL;ÓLEO DIESEL S-10;26753,386
2013;FEV;REGIÃO SUL;RIO GRANDE DO SUL;ÓLEO DIESEL S-10;25945,25
2013;MAR;REGIÃO SUL;RIO GRANDE DO SUL;ÓLEO DIESEL S-10;31227,61
2013;ABR;REGIÃO SUL;RIO GRANDE DO SUL;ÓLEO DIESEL S-10;36805,532
2013;MAI;REGIÃO SUL;RIO GRANDE DO SUL;ÓLEO DIESEL S-10;36933,427
2013;JUN;REGIÃO SUL;RIO GRANDE DO SUL;ÓLEO DIESEL S-10;36728,557
2013;JUL;REGIÃO SUL;RIO GRANDE DO SUL;ÓLEO DIESEL S-10;41022,488
2013;AGO;REGIÃO SUL;RIO GRANDE DO SUL;ÓLEO DIESEL S-10;43500,585
2013;SET;REGIÃO SUL;RIO GRANDE DO SUL;ÓLEO DIESEL S-10;43583,61
2013;OUT;REGIÃO SUL;RIO GRANDE DO SUL;ÓLEO DIESEL S-10;49657,07
2013;NOV;REGIÃO SUL;RIO GRANDE DO SUL;ÓLEO DIESEL S-10;48121,41
2013;DEZ;REGIÃO SUL;RIO GRANDE DO SUL;ÓLEO DIESEL S-10;46018,53
2013;JAN;REGIÃO CENTRO-OESTE;MATO GROSSO DO SUL;ÓLEO DIESEL S-10;8782,7
2013;FEV;REGIÃO CENTRO-OESTE;MATO GROSSO DO SUL;ÓLEO DIESEL S-10;10226,1
2013;MAR;REGIÃO CENTRO-OESTE;MATO GROSSO DO SUL;ÓLEO DIESEL S-10;10515,1
2013;ABR;REGIÃO CENTRO-OESTE;MATO GROSSO DO SUL;ÓLEO DIESEL S-10;11226,35
2013;MAI;REGIÃO CENTRO-OESTE;MATO GROSSO DO SUL;ÓLEO DIESEL S-10;14096,1
2013;JUN;REGIÃO CENTRO-OESTE;MATO GROSSO DO SUL;ÓLEO DIESEL S-10;14618,694
2013;JUL;REGIÃO CENTRO-OESTE;MATO GROSSO DO SUL;ÓLEO DIESEL S-10;18952,25
2013;AGO;REGIÃO CENTRO-OESTE;MATO GROSSO DO SUL;ÓLEO DIESEL S-10;20202,2
2013;SET;REGIÃO CENTRO-OESTE;MATO GROSSO DO SUL;ÓLEO DIESEL S-10;20640,4
2013;OUT;REGIÃO CENTRO-OESTE;MATO GROSSO DO SUL;ÓLEO DIESEL S-10;21777,801
2013;NOV;REGIÃO CENTRO-OESTE;MATO GROSSO DO SUL;ÓLEO DIESEL S-10;19831,98
2013;DEZ;REGIÃO CENTRO-OESTE;MATO GROSSO DO SUL;ÓLEO DIESEL S-10;18554,511
2013;JAN;REGIÃO CENTRO-OESTE;MATO GROSSO;ÓLEO DIESEL S-10;14014,786
2013;FEV;REGIÃO CENTRO-OESTE;MATO GROSSO;ÓLEO DIESEL S-10;15429,153
2013;MAR;REGIÃO CENTRO-OESTE;MATO GROSSO;ÓLEO DIESEL S-10;18400,951
2013;ABR;REGIÃO CENTRO-OESTE;MATO GROSSO;ÓLEO DIESEL S-10;19176,119
2013;MAI;REGIÃO CENTRO-OESTE;MATO GROSSO;ÓLEO DIESEL S-10;21404,859
2013;JUN;REGIÃO CENTRO-OESTE;MATO GROSSO;ÓLEO DIESEL S-10;24907,946
2013;JUL;REGIÃO CENTRO-OESTE;MATO GROSSO;ÓLEO DIESEL S-10;28772,752
2013;AGO;REGIÃO CENTRO-OESTE;MATO GROSSO;ÓLEO DIESEL S-10;30427,362
2013;SET;REGIÃO CENTRO-OESTE;MATO GROSSO;ÓLEO DIESEL S-10;32679,356
2013;OUT;REGIÃO CENTRO-OESTE;MATO GROSSO;ÓLEO DIESEL S-10;35346,179
2013;NOV;REGIÃO CENTRO-OESTE;MATO GROSSO;ÓLEO DIESEL S-10;33826,401
2013;DEZ;REGIÃO CENTRO-OESTE;MATO GROSSO;ÓLEO DIESEL S-10;28944,557
2013;JAN;REGIÃO CENTRO-OESTE;GOIÁS;ÓLEO DIESEL S-10;14061,55
2013;FEV;REGIÃO CENTRO-OESTE;GOIÁS;ÓLEO DIESEL S-10;16828,718
2013;MAR;REGIÃO CENTRO-OESTE;GOIÁS;ÓLEO DIESEL S-10;19104,88
2013;ABR;REGIÃO CENTRO-OESTE;GOIÁS;ÓLEO DIESEL S-10;20828,42
2013;MAI;REGIÃO CENTRO-OESTE;GOIÁS;ÓLEO DIESEL S-10;24186,98
2013;JUN;REGIÃO CENTRO-OESTE;GOIÁS;ÓLEO DIESEL S-10;25314,812
2013;JUL;REGIÃO CENTRO-OESTE;GOIÁS;ÓLEO DIESEL S-10;32093,12
2013;AGO;REGIÃO CENTRO-OESTE;GOIÁS;ÓLEO DIESEL S-10;33243,87
2013;SET;REGIÃO CENTRO-OESTE;GOIÁS;ÓLEO DIESEL S-10;34001,26
2013;OUT;REGIÃO CENTRO-OESTE;GOIÁS;ÓLEO DIESEL S-10;38346,63
2013;NOV;REGIÃO CENTRO-OESTE;GOIÁS;ÓLEO DIESEL S-10;35579,127
2013;DEZ;REGIÃO CENTRO-OESTE;GOIÁS;ÓLEO DIESEL S-10;31832,26
2013;JAN;REGIÃO CENTRO-OESTE;DISTRITO FEDERAL;ÓLEO DIESEL S-10;2976,5
2013;FEV;REGIÃO CENTRO-OESTE;DISTRITO FEDERAL;ÓLEO DIESEL S-10;3183,5
2013;MAR;REGIÃO CENTRO-OESTE;DISTRITO FEDERAL;ÓLEO DIESEL S-10;3965,5
2013;ABR;REGIÃO CENTRO-OESTE;DISTRITO FEDERAL;ÓLEO DIESEL S-10;4298
2013;MAI;REGIÃO CENTRO-OESTE;DISTRITO FEDERAL;ÓLEO DIESEL S-10;4608,5
2013;JUN;REGIÃO CENTRO-OESTE;DISTRITO FEDERAL;ÓLEO DIESEL S-10;4584,5
2013;JUL;REGIÃO CENTRO-OESTE;DISTRITO FEDERAL;ÓLEO DIESEL S-10;5428,8
2013;AGO;REGIÃO CENTRO-OESTE;DISTRITO FEDERAL;ÓLEO DIESEL S-10;6098,1
2013;SET;REGIÃO CENTRO-OESTE;DISTRITO FEDERAL;ÓLEO DIESEL S-10;6684
2013;OUT;REGIÃO CENTRO-OESTE;DISTRITO FEDERAL;ÓLEO DIESEL S-10;7867,2
2013;NOV;REGIÃO CENTRO-OESTE;DISTRITO FEDERAL;ÓLEO DIESEL S-10;7946
2013;DEZ;REGIÃO CENTRO-OESTE;DISTRITO FEDERAL;ÓLEO DIESEL S-10;8372,13
2013;JAN;REGIÃO NORTE;RONDÔNIA;ÓLEO DIESEL S-500;263
2013;FEV;REGIÃO NORTE;RONDÔNIA;ÓLEO DIESEL S-500;290
2013;MAR;REGIÃO NORTE;RONDÔNIA;ÓLEO DIESEL S-500;170
2013;ABR;REGIÃO NORTE;RONDÔNIA;ÓLEO DIESEL S-500;205
2013;MAI;REGIÃO NORTE;RONDÔNIA;ÓLEO DIESEL S-500;203
2013;JUN;REGIÃO NORTE;RONDÔNIA;ÓLEO DIESEL S-500;0
2013;JUL;REGIÃO NORTE;RONDÔNIA;ÓLEO DIESEL S-500;0
2013;AGO;REGIÃO NORTE;RONDÔNIA;ÓLEO DIESEL S-500;0
2013;SET;REGIÃO NORTE;RONDÔNIA;ÓLEO DIESEL S-500;0
2013;OUT;REGIÃO NORTE;RONDÔNIA;ÓLEO DIESEL S-500;0
2013;NOV;REGIÃO NORTE;RONDÔNIA;ÓLEO DIESEL S-500;0
2013;DEZ;REGIÃO NORTE;RONDÔNIA;ÓLEO DIESEL S-500;0
2013;JAN;REGIÃO NORTE;ACRE;ÓLEO DIESEL S-500;0
2013;FEV;REGIÃO NORTE;ACRE;ÓLEO DIESEL S-500;0
2013;MAR;REGIÃO NORTE;ACRE;ÓLEO DIESEL S-500;0
2013;ABR;REGIÃO NORTE;ACRE;ÓLEO DIESEL S-500;0
2013;MAI;REGIÃO NORTE;ACRE;ÓLEO DIESEL S-500;0
2013;JUN;REGIÃO NORTE;ACRE;ÓLEO DIESEL S-500;0
2013;JUL;REGIÃO NORTE;ACRE;ÓLEO DIESEL S-500;0
2013;AGO;REGIÃO NORTE;ACRE;ÓLEO DIESEL S-500;0
2013;SET;REGIÃO NORTE;ACRE;ÓLEO DIESEL S-500;0
2013;OUT;REGIÃO NORTE;ACRE;ÓLEO DIESEL S-500;0
2013;NOV;REGIÃO NORTE;ACRE;ÓLEO DIESEL S-500;0
2013;DEZ;REGIÃO NORTE;ACRE;ÓLEO DIESEL S-500;0
2013;JAN;REGIÃO NORTE;AMAZONAS;ÓLEO DIESEL S-500;146
2013;FEV;REGIÃO NORTE;AMAZONAS;ÓLEO DIESEL S-500;126
2013;MAR;REGIÃO NORTE;AMAZONAS;ÓLEO DIESEL S-500;151
2013;ABR;REGIÃO NORTE;AMAZONAS;ÓLEO DIESEL S-500;221
2013;MAI;REGIÃO NORTE;AMAZONAS;ÓLEO DIESEL S-500;179
2013;JUN;REGIÃO NORTE;AMAZONAS;ÓLEO DIESEL S-500;225
2013;JUL;REGIÃO NORTE;AMAZONAS;ÓLEO DIESEL S-500;340
2013;AGO;REGIÃO NORTE;AMAZONAS;ÓLEO DIESEL S-500;423
2013;SET;REGIÃO NORTE;AMAZONAS;ÓLEO DIESEL S-500;369
2013;OUT;REGIÃO NORTE;AMAZONAS;ÓLEO DIESEL S-500;541
2013;NOV;REGIÃO NORTE;AMAZONAS;ÓLEO DIESEL S-500;512
2013;DEZ;REGIÃO NORTE;AMAZONAS;ÓLEO DIESEL S-500;527
2013;JAN;REGIÃO NORTE;RORAIMA;ÓLEO DIESEL S-500;0
2013;FEV;REGIÃO NORTE;RORAIMA;ÓLEO DIESEL S-500;0
2013;MAR;REGIÃO NORTE;RORAIMA;ÓLEO DIESEL S-500;0
2013;ABR;REGIÃO NORTE;RORAIMA;ÓLEO DIESEL S-500;0
2013;MAI;REGIÃO NORTE;RORAIMA;ÓLEO DIESEL S-500;15
2013;JUN;REGIÃO NORTE;RORAIMA;ÓLEO DIESEL S-500;0
2013;JUL;REGIÃO NORTE;RORAIMA;ÓLEO DIESEL S-500;0
2013;AGO;REGIÃO NORTE;RORAIMA;ÓLEO DIESEL S-500;0
2013;SET;REGIÃO NORTE;RORAIMA;ÓLEO DIESEL S-500;0
2013;OUT;REGIÃO NORTE;RORAIMA;ÓLEO DIESEL S-500;40
2013;NOV;REGIÃO NORTE;RORAIMA;ÓLEO DIESEL S-500;10
2013;DEZ;REGIÃO NORTE;RORAIMA;ÓLEO DIESEL S-500;10
2013;JAN;REGIÃO NORTE;PARÁ;ÓLEO DIESEL S-500;538
2013;FEV;REGIÃO NORTE;PARÁ;ÓLEO DIESEL S-500;409
2013;MAR;REGIÃO NORTE;PARÁ;ÓLEO DIESEL S-500;573
2013;ABR;REGIÃO NORTE;PARÁ;ÓLEO DIESEL S-500;598
2013;MAI;REGIÃO NORTE;PARÁ;ÓLEO DIESEL S-500;606
2013;JUN;REGIÃO NORTE;PARÁ;ÓLEO DIESEL S-500;471
2013;JUL;REGIÃO NORTE;PARÁ;ÓLEO DIESEL S-500;2058
2013;AGO;REGIÃO NORTE;PARÁ;ÓLEO DIESEL S-500;2056
2013;SET;REGIÃO NORTE;PARÁ;ÓLEO DIESEL S-500;2142
2013;OUT;REGIÃO NORTE;PARÁ;ÓLEO DIESEL S-500;2309
2013;NOV;REGIÃO NORTE;PARÁ;ÓLEO DIESEL S-500;2260
2013;DEZ;REGIÃO NORTE;PARÁ;ÓLEO DIESEL S-500;2284,5
2013;JAN;REGIÃO NORTE;AMAPÁ;ÓLEO DIESEL S-500;0
2013;FEV;REGIÃO NORTE;AMAPÁ;ÓLEO DIESEL S-500;0
2013;MAR;REGIÃO NORTE;AMAPÁ;ÓLEO DIESEL S-500;0
2013;ABR;REGIÃO NORTE;AMAPÁ;ÓLEO DIESEL S-500;0
2013;MAI;REGIÃO NORTE;AMAPÁ;ÓLEO DIESEL S-500;0
2013;JUN;REGIÃO NORTE;AMAPÁ;ÓLEO DIESEL S-500;0
2013;JUL;REGIÃO NORTE;AMAPÁ;ÓLEO DIESEL S-500;0
2013;AGO;REGIÃO NORTE;AMAPÁ;ÓLEO DIESEL S-500;0
2013;SET;REGIÃO NORTE;AMAPÁ;ÓLEO DIESEL S-500;0
2013;OUT;REGIÃO NORTE;AMAPÁ;ÓLEO DIESEL S-500;0
2013;NOV;REGIÃO NORTE;AMAPÁ;ÓLEO DIESEL S-500;0
2013;DEZ;REGIÃO NORTE;AMAPÁ;ÓLEO DIESEL S-500;0
2013;JAN;REGIÃO NORTE;TOCANTINS;ÓLEO DIESEL S-500;2479
2013;FEV;REGIÃO NORTE;TOCANTINS;ÓLEO DIESEL S-500;2174
2013;MAR;REGIÃO NORTE;TOCANTINS;ÓLEO DIESEL S-500;2616
2013;ABR;REGIÃO NORTE;TOCANTINS;ÓLEO DIESEL S-500;2150,5
2013;MAI;REGIÃO NORTE;TOCANTINS;ÓLEO DIESEL S-500;2224
2013;JUN;REGIÃO NORTE;TOCANTINS;ÓLEO DIESEL S-500;2330,5
2013;JUL;REGIÃO NORTE;TOCANTINS;ÓLEO DIESEL S-500;31068,05
2013;AGO;REGIÃO NORTE;TOCANTINS;ÓLEO DIESEL S-500;32018,1
2013;SET;REGIÃO NORTE;TOCANTINS;ÓLEO DIESEL S-500;30203,9
2013;OUT;REGIÃO NORTE;TOCANTINS;ÓLEO DIESEL S-500;32405,7
2013;NOV;REGIÃO NORTE;TOCANTINS;ÓLEO DIESEL S-500;31309,4
2013;DEZ;REGIÃO NORTE;TOCANTINS;ÓLEO DIESEL S-500;29510,4
2013;JAN;REGIÃO NORDESTE;MARANHÃO;ÓLEO DIESEL S-500;80086,96
2013;FEV;REGIÃO NORDESTE;MARANHÃO;ÓLEO DIESEL S-500;68740,404
2013;MAR;REGIÃO NORDESTE;MARANHÃO;ÓLEO DIESEL S-500;75757,592
2013;ABR;REGIÃO NORDESTE;MARANHÃO;ÓLEO DIESEL S-500;70582,302
2013;MAI;REGIÃO NORDESTE;MARANHÃO;ÓLEO DIESEL S-500;69684,071
2013;JUN;REGIÃO NORDESTE;MARANHÃO;ÓLEO DIESEL S-500;68920,51
2013;JUL;REGIÃO NORDESTE;MARANHÃO;ÓLEO DIESEL S-500;85844,468
2013;AGO;REGIÃO NORDESTE;MARANHÃO;ÓLEO DIESEL S-500;91064,126
2013;SET;REGIÃO NORDESTE;MARANHÃO;ÓLEO DIESEL S-500;86436,605
2013;OUT;REGIÃO NORDESTE;MARANHÃO;ÓLEO DIESEL S-500;90642,798
2013;NOV;REGIÃO NORDESTE;MARANHÃO;ÓLEO DIESEL S-500;87816,255
2013;DEZ;REGIÃO NORDESTE;MARANHÃO;ÓLEO DIESEL S-500;85874,57
2013;JAN;REGIÃO NORDESTE;PIAUÍ;ÓLEO DIESEL S-500;43519,1
2013;FEV;REGIÃO NORDESTE;PIAUÍ;ÓLEO DIESEL S-500;34628,45
2013;MAR;REGIÃO NORDESTE;PIAUÍ;ÓLEO DIESEL S-500;39341,75
2013;ABR;REGIÃO NORDESTE;PIAUÍ;ÓLEO DIESEL S-500;39924,95
2013;MAI;REGIÃO NORDESTE;PIAUÍ;ÓLEO DIESEL S-500;40403
2013;JUN;REGIÃO NORDESTE;PIAUÍ;ÓLEO DIESEL S-500;38153,5
2013;JUL;REGIÃO NORDESTE;PIAUÍ;ÓLEO DIESEL S-500;38534,5
2013;AGO;REGIÃO NORDESTE;PIAUÍ;ÓLEO DIESEL S-500;39142,9
2013;SET;REGIÃO NORDESTE;PIAUÍ;ÓLEO DIESEL S-500;36575,001
2013;OUT;REGIÃO NORDESTE;PIAUÍ;ÓLEO DIESEL S-500;39425
2013;NOV;REGIÃO NORDESTE;PIAUÍ;ÓLEO DIESEL S-500;37907,5
2013;DEZ;REGIÃO NORDESTE;PIAUÍ;ÓLEO DIESEL S-500;36355
2013;JAN;REGIÃO NORDESTE;CEARÁ;ÓLEO DIESEL S-500;2553
2013;FEV;REGIÃO NORDESTE;CEARÁ;ÓLEO DIESEL S-500;2156
2013;MAR;REGIÃO NORDESTE;CEARÁ;ÓLEO DIESEL S-500;2053,5
2013;ABR;REGIÃO NORDESTE;CEARÁ;ÓLEO DIESEL S-500;2063
2013;MAI;REGIÃO NORDESTE;CEARÁ;ÓLEO DIESEL S-500;2021
2013;JUN;REGIÃO NORDESTE;CEARÁ;ÓLEO DIESEL S-500;1897
2013;JUL;REGIÃO NORDESTE;CEARÁ;ÓLEO DIESEL S-500;28519
2013;AGO;REGIÃO NORDESTE;CEARÁ;ÓLEO DIESEL S-500;31291,35
2013;SET;REGIÃO NORDESTE;CEARÁ;ÓLEO DIESEL S-500;27905,571
2013;OUT;REGIÃO NORDESTE;CEARÁ;ÓLEO DIESEL S-500;32719,5
2013;NOV;REGIÃO NORDESTE;CEARÁ;ÓLEO DIESEL S-500;30608,5
2013;DEZ;REGIÃO NORDESTE;CEARÁ;ÓLEO DIESEL S-500;29015
2013;JAN;REGIÃO NORDESTE;RIO GRANDE DO NORTE;ÓLEO DIESEL S-500;9755,1
2013;FEV;REGIÃO NORDESTE;RIO GRANDE DO NORTE;ÓLEO DIESEL S-500;1022,55
2013;MAR;REGIÃO NORDESTE;RIO GRANDE DO NORTE;ÓLEO DIESEL S-500;923
2013;ABR;REGIÃO NORDESTE;RIO GRANDE DO NORTE;ÓLEO DIESEL S-500;1037
2013;MAI;REGIÃO NORDESTE;RIO GRANDE DO NORTE;ÓLEO DIESEL S-500;812
2013;JUN;REGIÃO NORDESTE;RIO GRANDE DO NORTE;ÓLEO DIESEL S-500;746
2013;JUL;REGIÃO NORDESTE;RIO GRANDE DO NORTE;ÓLEO DIESEL S-500;856,5
2013;AGO;REGIÃO NORDESTE;RIO GRANDE DO NORTE;ÓLEO DIESEL S-500;976,5
2013;SET;REGIÃO NORDESTE;RIO GRANDE DO NORTE;ÓLEO DIESEL S-500;823
2013;OUT;REGIÃO NORDESTE;RIO GRANDE DO NORTE;ÓLEO DIESEL S-500;851
2013;NOV;REGIÃO NORDESTE;RIO GRANDE DO NORTE;ÓLEO DIESEL S-500;827
2013;DEZ;REGIÃO NORDESTE;RIO GRANDE DO NORTE;ÓLEO DIESEL S-500;837,5
2013;JAN;REGIÃO NORDESTE;PARAÍBA;ÓLEO DIESEL S-500;38591,16
2013;FEV;REGIÃO NORDESTE;PARAÍBA;ÓLEO DIESEL S-500;34810,35
2013;MAR;REGIÃO NORDESTE;PARAÍBA;ÓLEO DIESEL S-500;35338,492
2013;ABR;REGIÃO NORDESTE;PARAÍBA;ÓLEO DIESEL S-500;36670,84
2013;MAI;REGIÃO NORDESTE;PARAÍBA;ÓLEO DIESEL S-500;35008,385
2013;JUN;REGIÃO NORDESTE;PARAÍBA;ÓLEO DIESEL S-500;32459,287
2013;JUL;REGIÃO NORDESTE;PARAÍBA;ÓLEO DIESEL S-500;34002,44
2013;AGO;REGIÃO NORDESTE;PARAÍBA;ÓLEO DIESEL S-500;34259,72
2013;SET;REGIÃO NORDESTE;PARAÍBA;ÓLEO DIESEL S-500;34190,45
2013;OUT;REGIÃO NORDESTE;PARAÍBA;ÓLEO DIESEL S-500;37663,64
2013;NOV;REGIÃO NORDESTE;PARAÍBA;ÓLEO DIESEL S-500;36397,73
2013;DEZ;REGIÃO NORDESTE;PARAÍBA;ÓLEO DIESEL S-500;34519,285
2013;JAN;REGIÃO NORDESTE;PERNAMBUCO;ÓLEO DIESEL S-500;65552,1
2013;FEV;REGIÃO NORDESTE;PERNAMBUCO;ÓLEO DIESEL S-500;57662,151
2013;MAR;REGIÃO NORDESTE;PERNAMBUCO;ÓLEO DIESEL S-500;60474,62
2013;ABR;REGIÃO NORDESTE;PERNAMBUCO;ÓLEO DIESEL S-500;66118,111
2013;MAI;REGIÃO NORDESTE;PERNAMBUCO;ÓLEO DIESEL S-500;65939,199
2013;JUN;REGIÃO NORDESTE;PERNAMBUCO;ÓLEO DIESEL S-500;54190,45
2013;JUL;REGIÃO NORDESTE;PERNAMBUCO;ÓLEO DIESEL S-500;57959,5
2013;AGO;REGIÃO NORDESTE;PERNAMBUCO;ÓLEO DIESEL S-500;59777,25
2013;SET;REGIÃO NORDESTE;PERNAMBUCO;ÓLEO DIESEL S-500;61901,7
2013;OUT;REGIÃO NORDESTE;PERNAMBUCO;ÓLEO DIESEL S-500;68962,723
2013;NOV;REGIÃO NORDESTE;PERNAMBUCO;ÓLEO DIESEL S-500;68270,065
2013;DEZ;REGIÃO NORDESTE;PERNAMBUCO;ÓLEO DIESEL S-500;62237,501
2013;JAN;REGIÃO NORDESTE;ALAGOAS;ÓLEO DIESEL S-500;37199
2013;FEV;REGIÃO NORDESTE;ALAGOAS;ÓLEO DIESEL S-500;32000,185
2013;MAR;REGIÃO NORDESTE;ALAGOAS;ÓLEO DIESEL S-500;29449
2013;ABR;REGIÃO NORDESTE;ALAGOAS;ÓLEO DIESEL S-500;26197
2013;MAI;REGIÃO NORDESTE;ALAGOAS;ÓLEO DIESEL S-500;24103,5
2013;JUN;REGIÃO NORDESTE;ALAGOAS;ÓLEO DIESEL S-500;21974
2013;JUL;REGIÃO NORDESTE;ALAGOAS;ÓLEO DIESEL S-500;23372,5
2013;AGO;REGIÃO NORDESTE;ALAGOAS;ÓLEO DIESEL S-500;24623
2013;SET;REGIÃO NORDESTE;ALAGOAS;ÓLEO DIESEL S-500;25291
2013;OUT;REGIÃO NORDESTE;ALAGOAS;ÓLEO DIESEL S-500;31949,089
2013;NOV;REGIÃO NORDESTE;ALAGOAS;ÓLEO DIESEL S-500;33588,97
2013;DEZ;REGIÃO NORDESTE;ALAGOAS;ÓLEO DIESEL S-500;32434
2013;JAN;REGIÃO NORDESTE;SERGIPE;ÓLEO DIESEL S-500;25872,1
2013;FEV;REGIÃO NORDESTE;SERGIPE;ÓLEO DIESEL S-500;22924
2013;MAR;REGIÃO NORDESTE;SERGIPE;ÓLEO DIESEL S-500;24378,1
2013;ABR;REGIÃO NORDESTE;SERGIPE;ÓLEO DIESEL S-500;25354,8
2013;MAI;REGIÃO NORDESTE;SERGIPE;ÓLEO DIESEL S-500;25169,9
2013;JUN;REGIÃO NORDESTE;SERGIPE;ÓLEO DIESEL S-500;21132,5
2013;JUL;REGIÃO NORDESTE;SERGIPE;ÓLEO DIESEL S-500;21781,1
2013;AGO;REGIÃO NORDESTE;SERGIPE;ÓLEO DIESEL S-500;23300,8
2013;SET;REGIÃO NORDESTE;SERGIPE;ÓLEO DIESEL S-500;22426,5
2013;OUT;REGIÃO NORDESTE;SERGIPE;ÓLEO DIESEL S-500;24354,1
2013;NOV;REGIÃO NORDESTE;SERGIPE;ÓLEO DIESEL S-500;23705,3
2013;DEZ;REGIÃO NORDESTE;SERGIPE;ÓLEO DIESEL S-500;24847,1
2013;JAN;REGIÃO NORDESTE;BAHIA;ÓLEO DIESEL S-500;145162,504
2013;FEV;REGIÃO NORDESTE;BAHIA;ÓLEO DIESEL S-500;146585,672
2013;MAR;REGIÃO NORDESTE;BAHIA;ÓLEO DIESEL S-500;156863,11
2013;ABR;REGIÃO NORDESTE;BAHIA;ÓLEO DIESEL S-500;163165,95
2013;MAI;REGIÃO NORDESTE;BAHIA;ÓLEO DIESEL S-500;157747,43
2013;JUN;REGIÃO NORDESTE;BAHIA;ÓLEO DIESEL S-500;136656,006
2013;JUL;REGIÃO NORDESTE;BAHIA;ÓLEO DIESEL S-500;240402,282
2013;AGO;REGIÃO NORDESTE;BAHIA;ÓLEO DIESEL S-500;239669,856
2013;SET;REGIÃO NORDESTE;BAHIA;ÓLEO DIESEL S-500;222814,795
2013;OUT;REGIÃO NORDESTE;BAHIA;ÓLEO DIESEL S-500;240737,51
2013;NOV;REGIÃO NORDESTE;BAHIA;ÓLEO DIESEL S-500;222538,336
2013;DEZ;REGIÃO NORDESTE;BAHIA;ÓLEO DIESEL S-500;203730,652
2013;JAN;REGIÃO SUDESTE;MINAS GERAIS;ÓLEO DIESEL S-500;179420,37
2013;FEV;REGIÃO SUDESTE;MINAS GERAIS;ÓLEO DIESEL S-500;165838,486
2013;MAR;REGIÃO SUDESTE;MINAS GERAIS;ÓLEO DIESEL S-500;184122,709
2013;ABR;REGIÃO SUDESTE;MINAS GERAIS;ÓLEO DIESEL S-500;189650,2
2013;MAI;REGIÃO SUDESTE;MINAS GERAIS;ÓLEO DIESEL S-500;191473,411
2013;JUN;REGIÃO SUDESTE;MINAS GERAIS;ÓLEO DIESEL S-500;179753,914
2013;JUL;REGIÃO SUDESTE;MINAS GERAIS;ÓLEO DIESEL S-500;221816,946
2013;AGO;REGIÃO SUDESTE;MINAS GERAIS;ÓLEO DIESEL S-500;234116,867
2013;SET;REGIÃO SUDESTE;MINAS GERAIS;ÓLEO DIESEL S-500;220656,52
2013;OUT;REGIÃO SUDESTE;MINAS GERAIS;ÓLEO DIESEL S-500;230895,25
2013;NOV;REGIÃO SUDESTE;MINAS GERAIS;ÓLEO DIESEL S-500;213177,548
2013;DEZ;REGIÃO SUDESTE;MINAS GERAIS;ÓLEO DIESEL S-500;189386,818
2013;JAN;REGIÃO SUDESTE;ESPÍRITO SANTO;ÓLEO DIESEL S-500;84710,896
2013;FEV;REGIÃO SUDESTE;ESPÍRITO SANTO;ÓLEO DIESEL S-500;75339,847
2013;MAR;REGIÃO SUDESTE;ESPÍRITO SANTO;ÓLEO DIESEL S-500;80869,151
2013;ABR;REGIÃO SUDESTE;ESPÍRITO SANTO;ÓLEO DIESEL S-500;82877,458
2013;MAI;REGIÃO SUDESTE;ESPÍRITO SANTO;ÓLEO DIESEL S-500;87579,601
2013;JUN;REGIÃO SUDESTE;ESPÍRITO SANTO;ÓLEO DIESEL S-500;80381,005
2013;JUL;REGIÃO SUDESTE;ESPÍRITO SANTO;ÓLEO DIESEL S-500;85413,024
2013;AGO;REGIÃO SUDESTE;ESPÍRITO SANTO;ÓLEO DIESEL S-500;88926,941
2013;SET;REGIÃO SUDESTE;ESPÍRITO SANTO;ÓLEO DIESEL S-500;83340,142
2013;OUT;REGIÃO SUDESTE;ESPÍRITO SANTO;ÓLEO DIESEL S-500;88666,784
2013;NOV;REGIÃO SUDESTE;ESPÍRITO SANTO;ÓLEO DIESEL S-500;80290,274
2013;DEZ;REGIÃO SUDESTE;ESPÍRITO SANTO;ÓLEO DIESEL S-500;68018,866
2013;JAN;REGIÃO SUDESTE;RIO DE JANEIRO;ÓLEO DIESEL S-500;88177,097
2013;FEV;REGIÃO SUDESTE;RIO DE JANEIRO;ÓLEO DIESEL S-500;77421,978
2013;MAR;REGIÃO SUDESTE;RIO DE JANEIRO;ÓLEO DIESEL S-500;87962,21
2013;ABR;REGIÃO SUDESTE;RIO DE JANEIRO;ÓLEO DIESEL S-500;88658,393
2013;MAI;REGIÃO SUDESTE;RIO DE JANEIRO;ÓLEO DIESEL S-500;87335,139
2013;JUN;REGIÃO SUDESTE;RIO DE JANEIRO;ÓLEO DIESEL S-500;81764,312
2013;JUL;REGIÃO SUDESTE;RIO DE JANEIRO;ÓLEO DIESEL S-500;82454,598
2013;AGO;REGIÃO SUDESTE;RIO DE JANEIRO;ÓLEO DIESEL S-500;88393,524
2013;SET;REGIÃO SUDESTE;RIO DE JANEIRO;ÓLEO DIESEL S-500;79460,928
2013;OUT;REGIÃO SUDESTE;RIO DE JANEIRO;ÓLEO DIESEL S-500;83121,974
2013;NOV;REGIÃO SUDESTE;RIO DE JANEIRO;ÓLEO DIESEL S-500;76102,229
2013;DEZ;REGIÃO SUDESTE;RIO DE JANEIRO;ÓLEO DIESEL S-500;72483,049
2013;JAN;REGIÃO SUDESTE;SÃO PAULO;ÓLEO DIESEL S-500;594835,551
2013;FEV;REGIÃO SUDESTE;SÃO PAULO;ÓLEO DIESEL S-500;565228,508
2013;MAR;REGIÃO SUDESTE;SÃO PAULO;ÓLEO DIESEL S-500;625831,24
2013;ABR;REGIÃO SUDESTE;SÃO PAULO;ÓLEO DIESEL S-500;674583,774
2013;MAI;REGIÃO SUDESTE;SÃO PAULO;ÓLEO DIESEL S-500;677966,693
2013;JUN;REGIÃO SUDESTE;SÃO PAULO;ÓLEO DIESEL S-500;628861,003
2013;JUL;REGIÃO SUDESTE;SÃO PAULO;ÓLEO DIESEL S-500;669362,956
2013;AGO;REGIÃO SUDESTE;SÃO PAULO;ÓLEO DIESEL S-500;732605,439
2013;SET;REGIÃO SUDESTE;SÃO PAULO;ÓLEO DIESEL S-500;650259,106
2013;OUT;REGIÃO SUDESTE;SÃO PAULO;ÓLEO DIESEL S-500;695819,145
2013;NOV;REGIÃO SUDESTE;SÃO PAULO;ÓLEO DIESEL S-500;633832,062
2013;DEZ;REGIÃO SUDESTE;SÃO PAULO;ÓLEO DIESEL S-500;541088,441
2013;JAN;REGIÃO SUL;PARANÁ;ÓLEO DIESEL S-500;332135,66
2013;FEV;REGIÃO SUL;PARANÁ;ÓLEO DIESEL S-500;327480,972
2013;MAR;REGIÃO SUL;PARANÁ;ÓLEO DIESEL S-500;351090,878
2013;ABR;REGIÃO SUL;PARANÁ;ÓLEO DIESEL S-500;357795,986
2013;MAI;REGIÃO SUL;PARANÁ;ÓLEO DIESEL S-500;341786,96
2013;JUN;REGIÃO SUL;PARANÁ;ÓLEO DIESEL S-500;316169,978
2013;JUL;REGIÃO SUL;PARANÁ;ÓLEO DIESEL S-500;381434,174
2013;AGO;REGIÃO SUL;PARANÁ;ÓLEO DIESEL S-500;407355,384
2013;SET;REGIÃO SUL;PARANÁ;ÓLEO DIESEL S-500;359905,7
2013;OUT;REGIÃO SUL;PARANÁ;ÓLEO DIESEL S-500;389814,616
2013;NOV;REGIÃO SUL;PARANÁ;ÓLEO DIESEL S-500;352291,012
2013;DEZ;REGIÃO SUL;PARANÁ;ÓLEO DIESEL S-500;292196,003
2013;JAN;REGIÃO SUL;SANTA CATARINA;ÓLEO DIESEL S-500;96765,766
2013;FEV;REGIÃO SUL;SANTA CATARINA;ÓLEO DIESEL S-500;90190,305
2013;MAR;REGIÃO SUL;SANTA CATARINA;ÓLEO DIESEL S-500;95974,693
2013;ABR;REGIÃO SUL;SANTA CATARINA;ÓLEO DIESEL S-500;108014,698
2013;MAI;REGIÃO SUL;SANTA CATARINA;ÓLEO DIESEL S-500;107605,719
2013;JUN;REGIÃO SUL;SANTA CATARINA;ÓLEO DIESEL S-500;98701,298
2013;JUL;REGIÃO SUL;SANTA CATARINA;ÓLEO DIESEL S-500;107368,074
2013;AGO;REGIÃO SUL;SANTA CATARINA;ÓLEO DIESEL S-500;113408,784
2013;SET;REGIÃO SUL;SANTA CATARINA;ÓLEO DIESEL S-500;102883,019
2013;OUT;REGIÃO SUL;SANTA CATARINA;ÓLEO DIESEL S-500;113209,097
2013;NOV;REGIÃO SUL;SANTA CATARINA;ÓLEO DIESEL S-500;104760,211
2013;DEZ;REGIÃO SUL;SANTA CATARINA;ÓLEO DIESEL S-500;86718,073
2013;JAN;REGIÃO SUL;RIO GRANDE DO SUL;ÓLEO DIESEL S-500;90075,264
2013;FEV;REGIÃO SUL;RIO GRANDE DO SUL;ÓLEO DIESEL S-500;81379,78
2013;MAR;REGIÃO SUL;RIO GRANDE DO SUL;ÓLEO DIESEL S-500;92444,418
2013;ABR;REGIÃO SUL;RIO GRANDE DO SUL;ÓLEO DIESEL S-500;98326,308
2013;MAI;REGIÃO SUL;RIO GRANDE DO SUL;ÓLEO DIESEL S-500;89934,905
2013;JUN;REGIÃO SUL;RIO GRANDE DO SUL;ÓLEO DIESEL S-500;83742,748
2013;JUL;REGIÃO SUL;RIO GRANDE DO SUL;ÓLEO DIESEL S-500;91340,459
2013;AGO;REGIÃO SUL;RIO GRANDE DO SUL;ÓLEO DIESEL S-500;93165,71
2013;SET;REGIÃO SUL;RIO GRANDE DO SUL;ÓLEO DIESEL S-500;87014,92
2013;OUT;REGIÃO SUL;RIO GRANDE DO SUL;ÓLEO DIESEL S-500;99658,27
2013;NOV;REGIÃO SUL;RIO GRANDE DO SUL;ÓLEO DIESEL S-500;93550,715
2013;DEZ;REGIÃO SUL;RIO GRANDE DO SUL;ÓLEO DIESEL S-500;83739,302
2013;JAN;REGIÃO CENTRO-OESTE;MATO GROSSO DO SUL;ÓLEO DIESEL S-500;4657,24
2013;FEV;REGIÃO CENTRO-OESTE;MATO GROSSO DO SUL;ÓLEO DIESEL S-500;5890,73
2013;MAR;REGIÃO CENTRO-OESTE;MATO GROSSO DO SUL;ÓLEO DIESEL S-500;4099,54
2013;ABR;REGIÃO CENTRO-OESTE;MATO GROSSO DO SUL;ÓLEO DIESEL S-500;2963,5
2013;MAI;REGIÃO CENTRO-OESTE;MATO GROSSO DO SUL;ÓLEO DIESEL S-500;3030,57
2013;JUN;REGIÃO CENTRO-OESTE;MATO GROSSO DO SUL;ÓLEO DIESEL S-500;2955,05
2013;JUL;REGIÃO CENTRO-OESTE;MATO GROSSO DO SUL;ÓLEO DIESEL S-500;5971,37
2013;AGO;REGIÃO CENTRO-OESTE;MATO GROSSO DO SUL;ÓLEO DIESEL S-500;6572,12
2013;SET;REGIÃO CENTRO-OESTE;MATO GROSSO DO SUL;ÓLEO DIESEL S-500;4899,57
2013;OUT;REGIÃO CENTRO-OESTE;MATO GROSSO DO SUL;ÓLEO DIESEL S-500;5835,07
2013;NOV;REGIÃO CENTRO-OESTE;MATO GROSSO DO SUL;ÓLEO DIESEL S-500;4360,48
2013;DEZ;REGIÃO CENTRO-OESTE;MATO GROSSO DO SUL;ÓLEO DIESEL S-500;3342,67
2013;JAN;REGIÃO CENTRO-OESTE;MATO GROSSO;ÓLEO DIESEL S-500;981,225
2013;FEV;REGIÃO CENTRO-OESTE;MATO GROSSO;ÓLEO DIESEL S-500;1239,01
2013;MAR;REGIÃO CENTRO-OESTE;MATO GROSSO;ÓLEO DIESEL S-500;989,704
2013;ABR;REGIÃO CENTRO-OESTE;MATO GROSSO;ÓLEO DIESEL S-500;974,374
2013;MAI;REGIÃO CENTRO-OESTE;MATO GROSSO;ÓLEO DIESEL S-500;533,634
2013;JUN;REGIÃO CENTRO-OESTE;MATO GROSSO;ÓLEO DIESEL S-500;382,39
2013;JUL;REGIÃO CENTRO-OESTE;MATO GROSSO;ÓLEO DIESEL S-500;1266,409
2013;AGO;REGIÃO CENTRO-OESTE;MATO GROSSO;ÓLEO DIESEL S-500;1815,131
2013;SET;REGIÃO CENTRO-OESTE;MATO GROSSO;ÓLEO DIESEL S-500;2172,611
2013;OUT;REGIÃO CENTRO-OESTE;MATO GROSSO;ÓLEO DIESEL S-500;3370,617
2013;NOV;REGIÃO CENTRO-OESTE;MATO GROSSO;ÓLEO DIESEL S-500;2818,7
2013;DEZ;REGIÃO CENTRO-OESTE;MATO GROSSO;ÓLEO DIESEL S-500;2344,773
2013;JAN;REGIÃO CENTRO-OESTE;GOIÁS;ÓLEO DIESEL S-500;725
2013;FEV;REGIÃO CENTRO-OESTE;GOIÁS;ÓLEO DIESEL S-500;350
2013;MAR;REGIÃO CENTRO-OESTE;GOIÁS;ÓLEO DIESEL S-500;661
2013;ABR;REGIÃO CENTRO-OESTE;GOIÁS;ÓLEO DIESEL S-500;521
2013;MAI;REGIÃO CENTRO-OESTE;GOIÁS;ÓLEO DIESEL S-500;675
2013;JUN;REGIÃO CENTRO-OESTE;GOIÁS;ÓLEO DIESEL S-500;669
2013;JUL;REGIÃO CENTRO-OESTE;GOIÁS;ÓLEO DIESEL S-500;2622
2013;AGO;REGIÃO CENTRO-OESTE;GOIÁS;ÓLEO DIESEL S-500;5248,9
2013;SET;REGIÃO CENTRO-OESTE;GOIÁS;ÓLEO DIESEL S-500;5587,7
2013;OUT;REGIÃO CENTRO-OESTE;GOIÁS;ÓLEO DIESEL S-500;4935,6
2013;NOV;REGIÃO CENTRO-OESTE;GOIÁS;ÓLEO DIESEL S-500;3905,4
2013;DEZ;REGIÃO CENTRO-OESTE;GOIÁS;ÓLEO DIESEL S-500;2880,3
2013;JAN;REGIÃO CENTRO-OESTE;DISTRITO FEDERAL;ÓLEO DIESEL S-500;15
2013;FEV;REGIÃO CENTRO-OESTE;DISTRITO FEDERAL;ÓLEO DIESEL S-500;5
2013;MAR;REGIÃO CENTRO-OESTE;DISTRITO FEDERAL;ÓLEO DIESEL S-500;0
2013;ABR;REGIÃO CENTRO-OESTE;DISTRITO FEDERAL;ÓLEO DIESEL S-500;0
2013;MAI;REGIÃO CENTRO-OESTE;DISTRITO FEDERAL;ÓLEO DIESEL S-500;0
2013;JUN;REGIÃO CENTRO-OESTE;DISTRITO FEDERAL;ÓLEO DIESEL S-500;0
2013;JUL;REGIÃO CENTRO-OESTE;DISTRITO FEDERAL;ÓLEO DIESEL S-500;5
2013;AGO;REGIÃO CENTRO-OESTE;DISTRITO FEDERAL;ÓLEO DIESEL S-500;0
2013;SET;REGIÃO CENTRO-OESTE;DISTRITO FEDERAL;ÓLEO DIESEL S-500;0
2013;OUT;REGIÃO CENTRO-OESTE;DISTRITO FEDERAL;ÓLEO DIESEL S-500;20
2013;NOV;REGIÃO CENTRO-OESTE;DISTRITO FEDERAL;ÓLEO DIESEL S-500;0
2013;DEZ;REGIÃO CENTRO-OESTE;DISTRITO FEDERAL;ÓLEO DIESEL S-500;0
2013;JAN;REGIÃO NORTE;RONDÔNIA;ÓLEO DIESEL S-1800;52522,464
2013;FEV;REGIÃO NORTE;RONDÔNIA;ÓLEO DIESEL S-1800;47880,411
2013;MAR;REGIÃO NORTE;RONDÔNIA;ÓLEO DIESEL S-1800;54380,456
2013;ABR;REGIÃO NORTE;RONDÔNIA;ÓLEO DIESEL S-1800;55859,538
2013;MAI;REGIÃO NORTE;RONDÔNIA;ÓLEO DIESEL S-1800;58548,215
2013;JUN;REGIÃO NORTE;RONDÔNIA;ÓLEO DIESEL S-1800;57316,03
2013;JUL;REGIÃO NORTE;RONDÔNIA;ÓLEO DIESEL S-1800;60831,787
2013;AGO;REGIÃO NORTE;RONDÔNIA;ÓLEO DIESEL S-1800;62459,226
2013;SET;REGIÃO NORTE;RONDÔNIA;ÓLEO DIESEL S-1800;54570,629
2013;OUT;REGIÃO NORTE;RONDÔNIA;ÓLEO DIESEL S-1800;61806,043
2013;NOV;REGIÃO NORTE;RONDÔNIA;ÓLEO DIESEL S-1800;57128,718
2013;DEZ;REGIÃO NORTE;RONDÔNIA;ÓLEO DIESEL S-1800;51712,357
2013;JAN;REGIÃO NORTE;ACRE;ÓLEO DIESEL S-1800;10143,361
2013;FEV;REGIÃO NORTE;ACRE;ÓLEO DIESEL S-1800;11170,935
2013;MAR;REGIÃO NORTE;ACRE;ÓLEO DIESEL S-1800;9642
2013;ABR;REGIÃO NORTE;ACRE;ÓLEO DIESEL S-1800;11302,5
2013;MAI;REGIÃO NORTE;ACRE;ÓLEO DIESEL S-1800;12034
2013;JUN;REGIÃO NORTE;ACRE;ÓLEO DIESEL S-1800;12136
2013;JUL;REGIÃO NORTE;ACRE;ÓLEO DIESEL S-1800;13515,5
2013;AGO;REGIÃO NORTE;ACRE;ÓLEO DIESEL S-1800;14032
2013;SET;REGIÃO NORTE;ACRE;ÓLEO DIESEL S-1800;13589
2013;OUT;REGIÃO NORTE;ACRE;ÓLEO DIESEL S-1800;14139,166
2013;NOV;REGIÃO NORTE;ACRE;ÓLEO DIESEL S-1800;12430,431
2013;DEZ;REGIÃO NORTE;ACRE;ÓLEO DIESEL S-1800;11134
2013;JAN;REGIÃO NORTE;AMAZONAS;ÓLEO DIESEL S-1800;93448,995
2013;FEV;REGIÃO NORTE;AMAZONAS;ÓLEO DIESEL S-1800;88319,854
2013;MAR;REGIÃO NORTE;AMAZONAS;ÓLEO DIESEL S-1800;93966,685
2013;ABR;REGIÃO NORTE;AMAZONAS;ÓLEO DIESEL S-1800;100811,432
2013;MAI;REGIÃO NORTE;AMAZONAS;ÓLEO DIESEL S-1800;99655,81
2013;JUN;REGIÃO NORTE;AMAZONAS;ÓLEO DIESEL S-1800;98451,242
2013;JUL;REGIÃO NORTE;AMAZONAS;ÓLEO DIESEL S-1800;106334,216
2013;AGO;REGIÃO NORTE;AMAZONAS;ÓLEO DIESEL S-1800;105654,183
2013;SET;REGIÃO NORTE;AMAZONAS;ÓLEO DIESEL S-1800;97615,793
2013;OUT;REGIÃO NORTE;AMAZONAS;ÓLEO DIESEL S-1800;106329,478
2013;NOV;REGIÃO NORTE;AMAZONAS;ÓLEO DIESEL S-1800;84727,839
2013;DEZ;REGIÃO NORTE;AMAZONAS;ÓLEO DIESEL S-1800;90608,085
2013;JAN;REGIÃO NORTE;RORAIMA;ÓLEO DIESEL S-1800;7943,6
2013;FEV;REGIÃO NORTE;RORAIMA;ÓLEO DIESEL S-1800;7176,4
2013;MAR;REGIÃO NORTE;RORAIMA;ÓLEO DIESEL S-1800;8582,4
2013;ABR;REGIÃO NORTE;RORAIMA;ÓLEO DIESEL S-1800;9354,6
2013;MAI;REGIÃO NORTE;RORAIMA;ÓLEO DIESEL S-1800;5977,2
2013;JUN;REGIÃO NORTE;RORAIMA;ÓLEO DIESEL S-1800;5592,6
2013;JUL;REGIÃO NORTE;RORAIMA;ÓLEO DIESEL S-1800;5540
2013;AGO;REGIÃO NORTE;RORAIMA;ÓLEO DIESEL S-1800;5462,8
2013;SET;REGIÃO NORTE;RORAIMA;ÓLEO DIESEL S-1800;6778,6
2013;OUT;REGIÃO NORTE;RORAIMA;ÓLEO DIESEL S-1800;8959,2
2013;NOV;REGIÃO NORTE;RORAIMA;ÓLEO DIESEL S-1800;8281,2
2013;DEZ;REGIÃO NORTE;RORAIMA;ÓLEO DIESEL S-1800;8260,6
2013;JAN;REGIÃO NORTE;PARÁ;ÓLEO DIESEL S-1800;120707,549
2013;FEV;REGIÃO NORTE;PARÁ;ÓLEO DIESEL S-1800;110801,716
2013;MAR;REGIÃO NORTE;PARÁ;ÓLEO DIESEL S-1800;118150,267
2013;ABR;REGIÃO NORTE;PARÁ;ÓLEO DIESEL S-1800;122332,626
2013;MAI;REGIÃO NORTE;PARÁ;ÓLEO DIESEL S-1800;124074,282
2013;JUN;REGIÃO NORTE;PARÁ;ÓLEO DIESEL S-1800;132001,242
2013;JUL;REGIÃO NORTE;PARÁ;ÓLEO DIESEL S-1800;138496,156
2013;AGO;REGIÃO NORTE;PARÁ;ÓLEO DIESEL S-1800;137975,104
2013;SET;REGIÃO NORTE;PARÁ;ÓLEO DIESEL S-1800;138045,44
2013;OUT;REGIÃO NORTE;PARÁ;ÓLEO DIESEL S-1800;152303,698
2013;NOV;REGIÃO NORTE;PARÁ;ÓLEO DIESEL S-1800;143421,638
2013;DEZ;REGIÃO NORTE;PARÁ;ÓLEO DIESEL S-1800;131977,261
2013;JAN;REGIÃO NORTE;AMAPÁ;ÓLEO DIESEL S-1800;36186,304
2013;FEV;REGIÃO NORTE;AMAPÁ;ÓLEO DIESEL S-1800;32264,727
2013;MAR;REGIÃO NORTE;AMAPÁ;ÓLEO DIESEL S-1800;34540,526
2013;ABR;REGIÃO NORTE;AMAPÁ;ÓLEO DIESEL S-1800;34333,214
2013;MAI;REGIÃO NORTE;AMAPÁ;ÓLEO DIESEL S-1800;34931,727
2013;JUN;REGIÃO NORTE;AMAPÁ;ÓLEO DIESEL S-1800;36902,285
2013;JUL;REGIÃO NORTE;AMAPÁ;ÓLEO DIESEL S-1800;37319,415
2013;AGO;REGIÃO NORTE;AMAPÁ;ÓLEO DIESEL S-1800;42685,101
2013;SET;REGIÃO NORTE;AMAPÁ;ÓLEO DIESEL S-1800;40910,267
2013;OUT;REGIÃO NORTE;AMAPÁ;ÓLEO DIESEL S-1800;48949,993
2013;NOV;REGIÃO NORTE;AMAPÁ;ÓLEO DIESEL S-1800;51272,454
2013;DEZ;REGIÃO NORTE;AMAPÁ;ÓLEO DIESEL S-1800;45658,66
2013;JAN;REGIÃO NORTE;TOCANTINS;ÓLEO DIESEL S-1800;50208,4
2013;FEV;REGIÃO NORTE;TOCANTINS;ÓLEO DIESEL S-1800;49155,45
2013;MAR;REGIÃO NORTE;TOCANTINS;ÓLEO DIESEL S-1800;58429,3
2013;ABR;REGIÃO NORTE;TOCANTINS;ÓLEO DIESEL S-1800;59983,65
2013;MAI;REGIÃO NORTE;TOCANTINS;ÓLEO DIESEL S-1800;58116,55
2013;JUN;REGIÃO NORTE;TOCANTINS;ÓLEO DIESEL S-1800;55001,998
2013;JUL;REGIÃO NORTE;TOCANTINS;ÓLEO DIESEL S-1800;30244,55
2013;AGO;REGIÃO NORTE;TOCANTINS;ÓLEO DIESEL S-1800;31922,35
2013;SET;REGIÃO NORTE;TOCANTINS;ÓLEO DIESEL S-1800;30799,95
2013;OUT;REGIÃO NORTE;TOCANTINS;ÓLEO DIESEL S-1800;32552,1
2013;NOV;REGIÃO NORTE;TOCANTINS;ÓLEO DIESEL S-1800;31881,6
2013;DEZ;REGIÃO NORTE;TOCANTINS;ÓLEO DIESEL S-1800;25902,687
2013;JAN;REGIÃO NORDESTE;MARANHÃO;ÓLEO DIESEL S-1800;11817
2013;FEV;REGIÃO NORDESTE;MARANHÃO;ÓLEO DIESEL S-1800;10551
2013;MAR;REGIÃO NORDESTE;MARANHÃO;ÓLEO DIESEL S-1800;12082,6
2013;ABR;REGIÃO NORDESTE;MARANHÃO;ÓLEO DIESEL S-1800;12291,8
2013;MAI;REGIÃO NORDESTE;MARANHÃO;ÓLEO DIESEL S-1800;12043
2013;JUN;REGIÃO NORDESTE;MARANHÃO;ÓLEO DIESEL S-1800;12138
2013;JUL;REGIÃO NORDESTE;MARANHÃO;ÓLEO DIESEL S-1800;60
2013;AGO;REGIÃO NORDESTE;MARANHÃO;ÓLEO DIESEL S-1800;15
2013;SET;REGIÃO NORDESTE;MARANHÃO;ÓLEO DIESEL S-1800;0
2013;OUT;REGIÃO NORDESTE;MARANHÃO;ÓLEO DIESEL S-1800;0
2013;NOV;REGIÃO NORDESTE;MARANHÃO;ÓLEO DIESEL S-1800;0
2013;DEZ;REGIÃO NORDESTE;MARANHÃO;ÓLEO DIESEL S-1800;0
2013;JAN;REGIÃO NORDESTE;PIAUÍ;ÓLEO DIESEL S-1800;0
2013;FEV;REGIÃO NORDESTE;PIAUÍ;ÓLEO DIESEL S-1800;33
2013;MAR;REGIÃO NORDESTE;PIAUÍ;ÓLEO DIESEL S-1800;10
2013;ABR;REGIÃO NORDESTE;PIAUÍ;ÓLEO DIESEL S-1800;0
2013;MAI;REGIÃO NORDESTE;PIAUÍ;ÓLEO DIESEL S-1800;0
2013;JUN;REGIÃO NORDESTE;PIAUÍ;ÓLEO DIESEL S-1800;10
2013;JUL;REGIÃO NORDESTE;PIAUÍ;ÓLEO DIESEL S-1800;57
2013;AGO;REGIÃO NORDESTE;PIAUÍ;ÓLEO DIESEL S-1800;0
2013;SET;REGIÃO NORDESTE;PIAUÍ;ÓLEO DIESEL S-1800;10
2013;OUT;REGIÃO NORDESTE;PIAUÍ;ÓLEO DIESEL S-1800;0
2013;NOV;REGIÃO NORDESTE;PIAUÍ;ÓLEO DIESEL S-1800;108
2013;DEZ;REGIÃO NORDESTE;PIAUÍ;ÓLEO DIESEL S-1800;34
2013;JAN;REGIÃO NORDESTE;CEARÁ;ÓLEO DIESEL S-1800;43508,53
2013;FEV;REGIÃO NORDESTE;CEARÁ;ÓLEO DIESEL S-1800;34480
2013;MAR;REGIÃO NORDESTE;CEARÁ;ÓLEO DIESEL S-1800;36759
2013;ABR;REGIÃO NORDESTE;CEARÁ;ÓLEO DIESEL S-1800;37184
2013;MAI;REGIÃO NORDESTE;CEARÁ;ÓLEO DIESEL S-1800;42111
2013;JUN;REGIÃO NORDESTE;CEARÁ;ÓLEO DIESEL S-1800;41693,5
2013;JUL;REGIÃO NORDESTE;CEARÁ;ÓLEO DIESEL S-1800;9339
2013;AGO;REGIÃO NORDESTE;CEARÁ;ÓLEO DIESEL S-1800;8986
2013;SET;REGIÃO NORDESTE;CEARÁ;ÓLEO DIESEL S-1800;9023
2013;OUT;REGIÃO NORDESTE;CEARÁ;ÓLEO DIESEL S-1800;10346,5
2013;NOV;REGIÃO NORDESTE;CEARÁ;ÓLEO DIESEL S-1800;10669,299
2013;DEZ;REGIÃO NORDESTE;CEARÁ;ÓLEO DIESEL S-1800;10554
2013;JAN;REGIÃO NORDESTE;RIO GRANDE DO NORTE;ÓLEO DIESEL S-1800;48146,9
2013;FEV;REGIÃO NORDESTE;RIO GRANDE DO NORTE;ÓLEO DIESEL S-1800;44505,9
2013;MAR;REGIÃO NORDESTE;RIO GRANDE DO NORTE;ÓLEO DIESEL S-1800;43490,681
2013;ABR;REGIÃO NORDESTE;RIO GRANDE DO NORTE;ÓLEO DIESEL S-1800;46602,033
2013;MAI;REGIÃO NORDESTE;RIO GRANDE DO NORTE;ÓLEO DIESEL S-1800;44419
2013;JUN;REGIÃO NORDESTE;RIO GRANDE DO NORTE;ÓLEO DIESEL S-1800;34257,65
2013;JUL;REGIÃO NORDESTE;RIO GRANDE DO NORTE;ÓLEO DIESEL S-1800;35098,058
2013;AGO;REGIÃO NORDESTE;RIO GRANDE DO NORTE;ÓLEO DIESEL S-1800;36327,5
2013;SET;REGIÃO NORDESTE;RIO GRANDE DO NORTE;ÓLEO DIESEL S-1800;35688,424
2013;OUT;REGIÃO NORDESTE;RIO GRANDE DO NORTE;ÓLEO DIESEL S-1800;38883,73
2013;NOV;REGIÃO NORDESTE;RIO GRANDE DO NORTE;ÓLEO DIESEL S-1800;37482
2013;DEZ;REGIÃO NORDESTE;RIO GRANDE DO NORTE;ÓLEO DIESEL S-1800;38507
2013;JAN;REGIÃO NORDESTE;PARAÍBA;ÓLEO DIESEL S-1800;5
2013;FEV;REGIÃO NORDESTE;PARAÍBA;ÓLEO DIESEL S-1800;0
2013;MAR;REGIÃO NORDESTE;PARAÍBA;ÓLEO DIESEL S-1800;0
2013;ABR;REGIÃO NORDESTE;PARAÍBA;ÓLEO DIESEL S-1800;0
2013;MAI;REGIÃO NORDESTE;PARAÍBA;ÓLEO DIESEL S-1800;0
2013;JUN;REGIÃO NORDESTE;PARAÍBA;ÓLEO DIESEL S-1800;0
2013;JUL;REGIÃO NORDESTE;PARAÍBA;ÓLEO DIESEL S-1800;31
2013;AGO;REGIÃO NORDESTE;PARAÍBA;ÓLEO DIESEL S-1800;0
2013;SET;REGIÃO NORDESTE;PARAÍBA;ÓLEO DIESEL S-1800;0
2013;OUT;REGIÃO NORDESTE;PARAÍBA;ÓLEO DIESEL S-1800;0
2013;NOV;REGIÃO NORDESTE;PARAÍBA;ÓLEO DIESEL S-1800;0
2013;DEZ;REGIÃO NORDESTE;PARAÍBA;ÓLEO DIESEL S-1800;25
2013;JAN;REGIÃO NORDESTE;PERNAMBUCO;ÓLEO DIESEL S-1800;17,5
2013;FEV;REGIÃO NORDESTE;PERNAMBUCO;ÓLEO DIESEL S-1800;15
2013;MAR;REGIÃO NORDESTE;PERNAMBUCO;ÓLEO DIESEL S-1800;74
2013;ABR;REGIÃO NORDESTE;PERNAMBUCO;ÓLEO DIESEL S-1800;30
2013;MAI;REGIÃO NORDESTE;PERNAMBUCO;ÓLEO DIESEL S-1800;280,5
2013;JUN;REGIÃO NORDESTE;PERNAMBUCO;ÓLEO DIESEL S-1800;233
2013;JUL;REGIÃO NORDESTE;PERNAMBUCO;ÓLEO DIESEL S-1800;57
2013;AGO;REGIÃO NORDESTE;PERNAMBUCO;ÓLEO DIESEL S-1800;35
2013;SET;REGIÃO NORDESTE;PERNAMBUCO;ÓLEO DIESEL S-1800;86
2013;OUT;REGIÃO NORDESTE;PERNAMBUCO;ÓLEO DIESEL S-1800;380,5
2013;NOV;REGIÃO NORDESTE;PERNAMBUCO;ÓLEO DIESEL S-1800;197
2013;DEZ;REGIÃO NORDESTE;PERNAMBUCO;ÓLEO DIESEL S-1800;267
2013;JAN;REGIÃO NORDESTE;ALAGOAS;ÓLEO DIESEL S-1800;0
2013;FEV;REGIÃO NORDESTE;ALAGOAS;ÓLEO DIESEL S-1800;0
2013;MAR;REGIÃO NORDESTE;ALAGOAS;ÓLEO DIESEL S-1800;0
2013;ABR;REGIÃO NORDESTE;ALAGOAS;ÓLEO DIESEL S-1800;0
2013;MAI;REGIÃO NORDESTE;ALAGOAS;ÓLEO DIESEL S-1800;0
2013;JUN;REGIÃO NORDESTE;ALAGOAS;ÓLEO DIESEL S-1800;0
2013;JUL;REGIÃO NORDESTE;ALAGOAS;ÓLEO DIESEL S-1800;0
2013;AGO;REGIÃO NORDESTE;ALAGOAS;ÓLEO DIESEL S-1800;0
2013;SET;REGIÃO NORDESTE;ALAGOAS;ÓLEO DIESEL S-1800;0
2013;OUT;REGIÃO NORDESTE;ALAGOAS;ÓLEO DIESEL S-1800;0
2013;NOV;REGIÃO NORDESTE;ALAGOAS;ÓLEO DIESEL S-1800;0
2013;DEZ;REGIÃO NORDESTE;ALAGOAS;ÓLEO DIESEL S-1800;0
2013;JAN;REGIÃO NORDESTE;SERGIPE;ÓLEO DIESEL S-1800;0
2013;FEV;REGIÃO NORDESTE;SERGIPE;ÓLEO DIESEL S-1800;0
2013;MAR;REGIÃO NORDESTE;SERGIPE;ÓLEO DIESEL S-1800;0
2013;ABR;REGIÃO NORDESTE;SERGIPE;ÓLEO DIESEL S-1800;0
2013;MAI;REGIÃO NORDESTE;SERGIPE;ÓLEO DIESEL S-1800;0
2013;JUN;REGIÃO NORDESTE;SERGIPE;ÓLEO DIESEL S-1800;0
2013;JUL;REGIÃO NORDESTE;SERGIPE;ÓLEO DIESEL S-1800;0
2013;AGO;REGIÃO NORDESTE;SERGIPE;ÓLEO DIESEL S-1800;0
2013;SET;REGIÃO NORDESTE;SERGIPE;ÓLEO DIESEL S-1800;0
2013;OUT;REGIÃO NORDESTE;SERGIPE;ÓLEO DIESEL S-1800;0
2013;NOV;REGIÃO NORDESTE;SERGIPE;ÓLEO DIESEL S-1800;0
2013;DEZ;REGIÃO NORDESTE;SERGIPE;ÓLEO DIESEL S-1800;0
2013;JAN;REGIÃO NORDESTE;BAHIA;ÓLEO DIESEL S-1800;81868,25
2013;FEV;REGIÃO NORDESTE;BAHIA;ÓLEO DIESEL S-1800;99993,24
2013;MAR;REGIÃO NORDESTE;BAHIA;ÓLEO DIESEL S-1800;88680,5
2013;ABR;REGIÃO NORDESTE;BAHIA;ÓLEO DIESEL S-1800;90428
2013;MAI;REGIÃO NORDESTE;BAHIA;ÓLEO DIESEL S-1800;100092,398
2013;JUN;REGIÃO NORDESTE;BAHIA;ÓLEO DIESEL S-1800;93111,25
2013;JUL;REGIÃO NORDESTE;BAHIA;ÓLEO DIESEL S-1800;2644,2
2013;AGO;REGIÃO NORDESTE;BAHIA;ÓLEO DIESEL S-1800;3
2013;SET;REGIÃO NORDESTE;BAHIA;ÓLEO DIESEL S-1800;0
2013;OUT;REGIÃO NORDESTE;BAHIA;ÓLEO DIESEL S-1800;30
2013;NOV;REGIÃO NORDESTE;BAHIA;ÓLEO DIESEL S-1800;113,5
2013;DEZ;REGIÃO NORDESTE;BAHIA;ÓLEO DIESEL S-1800;32
2013;JAN;REGIÃO SUDESTE;MINAS GERAIS;ÓLEO DIESEL S-1800;306702,14
2013;FEV;REGIÃO SUDESTE;MINAS GERAIS;ÓLEO DIESEL S-1800;302930,209
2013;MAR;REGIÃO SUDESTE;MINAS GERAIS;ÓLEO DIESEL S-1800;339691,543
2013;ABR;REGIÃO SUDESTE;MINAS GERAIS;ÓLEO DIESEL S-1800;358587,308
2013;MAI;REGIÃO SUDESTE;MINAS GERAIS;ÓLEO DIESEL S-1800;367267,993
2013;JUN;REGIÃO SUDESTE;MINAS GERAIS;ÓLEO DIESEL S-1800;362135,491
2013;JUL;REGIÃO SUDESTE;MINAS GERAIS;ÓLEO DIESEL S-1800;352117,955
2013;AGO;REGIÃO SUDESTE;MINAS GERAIS;ÓLEO DIESEL S-1800;366934,587
2013;SET;REGIÃO SUDESTE;MINAS GERAIS;ÓLEO DIESEL S-1800;340821,824
2013;OUT;REGIÃO SUDESTE;MINAS GERAIS;ÓLEO DIESEL S-1800;365861,815
2013;NOV;REGIÃO SUDESTE;MINAS GERAIS;ÓLEO DIESEL S-1800;332609,284
2013;DEZ;REGIÃO SUDESTE;MINAS GERAIS;ÓLEO DIESEL S-1800;269735,938
2013;JAN;REGIÃO SUDESTE;ESPÍRITO SANTO;ÓLEO DIESEL S-1800;491
2013;FEV;REGIÃO SUDESTE;ESPÍRITO SANTO;ÓLEO DIESEL S-1800;412
2013;MAR;REGIÃO SUDESTE;ESPÍRITO SANTO;ÓLEO DIESEL S-1800;435,255
2013;ABR;REGIÃO SUDESTE;ESPÍRITO SANTO;ÓLEO DIESEL S-1800;401
2013;MAI;REGIÃO SUDESTE;ESPÍRITO SANTO;ÓLEO DIESEL S-1800;505
2013;JUN;REGIÃO SUDESTE;ESPÍRITO SANTO;ÓLEO DIESEL S-1800;454,2
2013;JUL;REGIÃO SUDESTE;ESPÍRITO SANTO;ÓLEO DIESEL S-1800;380,45
2013;AGO;REGIÃO SUDESTE;ESPÍRITO SANTO;ÓLEO DIESEL S-1800;385
2013;SET;REGIÃO SUDESTE;ESPÍRITO SANTO;ÓLEO DIESEL S-1800;439
2013;OUT;REGIÃO SUDESTE;ESPÍRITO SANTO;ÓLEO DIESEL S-1800;437,2
2013;NOV;REGIÃO SUDESTE;ESPÍRITO SANTO;ÓLEO DIESEL S-1800;335
2013;DEZ;REGIÃO SUDESTE;ESPÍRITO SANTO;ÓLEO DIESEL S-1800;313
2013;JAN;REGIÃO SUDESTE;RIO DE JANEIRO;ÓLEO DIESEL S-1800;51079,286
2013;FEV;REGIÃO SUDESTE;RIO DE JANEIRO;ÓLEO DIESEL S-1800;45215,394
2013;MAR;REGIÃO SUDESTE;RIO DE JANEIRO;ÓLEO DIESEL S-1800;53503,103
2013;ABR;REGIÃO SUDESTE;RIO DE JANEIRO;ÓLEO DIESEL S-1800;54838,887
2013;MAI;REGIÃO SUDESTE;RIO DE JANEIRO;ÓLEO DIESEL S-1800;56765,06
2013;JUN;REGIÃO SUDESTE;RIO DE JANEIRO;ÓLEO DIESEL S-1800;52102,783
2013;JUL;REGIÃO SUDESTE;RIO DE JANEIRO;ÓLEO DIESEL S-1800;55173,853
2013;AGO;REGIÃO SUDESTE;RIO DE JANEIRO;ÓLEO DIESEL S-1800;60744,132
2013;SET;REGIÃO SUDESTE;RIO DE JANEIRO;ÓLEO DIESEL S-1800;55684,496
2013;OUT;REGIÃO SUDESTE;RIO DE JANEIRO;ÓLEO DIESEL S-1800;59242,192
2013;NOV;REGIÃO SUDESTE;RIO DE JANEIRO;ÓLEO DIESEL S-1800;54567,561
2013;DEZ;REGIÃO SUDESTE;RIO DE JANEIRO;ÓLEO DIESEL S-1800;51753,704
2013;JAN;REGIÃO SUDESTE;SÃO PAULO;ÓLEO DIESEL S-1800;155672,397
2013;FEV;REGIÃO SUDESTE;SÃO PAULO;ÓLEO DIESEL S-1800;155739,098
2013;MAR;REGIÃO SUDESTE;SÃO PAULO;ÓLEO DIESEL S-1800;176480,331
2013;ABR;REGIÃO SUDESTE;SÃO PAULO;ÓLEO DIESEL S-1800;218463,397
2013;MAI;REGIÃO SUDESTE;SÃO PAULO;ÓLEO DIESEL S-1800;243383,286
2013;JUN;REGIÃO SUDESTE;SÃO PAULO;ÓLEO DIESEL S-1800;225957,688
2013;JUL;REGIÃO SUDESTE;SÃO PAULO;ÓLEO DIESEL S-1800;252609,3
2013;AGO;REGIÃO SUDESTE;SÃO PAULO;ÓLEO DIESEL S-1800;269849,972
2013;SET;REGIÃO SUDESTE;SÃO PAULO;ÓLEO DIESEL S-1800;238389,582
2013;OUT;REGIÃO SUDESTE;SÃO PAULO;ÓLEO DIESEL S-1800;247533,601
2013;NOV;REGIÃO SUDESTE;SÃO PAULO;ÓLEO DIESEL S-1800;221542,728
2013;DEZ;REGIÃO SUDESTE;SÃO PAULO;ÓLEO DIESEL S-1800;166342,111
2013;JAN;REGIÃO SUL;PARANÁ;ÓLEO DIESEL S-1800;15511,9
2013;FEV;REGIÃO SUL;PARANÁ;ÓLEO DIESEL S-1800;13697,02
2013;MAR;REGIÃO SUL;PARANÁ;ÓLEO DIESEL S-1800;16219,45
2013;ABR;REGIÃO SUL;PARANÁ;ÓLEO DIESEL S-1800;14536,469
2013;MAI;REGIÃO SUL;PARANÁ;ÓLEO DIESEL S-1800;6385,429
2013;JUN;REGIÃO SUL;PARANÁ;ÓLEO DIESEL S-1800;5102,1
2013;JUL;REGIÃO SUL;PARANÁ;ÓLEO DIESEL S-1800;6105,91
2013;AGO;REGIÃO SUL;PARANÁ;ÓLEO DIESEL S-1800;5983,5
2013;SET;REGIÃO SUL;PARANÁ;ÓLEO DIESEL S-1800;5177,19
2013;OUT;REGIÃO SUL;PARANÁ;ÓLEO DIESEL S-1800;6030,7
2013;NOV;REGIÃO SUL;PARANÁ;ÓLEO DIESEL S-1800;6006,2
2013;DEZ;REGIÃO SUL;PARANÁ;ÓLEO DIESEL S-1800;4591,6
2013;JAN;REGIÃO SUL;SANTA CATARINA;ÓLEO DIESEL S-1800;70003,703
2013;FEV;REGIÃO SUL;SANTA CATARINA;ÓLEO DIESEL S-1800;62854,12
2013;MAR;REGIÃO SUL;SANTA CATARINA;ÓLEO DIESEL S-1800;74259,53
2013;ABR;REGIÃO SUL;SANTA CATARINA;ÓLEO DIESEL S-1800;77533,197
2013;MAI;REGIÃO SUL;SANTA CATARINA;ÓLEO DIESEL S-1800;63212,027
2013;JUN;REGIÃO SUL;SANTA CATARINA;ÓLEO DIESEL S-1800;58397,379
2013;JUL;REGIÃO SUL;SANTA CATARINA;ÓLEO DIESEL S-1800;64371,033
2013;AGO;REGIÃO SUL;SANTA CATARINA;ÓLEO DIESEL S-1800;58968,2
2013;SET;REGIÃO SUL;SANTA CATARINA;ÓLEO DIESEL S-1800;60076,41
2013;OUT;REGIÃO SUL;SANTA CATARINA;ÓLEO DIESEL S-1800;65169,67
2013;NOV;REGIÃO SUL;SANTA CATARINA;ÓLEO DIESEL S-1800;63384,948
2013;DEZ;REGIÃO SUL;SANTA CATARINA;ÓLEO DIESEL S-1800;56960,332
2013;JAN;REGIÃO SUL;RIO GRANDE DO SUL;ÓLEO DIESEL S-1800;145416
2013;FEV;REGIÃO SUL;RIO GRANDE DO SUL;ÓLEO DIESEL S-1800;129263,354
2013;MAR;REGIÃO SUL;RIO GRANDE DO SUL;ÓLEO DIESEL S-1800;175462,124
2013;ABR;REGIÃO SUL;RIO GRANDE DO SUL;ÓLEO DIESEL S-1800;225364,134
2013;MAI;REGIÃO SUL;RIO GRANDE DO SUL;ÓLEO DIESEL S-1800;160593,818
2013;JUN;REGIÃO SUL;RIO GRANDE DO SUL;ÓLEO DIESEL S-1800;150950,633
2013;JUL;REGIÃO SUL;RIO GRANDE DO SUL;ÓLEO DIESEL S-1800;155872,554
2013;AGO;REGIÃO SUL;RIO GRANDE DO SUL;ÓLEO DIESEL S-1800;169451,792
2013;SET;REGIÃO SUL;RIO GRANDE DO SUL;ÓLEO DIESEL S-1800;157565,61
2013;OUT;REGIÃO SUL;RIO GRANDE DO SUL;ÓLEO DIESEL S-1800;184139,041
2013;NOV;REGIÃO SUL;RIO GRANDE DO SUL;ÓLEO DIESEL S-1800;183614,219
2013;DEZ;REGIÃO SUL;RIO GRANDE DO SUL;ÓLEO DIESEL S-1800;141112,68
2013;JAN;REGIÃO CENTRO-OESTE;MATO GROSSO DO SUL;ÓLEO DIESEL S-1800;84477,19
2013;FEV;REGIÃO CENTRO-OESTE;MATO GROSSO DO SUL;ÓLEO DIESEL S-1800;87079,701
2013;MAR;REGIÃO CENTRO-OESTE;MATO GROSSO DO SUL;ÓLEO DIESEL S-1800;85387,11
2013;ABR;REGIÃO CENTRO-OESTE;MATO GROSSO DO SUL;ÓLEO DIESEL S-1800;88475,122
2013;MAI;REGIÃO CENTRO-OESTE;MATO GROSSO DO SUL;ÓLEO DIESEL S-1800;92675,46
2013;JUN;REGIÃO CENTRO-OESTE;MATO GROSSO DO SUL;ÓLEO DIESEL S-1800;82662,756
2013;JUL;REGIÃO CENTRO-OESTE;MATO GROSSO DO SUL;ÓLEO DIESEL S-1800;108033,75
2013;AGO;REGIÃO CENTRO-OESTE;MATO GROSSO DO SUL;ÓLEO DIESEL S-1800;111581,17
2013;SET;REGIÃO CENTRO-OESTE;MATO GROSSO DO SUL;ÓLEO DIESEL S-1800;98243,662
2013;OUT;REGIÃO CENTRO-OESTE;MATO GROSSO DO SUL;ÓLEO DIESEL S-1800;103098,063
2013;NOV;REGIÃO CENTRO-OESTE;MATO GROSSO DO SUL;ÓLEO DIESEL S-1800;95601,968
2013;DEZ;REGIÃO CENTRO-OESTE;MATO GROSSO DO SUL;ÓLEO DIESEL S-1800;73148,76
2013;JAN;REGIÃO CENTRO-OESTE;MATO GROSSO;ÓLEO DIESEL S-1800;184968,651
2013;FEV;REGIÃO CENTRO-OESTE;MATO GROSSO;ÓLEO DIESEL S-1800;214002,295
2013;MAR;REGIÃO CENTRO-OESTE;MATO GROSSO;ÓLEO DIESEL S-1800;210521,598
2013;ABR;REGIÃO CENTRO-OESTE;MATO GROSSO;ÓLEO DIESEL S-1800;179869,24
2013;MAI;REGIÃO CENTRO-OESTE;MATO GROSSO;ÓLEO DIESEL S-1800;181582,21
2013;JUN;REGIÃO CENTRO-OESTE;MATO GROSSO;ÓLEO DIESEL S-1800;200271,064
2013;JUL;REGIÃO CENTRO-OESTE;MATO GROSSO;ÓLEO DIESEL S-1800;223852,383
2013;AGO;REGIÃO CENTRO-OESTE;MATO GROSSO;ÓLEO DIESEL S-1800;218353,969
2013;SET;REGIÃO CENTRO-OESTE;MATO GROSSO;ÓLEO DIESEL S-1800;200372,669
2013;OUT;REGIÃO CENTRO-OESTE;MATO GROSSO;ÓLEO DIESEL S-1800;228686,185
2013;NOV;REGIÃO CENTRO-OESTE;MATO GROSSO;ÓLEO DIESEL S-1800;194002,03
2013;DEZ;REGIÃO CENTRO-OESTE;MATO GROSSO;ÓLEO DIESEL S-1800;144551,701
2013;JAN;REGIÃO CENTRO-OESTE;GOIÁS;ÓLEO DIESEL S-1800;213563,84
2013;FEV;REGIÃO CENTRO-OESTE;GOIÁS;ÓLEO DIESEL S-1800;224269,942
2013;MAR;REGIÃO CENTRO-OESTE;GOIÁS;ÓLEO DIESEL S-1800;235808,38
2013;ABR;REGIÃO CENTRO-OESTE;GOIÁS;ÓLEO DIESEL S-1800;230385,889
2013;MAI;REGIÃO CENTRO-OESTE;GOIÁS;ÓLEO DIESEL S-1800;236885,515
2013;JUN;REGIÃO CENTRO-OESTE;GOIÁS;ÓLEO DIESEL S-1800;237234,696
2013;JUL;REGIÃO CENTRO-OESTE;GOIÁS;ÓLEO DIESEL S-1800;233672,002
2013;AGO;REGIÃO CENTRO-OESTE;GOIÁS;ÓLEO DIESEL S-1800;219499,031
2013;SET;REGIÃO CENTRO-OESTE;GOIÁS;ÓLEO DIESEL S-1800;206983,637
2013;OUT;REGIÃO CENTRO-OESTE;GOIÁS;ÓLEO DIESEL S-1800;227822,31
2013;NOV;REGIÃO CENTRO-OESTE;GOIÁS;ÓLEO DIESEL S-1800;195108,83
2013;DEZ;REGIÃO CENTRO-OESTE;GOIÁS;ÓLEO DIESEL S-1800;149833,82
2013;JAN;REGIÃO CENTRO-OESTE;DISTRITO FEDERAL;ÓLEO DIESEL S-1800;28358,4
2013;FEV;REGIÃO CENTRO-OESTE;DISTRITO FEDERAL;ÓLEO DIESEL S-1800;27264,8
2013;MAR;REGIÃO CENTRO-OESTE;DISTRITO FEDERAL;ÓLEO DIESEL S-1800;30302,2
2013;ABR;REGIÃO CENTRO-OESTE;DISTRITO FEDERAL;ÓLEO DIESEL S-1800;31789,8
2013;MAI;REGIÃO CENTRO-OESTE;DISTRITO FEDERAL;ÓLEO DIESEL S-1800;32129,543
2013;JUN;REGIÃO CENTRO-OESTE;DISTRITO FEDERAL;ÓLEO DIESEL S-1800;29481,151
2013;JUL;REGIÃO CENTRO-OESTE;DISTRITO FEDERAL;ÓLEO DIESEL S-1800;31840,307
2013;AGO;REGIÃO CENTRO-OESTE;DISTRITO FEDERAL;ÓLEO DIESEL S-1800;33212,364
2013;SET;REGIÃO CENTRO-OESTE;DISTRITO FEDERAL;ÓLEO DIESEL S-1800;30700,3
2013;OUT;REGIÃO CENTRO-OESTE;DISTRITO FEDERAL;ÓLEO DIESEL S-1800;32914,3
2013;NOV;REGIÃO CENTRO-OESTE;DISTRITO FEDERAL;ÓLEO DIESEL S-1800;29075,876
2013;DEZ;REGIÃO CENTRO-OESTE;DISTRITO FEDERAL;ÓLEO DIESEL S-1800;25899,502
2013;JAN;REGIÃO NORTE;RONDÔNIA;ÓLEO DIESEL MARÍTIMO;2008,139
2013;FEV;REGIÃO NORTE;RONDÔNIA;ÓLEO DIESEL MARÍTIMO;1294,389
2013;MAR;REGIÃO NORTE;RONDÔNIA;ÓLEO DIESEL MARÍTIMO;994,644
2013;ABR;REGIÃO NORTE;RONDÔNIA;ÓLEO DIESEL MARÍTIMO;1396,849
2013;MAI;REGIÃO NORTE;RONDÔNIA;ÓLEO DIESEL MARÍTIMO;1607,085
2013;JUN;REGIÃO NORTE;RONDÔNIA;ÓLEO DIESEL MARÍTIMO;1723,07
2013;JUL;REGIÃO NORTE;RONDÔNIA;ÓLEO DIESEL MARÍTIMO;1443,963
2013;AGO;REGIÃO NORTE;RONDÔNIA;ÓLEO DIESEL MARÍTIMO;1744,724
2013;SET;REGIÃO NORTE;RONDÔNIA;ÓLEO DIESEL MARÍTIMO;1794,121
2013;OUT;REGIÃO NORTE;RONDÔNIA;ÓLEO DIESEL MARÍTIMO;2027,049
2013;NOV;REGIÃO NORTE;RONDÔNIA;ÓLEO DIESEL MARÍTIMO;1440,115
2013;DEZ;REGIÃO NORTE;RONDÔNIA;ÓLEO DIESEL MARÍTIMO;1234,4
2013;JAN;REGIÃO NORTE;ACRE;ÓLEO DIESEL MARÍTIMO;32
2013;FEV;REGIÃO NORTE;ACRE;ÓLEO DIESEL MARÍTIMO;75
2013;MAR;REGIÃO NORTE;ACRE;ÓLEO DIESEL MARÍTIMO;120
2013;ABR;REGIÃO NORTE;ACRE;ÓLEO DIESEL MARÍTIMO;155
2013;MAI;REGIÃO NORTE;ACRE;ÓLEO DIESEL MARÍTIMO;60
2013;JUN;REGIÃO NORTE;ACRE;ÓLEO DIESEL MARÍTIMO;30
2013;JUL;REGIÃO NORTE;ACRE;ÓLEO DIESEL MARÍTIMO;25
2013;AGO;REGIÃO NORTE;ACRE;ÓLEO DIESEL MARÍTIMO;11
2013;SET;REGIÃO NORTE;ACRE;ÓLEO DIESEL MARÍTIMO;25
2013;OUT;REGIÃO NORTE;ACRE;ÓLEO DIESEL MARÍTIMO;109
2013;NOV;REGIÃO NORTE;ACRE;ÓLEO DIESEL MARÍTIMO;40
2013;DEZ;REGIÃO NORTE;ACRE;ÓLEO DIESEL MARÍTIMO;119,73
2013;JAN;REGIÃO NORTE;AMAZONAS;ÓLEO DIESEL MARÍTIMO;9296,655
2013;FEV;REGIÃO NORTE;AMAZONAS;ÓLEO DIESEL MARÍTIMO;9958,27
2013;MAR;REGIÃO NORTE;AMAZONAS;ÓLEO DIESEL MARÍTIMO;10495,657
2013;ABR;REGIÃO NORTE;AMAZONAS;ÓLEO DIESEL MARÍTIMO;9447,882
2013;MAI;REGIÃO NORTE;AMAZONAS;ÓLEO DIESEL MARÍTIMO;8589,529
2013;JUN;REGIÃO NORTE;AMAZONAS;ÓLEO DIESEL MARÍTIMO;8971,578
2013;JUL;REGIÃO NORTE;AMAZONAS;ÓLEO DIESEL MARÍTIMO;10609,54
2013;AGO;REGIÃO NORTE;AMAZONAS;ÓLEO DIESEL MARÍTIMO;8964,348
2013;SET;REGIÃO NORTE;AMAZONAS;ÓLEO DIESEL MARÍTIMO;9607,29
2013;OUT;REGIÃO NORTE;AMAZONAS;ÓLEO DIESEL MARÍTIMO;9777,444
2013;NOV;REGIÃO NORTE;AMAZONAS;ÓLEO DIESEL MARÍTIMO;9709,044
2013;DEZ;REGIÃO NORTE;AMAZONAS;ÓLEO DIESEL MARÍTIMO;8990,438
2013;JAN;REGIÃO NORTE;RORAIMA;ÓLEO DIESEL MARÍTIMO;0
2013;FEV;REGIÃO NORTE;RORAIMA;ÓLEO DIESEL MARÍTIMO;0
2013;MAR;REGIÃO NORTE;RORAIMA;ÓLEO DIESEL MARÍTIMO;0
2013;ABR;REGIÃO NORTE;RORAIMA;ÓLEO DIESEL MARÍTIMO;0
2013;MAI;REGIÃO NORTE;RORAIMA;ÓLEO DIESEL MARÍTIMO;0
2013;JUN;REGIÃO NORTE;RORAIMA;ÓLEO DIESEL MARÍTIMO;0
2013;JUL;REGIÃO NORTE;RORAIMA;ÓLEO DIESEL MARÍTIMO;70
2013;AGO;REGIÃO NORTE;RORAIMA;ÓLEO DIESEL MARÍTIMO;0
2013;SET;REGIÃO NORTE;RORAIMA;ÓLEO DIESEL MARÍTIMO;0
2013;OUT;REGIÃO NORTE;RORAIMA;ÓLEO DIESEL MARÍTIMO;0
2013;NOV;REGIÃO NORTE;RORAIMA;ÓLEO DIESEL MARÍTIMO;20
2013;DEZ;REGIÃO NORTE;RORAIMA;ÓLEO DIESEL MARÍTIMO;0
2013;JAN;REGIÃO NORTE;PARÁ;ÓLEO DIESEL MARÍTIMO;9490,658
2013;FEV;REGIÃO NORTE;PARÁ;ÓLEO DIESEL MARÍTIMO;10069,2
2013;MAR;REGIÃO NORTE;PARÁ;ÓLEO DIESEL MARÍTIMO;10130,3
2013;ABR;REGIÃO NORTE;PARÁ;ÓLEO DIESEL MARÍTIMO;9856,9
2013;MAI;REGIÃO NORTE;PARÁ;ÓLEO DIESEL MARÍTIMO;9958,11
2013;JUN;REGIÃO NORTE;PARÁ;ÓLEO DIESEL MARÍTIMO;7856
2013;JUL;REGIÃO NORTE;PARÁ;ÓLEO DIESEL MARÍTIMO;10082,7
2013;AGO;REGIÃO NORTE;PARÁ;ÓLEO DIESEL MARÍTIMO;8960,59
2013;SET;REGIÃO NORTE;PARÁ;ÓLEO DIESEL MARÍTIMO;7546,4
2013;OUT;REGIÃO NORTE;PARÁ;ÓLEO DIESEL MARÍTIMO;8032,5
2013;NOV;REGIÃO NORTE;PARÁ;ÓLEO DIESEL MARÍTIMO;7771
2013;DEZ;REGIÃO NORTE;PARÁ;ÓLEO DIESEL MARÍTIMO;6634,7
2013;JAN;REGIÃO NORTE;AMAPÁ;ÓLEO DIESEL MARÍTIMO;10
2013;FEV;REGIÃO NORTE;AMAPÁ;ÓLEO DIESEL MARÍTIMO;50
2013;MAR;REGIÃO NORTE;AMAPÁ;ÓLEO DIESEL MARÍTIMO;325
2013;ABR;REGIÃO NORTE;AMAPÁ;ÓLEO DIESEL MARÍTIMO;5
2013;MAI;REGIÃO NORTE;AMAPÁ;ÓLEO DIESEL MARÍTIMO;100
2013;JUN;REGIÃO NORTE;AMAPÁ;ÓLEO DIESEL MARÍTIMO;8
2013;JUL;REGIÃO NORTE;AMAPÁ;ÓLEO DIESEL MARÍTIMO;40
2013;AGO;REGIÃO NORTE;AMAPÁ;ÓLEO DIESEL MARÍTIMO;0
2013;SET;REGIÃO NORTE;AMAPÁ;ÓLEO DIESEL MARÍTIMO;0
2013;OUT;REGIÃO NORTE;AMAPÁ;ÓLEO DIESEL MARÍTIMO;60
2013;NOV;REGIÃO NORTE;AMAPÁ;ÓLEO DIESEL MARÍTIMO;0
2013;DEZ;REGIÃO NORTE;AMAPÁ;ÓLEO DIESEL MARÍTIMO;10
2013;JAN;REGIÃO NORTE;TOCANTINS;ÓLEO DIESEL MARÍTIMO;0
2013;FEV;REGIÃO NORTE;TOCANTINS;ÓLEO DIESEL MARÍTIMO;0
2013;MAR;REGIÃO NORTE;TOCANTINS;ÓLEO DIESEL MARÍTIMO;0
2013;ABR;REGIÃO NORTE;TOCANTINS;ÓLEO DIESEL MARÍTIMO;0
2013;MAI;REGIÃO NORTE;TOCANTINS;ÓLEO DIESEL MARÍTIMO;0
2013;JUN;REGIÃO NORTE;TOCANTINS;ÓLEO DIESEL MARÍTIMO;0
2013;JUL;REGIÃO NORTE;TOCANTINS;ÓLEO DIESEL MARÍTIMO;0
2013;AGO;REGIÃO NORTE;TOCANTINS;ÓLEO DIESEL MARÍTIMO;0
2013;SET;REGIÃO NORTE;TOCANTINS;ÓLEO DIESEL MARÍTIMO;0
2013;OUT;REGIÃO NORTE;TOCANTINS;ÓLEO DIESEL MARÍTIMO;0
2013;NOV;REGIÃO NORTE;TOCANTINS;ÓLEO DIESEL MARÍTIMO;0
2013;DEZ;REGIÃO NORTE;TOCANTINS;ÓLEO DIESEL MARÍTIMO;0
2013;JAN;REGIÃO NORDESTE;MARANHÃO;ÓLEO DIESEL MARÍTIMO;777
2013;FEV;REGIÃO NORDESTE;MARANHÃO;ÓLEO DIESEL MARÍTIMO;725
2013;MAR;REGIÃO NORDESTE;MARANHÃO;ÓLEO DIESEL MARÍTIMO;797
2013;ABR;REGIÃO NORDESTE;MARANHÃO;ÓLEO DIESEL MARÍTIMO;575
2013;MAI;REGIÃO NORDESTE;MARANHÃO;ÓLEO DIESEL MARÍTIMO;805
2013;JUN;REGIÃO NORDESTE;MARANHÃO;ÓLEO DIESEL MARÍTIMO;492
2013;JUL;REGIÃO NORDESTE;MARANHÃO;ÓLEO DIESEL MARÍTIMO;1072
2013;AGO;REGIÃO NORDESTE;MARANHÃO;ÓLEO DIESEL MARÍTIMO;717
2013;SET;REGIÃO NORDESTE;MARANHÃO;ÓLEO DIESEL MARÍTIMO;648
2013;OUT;REGIÃO NORDESTE;MARANHÃO;ÓLEO DIESEL MARÍTIMO;1027
2013;NOV;REGIÃO NORDESTE;MARANHÃO;ÓLEO DIESEL MARÍTIMO;768
2013;DEZ;REGIÃO NORDESTE;MARANHÃO;ÓLEO DIESEL MARÍTIMO;1018
2013;JAN;REGIÃO NORDESTE;PIAUÍ;ÓLEO DIESEL MARÍTIMO;105
2013;FEV;REGIÃO NORDESTE;PIAUÍ;ÓLEO DIESEL MARÍTIMO;130
2013;MAR;REGIÃO NORDESTE;PIAUÍ;ÓLEO DIESEL MARÍTIMO;165
2013;ABR;REGIÃO NORDESTE;PIAUÍ;ÓLEO DIESEL MARÍTIMO;125
2013;MAI;REGIÃO NORDESTE;PIAUÍ;ÓLEO DIESEL MARÍTIMO;275
2013;JUN;REGIÃO NORDESTE;PIAUÍ;ÓLEO DIESEL MARÍTIMO;155
2013;JUL;REGIÃO NORDESTE;PIAUÍ;ÓLEO DIESEL MARÍTIMO;240
2013;AGO;REGIÃO NORDESTE;PIAUÍ;ÓLEO DIESEL MARÍTIMO;180
2013;SET;REGIÃO NORDESTE;PIAUÍ;ÓLEO DIESEL MARÍTIMO;135
2013;OUT;REGIÃO NORDESTE;PIAUÍ;ÓLEO DIESEL MARÍTIMO;210
2013;NOV;REGIÃO NORDESTE;PIAUÍ;ÓLEO DIESEL MARÍTIMO;135
2013;DEZ;REGIÃO NORDESTE;PIAUÍ;ÓLEO DIESEL MARÍTIMO;145
2013;JAN;REGIÃO NORDESTE;CEARÁ;ÓLEO DIESEL MARÍTIMO;400
2013;FEV;REGIÃO NORDESTE;CEARÁ;ÓLEO DIESEL MARÍTIMO;275,331
2013;MAR;REGIÃO NORDESTE;CEARÁ;ÓLEO DIESEL MARÍTIMO;360
2013;ABR;REGIÃO NORDESTE;CEARÁ;ÓLEO DIESEL MARÍTIMO;480
2013;MAI;REGIÃO NORDESTE;CEARÁ;ÓLEO DIESEL MARÍTIMO;720
2013;JUN;REGIÃO NORDESTE;CEARÁ;ÓLEO DIESEL MARÍTIMO;765
2013;JUL;REGIÃO NORDESTE;CEARÁ;ÓLEO DIESEL MARÍTIMO;488,574
2013;AGO;REGIÃO NORDESTE;CEARÁ;ÓLEO DIESEL MARÍTIMO;663
2013;SET;REGIÃO NORDESTE;CEARÁ;ÓLEO DIESEL MARÍTIMO;491,872
2013;OUT;REGIÃO NORDESTE;CEARÁ;ÓLEO DIESEL MARÍTIMO;960
2013;NOV;REGIÃO NORDESTE;CEARÁ;ÓLEO DIESEL MARÍTIMO;540
2013;DEZ;REGIÃO NORDESTE;CEARÁ;ÓLEO DIESEL MARÍTIMO;605
2013;JAN;REGIÃO NORDESTE;RIO GRANDE DO NORTE;ÓLEO DIESEL MARÍTIMO;605
2013;FEV;REGIÃO NORDESTE;RIO GRANDE DO NORTE;ÓLEO DIESEL MARÍTIMO;1136
2013;MAR;REGIÃO NORDESTE;RIO GRANDE DO NORTE;ÓLEO DIESEL MARÍTIMO;1035
2013;ABR;REGIÃO NORDESTE;RIO GRANDE DO NORTE;ÓLEO DIESEL MARÍTIMO;575
2013;MAI;REGIÃO NORDESTE;RIO GRANDE DO NORTE;ÓLEO DIESEL MARÍTIMO;826
2013;JUN;REGIÃO NORDESTE;RIO GRANDE DO NORTE;ÓLEO DIESEL MARÍTIMO;905
2013;JUL;REGIÃO NORDESTE;RIO GRANDE DO NORTE;ÓLEO DIESEL MARÍTIMO;819
2013;AGO;REGIÃO NORDESTE;RIO GRANDE DO NORTE;ÓLEO DIESEL MARÍTIMO;640
2013;SET;REGIÃO NORDESTE;RIO GRANDE DO NORTE;ÓLEO DIESEL MARÍTIMO;655
2013;OUT;REGIÃO NORDESTE;RIO GRANDE DO NORTE;ÓLEO DIESEL MARÍTIMO;815
2013;NOV;REGIÃO NORDESTE;RIO GRANDE DO NORTE;ÓLEO DIESEL MARÍTIMO;781
2013;DEZ;REGIÃO NORDESTE;RIO GRANDE DO NORTE;ÓLEO DIESEL MARÍTIMO;557
2013;JAN;REGIÃO NORDESTE;PARAÍBA;ÓLEO DIESEL MARÍTIMO;10
2013;FEV;REGIÃO NORDESTE;PARAÍBA;ÓLEO DIESEL MARÍTIMO;20
2013;MAR;REGIÃO NORDESTE;PARAÍBA;ÓLEO DIESEL MARÍTIMO;0
2013;ABR;REGIÃO NORDESTE;PARAÍBA;ÓLEO DIESEL MARÍTIMO;15
2013;MAI;REGIÃO NORDESTE;PARAÍBA;ÓLEO DIESEL MARÍTIMO;25
2013;JUN;REGIÃO NORDESTE;PARAÍBA;ÓLEO DIESEL MARÍTIMO;0
2013;JUL;REGIÃO NORDESTE;PARAÍBA;ÓLEO DIESEL MARÍTIMO;15
2013;AGO;REGIÃO NORDESTE;PARAÍBA;ÓLEO DIESEL MARÍTIMO;0
2013;SET;REGIÃO NORDESTE;PARAÍBA;ÓLEO DIESEL MARÍTIMO;25
2013;OUT;REGIÃO NORDESTE;PARAÍBA;ÓLEO DIESEL MARÍTIMO;0
2013;NOV;REGIÃO NORDESTE;PARAÍBA;ÓLEO DIESEL MARÍTIMO;5
2013;DEZ;REGIÃO NORDESTE;PARAÍBA;ÓLEO DIESEL MARÍTIMO;141
2013;JAN;REGIÃO NORDESTE;PERNAMBUCO;ÓLEO DIESEL MARÍTIMO;290
2013;FEV;REGIÃO NORDESTE;PERNAMBUCO;ÓLEO DIESEL MARÍTIMO;553
2013;MAR;REGIÃO NORDESTE;PERNAMBUCO;ÓLEO DIESEL MARÍTIMO;643
2013;ABR;REGIÃO NORDESTE;PERNAMBUCO;ÓLEO DIESEL MARÍTIMO;551
2013;MAI;REGIÃO NORDESTE;PERNAMBUCO;ÓLEO DIESEL MARÍTIMO;378
2013;JUN;REGIÃO NORDESTE;PERNAMBUCO;ÓLEO DIESEL MARÍTIMO;361,5
2013;JUL;REGIÃO NORDESTE;PERNAMBUCO;ÓLEO DIESEL MARÍTIMO;795,5
2013;AGO;REGIÃO NORDESTE;PERNAMBUCO;ÓLEO DIESEL MARÍTIMO;700
2013;SET;REGIÃO NORDESTE;PERNAMBUCO;ÓLEO DIESEL MARÍTIMO;473
2013;OUT;REGIÃO NORDESTE;PERNAMBUCO;ÓLEO DIESEL MARÍTIMO;749
2013;NOV;REGIÃO NORDESTE;PERNAMBUCO;ÓLEO DIESEL MARÍTIMO;1068
2013;DEZ;REGIÃO NORDESTE;PERNAMBUCO;ÓLEO DIESEL MARÍTIMO;622,5
2013;JAN;REGIÃO NORDESTE;ALAGOAS;ÓLEO DIESEL MARÍTIMO;50
2013;FEV;REGIÃO NORDESTE;ALAGOAS;ÓLEO DIESEL MARÍTIMO;0
2013;MAR;REGIÃO NORDESTE;ALAGOAS;ÓLEO DIESEL MARÍTIMO;20
2013;ABR;REGIÃO NORDESTE;ALAGOAS;ÓLEO DIESEL MARÍTIMO;0
2013;MAI;REGIÃO NORDESTE;ALAGOAS;ÓLEO DIESEL MARÍTIMO;20
2013;JUN;REGIÃO NORDESTE;ALAGOAS;ÓLEO DIESEL MARÍTIMO;25
2013;JUL;REGIÃO NORDESTE;ALAGOAS;ÓLEO DIESEL MARÍTIMO;50
2013;AGO;REGIÃO NORDESTE;ALAGOAS;ÓLEO DIESEL MARÍTIMO;108
2013;SET;REGIÃO NORDESTE;ALAGOAS;ÓLEO DIESEL MARÍTIMO;70
2013;OUT;REGIÃO NORDESTE;ALAGOAS;ÓLEO DIESEL MARÍTIMO;83
2013;NOV;REGIÃO NORDESTE;ALAGOAS;ÓLEO DIESEL MARÍTIMO;138,5
2013;DEZ;REGIÃO NORDESTE;ALAGOAS;ÓLEO DIESEL MARÍTIMO;0
2013;JAN;REGIÃO NORDESTE;SERGIPE;ÓLEO DIESEL MARÍTIMO;239
2013;FEV;REGIÃO NORDESTE;SERGIPE;ÓLEO DIESEL MARÍTIMO;221
2013;MAR;REGIÃO NORDESTE;SERGIPE;ÓLEO DIESEL MARÍTIMO;238
2013;ABR;REGIÃO NORDESTE;SERGIPE;ÓLEO DIESEL MARÍTIMO;155
2013;MAI;REGIÃO NORDESTE;SERGIPE;ÓLEO DIESEL MARÍTIMO;210
2013;JUN;REGIÃO NORDESTE;SERGIPE;ÓLEO DIESEL MARÍTIMO;180
2013;JUL;REGIÃO NORDESTE;SERGIPE;ÓLEO DIESEL MARÍTIMO;215
2013;AGO;REGIÃO NORDESTE;SERGIPE;ÓLEO DIESEL MARÍTIMO;211
2013;SET;REGIÃO NORDESTE;SERGIPE;ÓLEO DIESEL MARÍTIMO;284
2013;OUT;REGIÃO NORDESTE;SERGIPE;ÓLEO DIESEL MARÍTIMO;248
2013;NOV;REGIÃO NORDESTE;SERGIPE;ÓLEO DIESEL MARÍTIMO;244
2013;DEZ;REGIÃO NORDESTE;SERGIPE;ÓLEO DIESEL MARÍTIMO;177
2013;JAN;REGIÃO NORDESTE;BAHIA;ÓLEO DIESEL MARÍTIMO;983
2013;FEV;REGIÃO NORDESTE;BAHIA;ÓLEO DIESEL MARÍTIMO;1104,813
2013;MAR;REGIÃO NORDESTE;BAHIA;ÓLEO DIESEL MARÍTIMO;955
2013;ABR;REGIÃO NORDESTE;BAHIA;ÓLEO DIESEL MARÍTIMO;1427,395
2013;MAI;REGIÃO NORDESTE;BAHIA;ÓLEO DIESEL MARÍTIMO;1949,535
2013;JUN;REGIÃO NORDESTE;BAHIA;ÓLEO DIESEL MARÍTIMO;1782,295
2013;JUL;REGIÃO NORDESTE;BAHIA;ÓLEO DIESEL MARÍTIMO;2150,834
2013;AGO;REGIÃO NORDESTE;BAHIA;ÓLEO DIESEL MARÍTIMO;2197,058
2013;SET;REGIÃO NORDESTE;BAHIA;ÓLEO DIESEL MARÍTIMO;1465,798
2013;OUT;REGIÃO NORDESTE;BAHIA;ÓLEO DIESEL MARÍTIMO;1416,245
2013;NOV;REGIÃO NORDESTE;BAHIA;ÓLEO DIESEL MARÍTIMO;1173
2013;DEZ;REGIÃO NORDESTE;BAHIA;ÓLEO DIESEL MARÍTIMO;1472,137
2013;JAN;REGIÃO SUDESTE;MINAS GERAIS;ÓLEO DIESEL MARÍTIMO;0
2013;FEV;REGIÃO SUDESTE;MINAS GERAIS;ÓLEO DIESEL MARÍTIMO;0
2013;MAR;REGIÃO SUDESTE;MINAS GERAIS;ÓLEO DIESEL MARÍTIMO;0
2013;ABR;REGIÃO SUDESTE;MINAS GERAIS;ÓLEO DIESEL MARÍTIMO;0
2013;MAI;REGIÃO SUDESTE;MINAS GERAIS;ÓLEO DIESEL MARÍTIMO;0
2013;JUN;REGIÃO SUDESTE;MINAS GERAIS;ÓLEO DIESEL MARÍTIMO;0
2013;JUL;REGIÃO SUDESTE;MINAS GERAIS;ÓLEO DIESEL MARÍTIMO;0
2013;AGO;REGIÃO SUDESTE;MINAS GERAIS;ÓLEO DIESEL MARÍTIMO;0
2013;SET;REGIÃO SUDESTE;MINAS GERAIS;ÓLEO DIESEL MARÍTIMO;0
2013;OUT;REGIÃO SUDESTE;MINAS GERAIS;ÓLEO DIESEL MARÍTIMO;0
2013;NOV;REGIÃO SUDESTE;MINAS GERAIS;ÓLEO DIESEL MARÍTIMO;0
2013;DEZ;REGIÃO SUDESTE;MINAS GERAIS;ÓLEO DIESEL MARÍTIMO;0
2013;JAN;REGIÃO SUDESTE;ESPÍRITO SANTO;ÓLEO DIESEL MARÍTIMO;2787,699
2013;FEV;REGIÃO SUDESTE;ESPÍRITO SANTO;ÓLEO DIESEL MARÍTIMO;3390,344
2013;MAR;REGIÃO SUDESTE;ESPÍRITO SANTO;ÓLEO DIESEL MARÍTIMO;2934,813
2013;ABR;REGIÃO SUDESTE;ESPÍRITO SANTO;ÓLEO DIESEL MARÍTIMO;3748,059
2013;MAI;REGIÃO SUDESTE;ESPÍRITO SANTO;ÓLEO DIESEL MARÍTIMO;3326,824
2013;JUN;REGIÃO SUDESTE;ESPÍRITO SANTO;ÓLEO DIESEL MARÍTIMO;4046,941
2013;JUL;REGIÃO SUDESTE;ESPÍRITO SANTO;ÓLEO DIESEL MARÍTIMO;3704,527
2013;AGO;REGIÃO SUDESTE;ESPÍRITO SANTO;ÓLEO DIESEL MARÍTIMO;3156,123
2013;SET;REGIÃO SUDESTE;ESPÍRITO SANTO;ÓLEO DIESEL MARÍTIMO;5431,737
2013;OUT;REGIÃO SUDESTE;ESPÍRITO SANTO;ÓLEO DIESEL MARÍTIMO;4256,708
2013;NOV;REGIÃO SUDESTE;ESPÍRITO SANTO;ÓLEO DIESEL MARÍTIMO;4348,759
2013;DEZ;REGIÃO SUDESTE;ESPÍRITO SANTO;ÓLEO DIESEL MARÍTIMO;3048,826
2013;JAN;REGIÃO SUDESTE;RIO DE JANEIRO;ÓLEO DIESEL MARÍTIMO;26139,873
2013;FEV;REGIÃO SUDESTE;RIO DE JANEIRO;ÓLEO DIESEL MARÍTIMO;24142,92
2013;MAR;REGIÃO SUDESTE;RIO DE JANEIRO;ÓLEO DIESEL MARÍTIMO;29052,951
2013;ABR;REGIÃO SUDESTE;RIO DE JANEIRO;ÓLEO DIESEL MARÍTIMO;25306,877
2013;MAI;REGIÃO SUDESTE;RIO DE JANEIRO;ÓLEO DIESEL MARÍTIMO;28093,381
2013;JUN;REGIÃO SUDESTE;RIO DE JANEIRO;ÓLEO DIESEL MARÍTIMO;24373,907
2013;JUL;REGIÃO SUDESTE;RIO DE JANEIRO;ÓLEO DIESEL MARÍTIMO;26529,315
2013;AGO;REGIÃO SUDESTE;RIO DE JANEIRO;ÓLEO DIESEL MARÍTIMO;27339,64
2013;SET;REGIÃO SUDESTE;RIO DE JANEIRO;ÓLEO DIESEL MARÍTIMO;25722,12
2013;OUT;REGIÃO SUDESTE;RIO DE JANEIRO;ÓLEO DIESEL MARÍTIMO;28271,4
2013;NOV;REGIÃO SUDESTE;RIO DE JANEIRO;ÓLEO DIESEL MARÍTIMO;29116,05
2013;DEZ;REGIÃO SUDESTE;RIO DE JANEIRO;ÓLEO DIESEL MARÍTIMO;29328,128
2013;JAN;REGIÃO SUDESTE;SÃO PAULO;ÓLEO DIESEL MARÍTIMO;3185,229
2013;FEV;REGIÃO SUDESTE;SÃO PAULO;ÓLEO DIESEL MARÍTIMO;2849,472
2013;MAR;REGIÃO SUDESTE;SÃO PAULO;ÓLEO DIESEL MARÍTIMO;2421,823
2013;ABR;REGIÃO SUDESTE;SÃO PAULO;ÓLEO DIESEL MARÍTIMO;2842,04
2013;MAI;REGIÃO SUDESTE;SÃO PAULO;ÓLEO DIESEL MARÍTIMO;2893,92
2013;JUN;REGIÃO SUDESTE;SÃO PAULO;ÓLEO DIESEL MARÍTIMO;2561,04
2013;JUL;REGIÃO SUDESTE;SÃO PAULO;ÓLEO DIESEL MARÍTIMO;3028,576
2013;AGO;REGIÃO SUDESTE;SÃO PAULO;ÓLEO DIESEL MARÍTIMO;2828,686
2013;SET;REGIÃO SUDESTE;SÃO PAULO;ÓLEO DIESEL MARÍTIMO;2680
2013;OUT;REGIÃO SUDESTE;SÃO PAULO;ÓLEO DIESEL MARÍTIMO;3134,041
2013;NOV;REGIÃO SUDESTE;SÃO PAULO;ÓLEO DIESEL MARÍTIMO;2868,461
2013;DEZ;REGIÃO SUDESTE;SÃO PAULO;ÓLEO DIESEL MARÍTIMO;2862,068
2013;JAN;REGIÃO SUL;PARANÁ;ÓLEO DIESEL MARÍTIMO;666,38
2013;FEV;REGIÃO SUL;PARANÁ;ÓLEO DIESEL MARÍTIMO;696,592
2013;MAR;REGIÃO SUL;PARANÁ;ÓLEO DIESEL MARÍTIMO;603,9
2013;ABR;REGIÃO SUL;PARANÁ;ÓLEO DIESEL MARÍTIMO;249,5
2013;MAI;REGIÃO SUL;PARANÁ;ÓLEO DIESEL MARÍTIMO;438,382
2013;JUN;REGIÃO SUL;PARANÁ;ÓLEO DIESEL MARÍTIMO;704,419
2013;JUL;REGIÃO SUL;PARANÁ;ÓLEO DIESEL MARÍTIMO;437,5
2013;AGO;REGIÃO SUL;PARANÁ;ÓLEO DIESEL MARÍTIMO;328,72
2013;SET;REGIÃO SUL;PARANÁ;ÓLEO DIESEL MARÍTIMO;373,5
2013;OUT;REGIÃO SUL;PARANÁ;ÓLEO DIESEL MARÍTIMO;372,5
2013;NOV;REGIÃO SUL;PARANÁ;ÓLEO DIESEL MARÍTIMO;440,5
2013;DEZ;REGIÃO SUL;PARANÁ;ÓLEO DIESEL MARÍTIMO;446,5
2013;JAN;REGIÃO SUL;SANTA CATARINA;ÓLEO DIESEL MARÍTIMO;4103,31
2013;FEV;REGIÃO SUL;SANTA CATARINA;ÓLEO DIESEL MARÍTIMO;4834
2013;MAR;REGIÃO SUL;SANTA CATARINA;ÓLEO DIESEL MARÍTIMO;4633
2013;ABR;REGIÃO SUL;SANTA CATARINA;ÓLEO DIESEL MARÍTIMO;4787
2013;MAI;REGIÃO SUL;SANTA CATARINA;ÓLEO DIESEL MARÍTIMO;5955,5
2013;JUN;REGIÃO SUL;SANTA CATARINA;ÓLEO DIESEL MARÍTIMO;5714,6
2013;JUL;REGIÃO SUL;SANTA CATARINA;ÓLEO DIESEL MARÍTIMO;5965
2013;AGO;REGIÃO SUL;SANTA CATARINA;ÓLEO DIESEL MARÍTIMO;4729,5
2013;SET;REGIÃO SUL;SANTA CATARINA;ÓLEO DIESEL MARÍTIMO;5289,539
2013;OUT;REGIÃO SUL;SANTA CATARINA;ÓLEO DIESEL MARÍTIMO;6027,75
2013;NOV;REGIÃO SUL;SANTA CATARINA;ÓLEO DIESEL MARÍTIMO;4882,75
2013;DEZ;REGIÃO SUL;SANTA CATARINA;ÓLEO DIESEL MARÍTIMO;5599,985
2013;JAN;REGIÃO SUL;RIO GRANDE DO SUL;ÓLEO DIESEL MARÍTIMO;1818
2013;FEV;REGIÃO SUL;RIO GRANDE DO SUL;ÓLEO DIESEL MARÍTIMO;1878
2013;MAR;REGIÃO SUL;RIO GRANDE DO SUL;ÓLEO DIESEL MARÍTIMO;1885,332
2013;ABR;REGIÃO SUL;RIO GRANDE DO SUL;ÓLEO DIESEL MARÍTIMO;2411
2013;MAI;REGIÃO SUL;RIO GRANDE DO SUL;ÓLEO DIESEL MARÍTIMO;2549
2013;JUN;REGIÃO SUL;RIO GRANDE DO SUL;ÓLEO DIESEL MARÍTIMO;3075,162
2013;JUL;REGIÃO SUL;RIO GRANDE DO SUL;ÓLEO DIESEL MARÍTIMO;2283
2013;AGO;REGIÃO SUL;RIO GRANDE DO SUL;ÓLEO DIESEL MARÍTIMO;2334
2013;SET;REGIÃO SUL;RIO GRANDE DO SUL;ÓLEO DIESEL MARÍTIMO;1911
2013;OUT;REGIÃO SUL;RIO GRANDE DO SUL;ÓLEO DIESEL MARÍTIMO;2971
2013;NOV;REGIÃO SUL;RIO GRANDE DO SUL;ÓLEO DIESEL MARÍTIMO;2393
2013;DEZ;REGIÃO SUL;RIO GRANDE DO SUL;ÓLEO DIESEL MARÍTIMO;2153
2013;JAN;REGIÃO CENTRO-OESTE;MATO GROSSO DO SUL;ÓLEO DIESEL MARÍTIMO;90
2013;FEV;REGIÃO CENTRO-OESTE;MATO GROSSO DO SUL;ÓLEO DIESEL MARÍTIMO;0
2013;MAR;REGIÃO CENTRO-OESTE;MATO GROSSO DO SUL;ÓLEO DIESEL MARÍTIMO;90
2013;ABR;REGIÃO CENTRO-OESTE;MATO GROSSO DO SUL;ÓLEO DIESEL MARÍTIMO;180
2013;MAI;REGIÃO CENTRO-OESTE;MATO GROSSO DO SUL;ÓLEO DIESEL MARÍTIMO;90
2013;JUN;REGIÃO CENTRO-OESTE;MATO GROSSO DO SUL;ÓLEO DIESEL MARÍTIMO;90
2013;JUL;REGIÃO CENTRO-OESTE;MATO GROSSO DO SUL;ÓLEO DIESEL MARÍTIMO;90
2013;AGO;REGIÃO CENTRO-OESTE;MATO GROSSO DO SUL;ÓLEO DIESEL MARÍTIMO;0
2013;SET;REGIÃO CENTRO-OESTE;MATO GROSSO DO SUL;ÓLEO DIESEL MARÍTIMO;0
2013;OUT;REGIÃO CENTRO-OESTE;MATO GROSSO DO SUL;ÓLEO DIESEL MARÍTIMO;90
2013;NOV;REGIÃO CENTRO-OESTE;MATO GROSSO DO SUL;ÓLEO DIESEL MARÍTIMO;90
2013;DEZ;REGIÃO CENTRO-OESTE;MATO GROSSO DO SUL;ÓLEO DIESEL MARÍTIMO;0
2013;JAN;REGIÃO CENTRO-OESTE;MATO GROSSO;ÓLEO DIESEL MARÍTIMO;0
2013;FEV;REGIÃO CENTRO-OESTE;MATO GROSSO;ÓLEO DIESEL MARÍTIMO;0
2013;MAR;REGIÃO CENTRO-OESTE;MATO GROSSO;ÓLEO DIESEL MARÍTIMO;0
2013;ABR;REGIÃO CENTRO-OESTE;MATO GROSSO;ÓLEO DIESEL MARÍTIMO;0
2013;MAI;REGIÃO CENTRO-OESTE;MATO GROSSO;ÓLEO DIESEL MARÍTIMO;0
2013;JUN;REGIÃO CENTRO-OESTE;MATO GROSSO;ÓLEO DIESEL MARÍTIMO;0
2013;JUL;REGIÃO CENTRO-OESTE;MATO GROSSO;ÓLEO DIESEL MARÍTIMO;0
2013;AGO;REGIÃO CENTRO-OESTE;MATO GROSSO;ÓLEO DIESEL MARÍTIMO;0
2013;SET;REGIÃO CENTRO-OESTE;MATO GROSSO;ÓLEO DIESEL MARÍTIMO;0
2013;OUT;REGIÃO CENTRO-OESTE;MATO GROSSO;ÓLEO DIESEL MARÍTIMO;0
2013;NOV;REGIÃO CENTRO-OESTE;MATO GROSSO;ÓLEO DIESEL MARÍTIMO;0
2013;DEZ;REGIÃO CENTRO-OESTE;MATO GROSSO;ÓLEO DIESEL MARÍTIMO;0
2013;JAN;REGIÃO CENTRO-OESTE;GOIÁS;ÓLEO DIESEL MARÍTIMO;0
2013;FEV;REGIÃO CENTRO-OESTE;GOIÁS;ÓLEO DIESEL MARÍTIMO;0
2013;MAR;REGIÃO CENTRO-OESTE;GOIÁS;ÓLEO DIESEL MARÍTIMO;0
2013;ABR;REGIÃO CENTRO-OESTE;GOIÁS;ÓLEO DIESEL MARÍTIMO;0
2013;MAI;REGIÃO CENTRO-OESTE;GOIÁS;ÓLEO DIESEL MARÍTIMO;0
2013;JUN;REGIÃO CENTRO-OESTE;GOIÁS;ÓLEO DIESEL MARÍTIMO;0
2013;JUL;REGIÃO CENTRO-OESTE;GOIÁS;ÓLEO DIESEL MARÍTIMO;0
2013;AGO;REGIÃO CENTRO-OESTE;GOIÁS;ÓLEO DIESEL MARÍTIMO;0
2013;SET;REGIÃO CENTRO-OESTE;GOIÁS;ÓLEO DIESEL MARÍTIMO;0
2013;OUT;REGIÃO CENTRO-OESTE;GOIÁS;ÓLEO DIESEL MARÍTIMO;0
2013;NOV;REGIÃO CENTRO-OESTE;GOIÁS;ÓLEO DIESEL MARÍTIMO;0
2013;DEZ;REGIÃO CENTRO-OESTE;GOIÁS;ÓLEO DIESEL MARÍTIMO;0
2013;JAN;REGIÃO CENTRO-OESTE;DISTRITO FEDERAL;ÓLEO DIESEL MARÍTIMO;0
2013;FEV;REGIÃO CENTRO-OESTE;DISTRITO FEDERAL;ÓLEO DIESEL MARÍTIMO;0
2013;MAR;REGIÃO CENTRO-OESTE;DISTRITO FEDERAL;ÓLEO DIESEL MARÍTIMO;0
2013;ABR;REGIÃO CENTRO-OESTE;DISTRITO FEDERAL;ÓLEO DIESEL MARÍTIMO;0
2013;MAI;REGIÃO CENTRO-OESTE;DISTRITO FEDERAL;ÓLEO DIESEL MARÍTIMO;0
2013;JUN;REGIÃO CENTRO-OESTE;DISTRITO FEDERAL;ÓLEO DIESEL MARÍTIMO;0
2013;JUL;REGIÃO CENTRO-OESTE;DISTRITO FEDERAL;ÓLEO DIESEL MARÍTIMO;0
2013;AGO;REGIÃO CENTRO-OESTE;DISTRITO FEDERAL;ÓLEO DIESEL MARÍTIMO;0
2013;SET;REGIÃO CENTRO-OESTE;DISTRITO FEDERAL;ÓLEO DIESEL MARÍTIMO;0
2013;OUT;REGIÃO CENTRO-OESTE;DISTRITO FEDERAL;ÓLEO DIESEL MARÍTIMO;0
2013;NOV;REGIÃO CENTRO-OESTE;DISTRITO FEDERAL;ÓLEO DIESEL MARÍTIMO;0
2013;DEZ;REGIÃO CENTRO-OESTE;DISTRITO FEDERAL;ÓLEO DIESEL MARÍTIMO;0
2013;JAN;REGIÃO NORTE;RONDÔNIA;ÓLEO DIESEL (OUTROS );115
2013;FEV;REGIÃO NORTE;RONDÔNIA;ÓLEO DIESEL (OUTROS );115
2013;MAR;REGIÃO NORTE;RONDÔNIA;ÓLEO DIESEL (OUTROS );344
2013;ABR;REGIÃO NORTE;RONDÔNIA;ÓLEO DIESEL (OUTROS );199
2013;MAI;REGIÃO NORTE;RONDÔNIA;ÓLEO DIESEL (OUTROS );0
2013;JUN;REGIÃO NORTE;RONDÔNIA;ÓLEO DIESEL (OUTROS );0
2013;JUL;REGIÃO NORTE;RONDÔNIA;ÓLEO DIESEL (OUTROS );0
2013;AGO;REGIÃO NORTE;RONDÔNIA;ÓLEO DIESEL (OUTROS );10
2013;SET;REGIÃO NORTE;RONDÔNIA;ÓLEO DIESEL (OUTROS );10
2013;OUT;REGIÃO NORTE;RONDÔNIA;ÓLEO DIESEL (OUTROS );10
2013;NOV;REGIÃO NORTE;RONDÔNIA;ÓLEO DIESEL (OUTROS );20
2013;DEZ;REGIÃO NORTE;RONDÔNIA;ÓLEO DIESEL (OUTROS );10
2013;JAN;REGIÃO NORTE;ACRE;ÓLEO DIESEL (OUTROS );8
2013;FEV;REGIÃO NORTE;ACRE;ÓLEO DIESEL (OUTROS );8
2013;MAR;REGIÃO NORTE;ACRE;ÓLEO DIESEL (OUTROS );58
2013;ABR;REGIÃO NORTE;ACRE;ÓLEO DIESEL (OUTROS );17
2013;MAI;REGIÃO NORTE;ACRE;ÓLEO DIESEL (OUTROS );0
2013;JUN;REGIÃO NORTE;ACRE;ÓLEO DIESEL (OUTROS );0
2013;JUL;REGIÃO NORTE;ACRE;ÓLEO DIESEL (OUTROS );0
2013;AGO;REGIÃO NORTE;ACRE;ÓLEO DIESEL (OUTROS );0
2013;SET;REGIÃO NORTE;ACRE;ÓLEO DIESEL (OUTROS );0
2013;OUT;REGIÃO NORTE;ACRE;ÓLEO DIESEL (OUTROS );0
2013;NOV;REGIÃO NORTE;ACRE;ÓLEO DIESEL (OUTROS );0
2013;DEZ;REGIÃO NORTE;ACRE;ÓLEO DIESEL (OUTROS );0
2013;JAN;REGIÃO NORTE;AMAZONAS;ÓLEO DIESEL (OUTROS );160
2013;FEV;REGIÃO NORTE;AMAZONAS;ÓLEO DIESEL (OUTROS );195
2013;MAR;REGIÃO NORTE;AMAZONAS;ÓLEO DIESEL (OUTROS );265
2013;ABR;REGIÃO NORTE;AMAZONAS;ÓLEO DIESEL (OUTROS );300
2013;MAI;REGIÃO NORTE;AMAZONAS;ÓLEO DIESEL (OUTROS );0
2013;JUN;REGIÃO NORTE;AMAZONAS;ÓLEO DIESEL (OUTROS );0
2013;JUL;REGIÃO NORTE;AMAZONAS;ÓLEO DIESEL (OUTROS );0
2013;AGO;REGIÃO NORTE;AMAZONAS;ÓLEO DIESEL (OUTROS );0
2013;SET;REGIÃO NORTE;AMAZONAS;ÓLEO DIESEL (OUTROS );0
2013;OUT;REGIÃO NORTE;AMAZONAS;ÓLEO DIESEL (OUTROS );0
2013;NOV;REGIÃO NORTE;AMAZONAS;ÓLEO DIESEL (OUTROS );0
2013;DEZ;REGIÃO NORTE;AMAZONAS;ÓLEO DIESEL (OUTROS );0
2013;JAN;REGIÃO NORTE;RORAIMA;ÓLEO DIESEL (OUTROS );0
2013;FEV;REGIÃO NORTE;RORAIMA;ÓLEO DIESEL (OUTROS );10
2013;MAR;REGIÃO NORTE;RORAIMA;ÓLEO DIESEL (OUTROS );45
2013;ABR;REGIÃO NORTE;RORAIMA;ÓLEO DIESEL (OUTROS );30
2013;MAI;REGIÃO NORTE;RORAIMA;ÓLEO DIESEL (OUTROS );0
2013;JUN;REGIÃO NORTE;RORAIMA;ÓLEO DIESEL (OUTROS );0
2013;JUL;REGIÃO NORTE;RORAIMA;ÓLEO DIESEL (OUTROS );0
2013;AGO;REGIÃO NORTE;RORAIMA;ÓLEO DIESEL (OUTROS );0
2013;SET;REGIÃO NORTE;RORAIMA;ÓLEO DIESEL (OUTROS );0
2013;OUT;REGIÃO NORTE;RORAIMA;ÓLEO DIESEL (OUTROS );0
2013;NOV;REGIÃO NORTE;RORAIMA;ÓLEO DIESEL (OUTROS );0
2013;DEZ;REGIÃO NORTE;RORAIMA;ÓLEO DIESEL (OUTROS );0
2013;JAN;REGIÃO NORTE;PARÁ;ÓLEO DIESEL (OUTROS );0
2013;FEV;REGIÃO NORTE;PARÁ;ÓLEO DIESEL (OUTROS );0
2013;MAR;REGIÃO NORTE;PARÁ;ÓLEO DIESEL (OUTROS );0
2013;ABR;REGIÃO NORTE;PARÁ;ÓLEO DIESEL (OUTROS );0
2013;MAI;REGIÃO NORTE;PARÁ;ÓLEO DIESEL (OUTROS );0
2013;JUN;REGIÃO NORTE;PARÁ;ÓLEO DIESEL (OUTROS );0
2013;JUL;REGIÃO NORTE;PARÁ;ÓLEO DIESEL (OUTROS );0
2013;AGO;REGIÃO NORTE;PARÁ;ÓLEO DIESEL (OUTROS );0
2013;SET;REGIÃO NORTE;PARÁ;ÓLEO DIESEL (OUTROS );4
2013;OUT;REGIÃO NORTE;PARÁ;ÓLEO DIESEL (OUTROS );0
2013;NOV;REGIÃO NORTE;PARÁ;ÓLEO DIESEL (OUTROS );0
2013;DEZ;REGIÃO NORTE;PARÁ;ÓLEO DIESEL (OUTROS );0
2013;JAN;REGIÃO NORTE;AMAPÁ;ÓLEO DIESEL (OUTROS );0
2013;FEV;REGIÃO NORTE;AMAPÁ;ÓLEO DIESEL (OUTROS );0
2013;MAR;REGIÃO NORTE;AMAPÁ;ÓLEO DIESEL (OUTROS );0
2013;ABR;REGIÃO NORTE;AMAPÁ;ÓLEO DIESEL (OUTROS );0
2013;MAI;REGIÃO NORTE;AMAPÁ;ÓLEO DIESEL (OUTROS );0
2013;JUN;REGIÃO NORTE;AMAPÁ;ÓLEO DIESEL (OUTROS );0
2013;JUL;REGIÃO NORTE;AMAPÁ;ÓLEO DIESEL (OUTROS );0
2013;AGO;REGIÃO NORTE;AMAPÁ;ÓLEO DIESEL (OUTROS );0
2013;SET;REGIÃO NORTE;AMAPÁ;ÓLEO DIESEL (OUTROS );0
2013;OUT;REGIÃO NORTE;AMAPÁ;ÓLEO DIESEL (OUTROS );0
2013;NOV;REGIÃO NORTE;AMAPÁ;ÓLEO DIESEL (OUTROS );0
2013;DEZ;REGIÃO NORTE;AMAPÁ;ÓLEO DIESEL (OUTROS );0
2013;JAN;REGIÃO NORTE;TOCANTINS;ÓLEO DIESEL (OUTROS );0
2013;FEV;REGIÃO NORTE;TOCANTINS;ÓLEO DIESEL (OUTROS );0
2013;MAR;REGIÃO NORTE;TOCANTINS;ÓLEO DIESEL (OUTROS );0
2013;ABR;REGIÃO NORTE;TOCANTINS;ÓLEO DIESEL (OUTROS );0
2013;MAI;REGIÃO NORTE;TOCANTINS;ÓLEO DIESEL (OUTROS );0
2013;JUN;REGIÃO NORTE;TOCANTINS;ÓLEO DIESEL (OUTROS );0
2013;JUL;REGIÃO NORTE;TOCANTINS;ÓLEO DIESEL (OUTROS );0
2013;AGO;REGIÃO NORTE;TOCANTINS;ÓLEO DIESEL (OUTROS );0
2013;SET;REGIÃO NORTE;TOCANTINS;ÓLEO DIESEL (OUTROS );0
2013;OUT;REGIÃO NORTE;TOCANTINS;ÓLEO DIESEL (OUTROS );0
2013;NOV;REGIÃO NORTE;TOCANTINS;ÓLEO DIESEL (OUTROS );0
2013;DEZ;REGIÃO NORTE;TOCANTINS;ÓLEO DIESEL (OUTROS );0
2013;JAN;REGIÃO NORDESTE;MARANHÃO;ÓLEO DIESEL (OUTROS );0
2013;FEV;REGIÃO NORDESTE;MARANHÃO;ÓLEO DIESEL (OUTROS );0
2013;MAR;REGIÃO NORDESTE;MARANHÃO;ÓLEO DIESEL (OUTROS );0
2013;ABR;REGIÃO NORDESTE;MARANHÃO;ÓLEO DIESEL (OUTROS );0
2013;MAI;REGIÃO NORDESTE;MARANHÃO;ÓLEO DIESEL (OUTROS );0
2013;JUN;REGIÃO NORDESTE;MARANHÃO;ÓLEO DIESEL (OUTROS );0
2013;JUL;REGIÃO NORDESTE;MARANHÃO;ÓLEO DIESEL (OUTROS );0
2013;AGO;REGIÃO NORDESTE;MARANHÃO;ÓLEO DIESEL (OUTROS );0
2013;SET;REGIÃO NORDESTE;MARANHÃO;ÓLEO DIESEL (OUTROS );0
2013;OUT;REGIÃO NORDESTE;MARANHÃO;ÓLEO DIESEL (OUTROS );0
2013;NOV;REGIÃO NORDESTE;MARANHÃO;ÓLEO DIESEL (OUTROS );0
2013;DEZ;REGIÃO NORDESTE;MARANHÃO;ÓLEO DIESEL (OUTROS );0
2013;JAN;REGIÃO NORDESTE;PIAUÍ;ÓLEO DIESEL (OUTROS );0
2013;FEV;REGIÃO NORDESTE;PIAUÍ;ÓLEO DIESEL (OUTROS );0
2013;MAR;REGIÃO NORDESTE;PIAUÍ;ÓLEO DIESEL (OUTROS );0
2013;ABR;REGIÃO NORDESTE;PIAUÍ;ÓLEO DIESEL (OUTROS );0
2013;MAI;REGIÃO NORDESTE;PIAUÍ;ÓLEO DIESEL (OUTROS );0
2013;JUN;REGIÃO NORDESTE;PIAUÍ;ÓLEO DIESEL (OUTROS );0
2013;JUL;REGIÃO NORDESTE;PIAUÍ;ÓLEO DIESEL (OUTROS );0
2013;AGO;REGIÃO NORDESTE;PIAUÍ;ÓLEO DIESEL (OUTROS );0
2013;SET;REGIÃO NORDESTE;PIAUÍ;ÓLEO DIESEL (OUTROS );0
2013;OUT;REGIÃO NORDESTE;PIAUÍ;ÓLEO DIESEL (OUTROS );0
2013;NOV;REGIÃO NORDESTE;PIAUÍ;ÓLEO DIESEL (OUTROS );0
2013;DEZ;REGIÃO NORDESTE;PIAUÍ;ÓLEO DIESEL (OUTROS );0
2013;JAN;REGIÃO NORDESTE;CEARÁ;ÓLEO DIESEL (OUTROS );0
2013;FEV;REGIÃO NORDESTE;CEARÁ;ÓLEO DIESEL (OUTROS );0
2013;MAR;REGIÃO NORDESTE;CEARÁ;ÓLEO DIESEL (OUTROS );0
2013;ABR;REGIÃO NORDESTE;CEARÁ;ÓLEO DIESEL (OUTROS );0
2013;MAI;REGIÃO NORDESTE;CEARÁ;ÓLEO DIESEL (OUTROS );0
2013;JUN;REGIÃO NORDESTE;CEARÁ;ÓLEO DIESEL (OUTROS );0
2013;JUL;REGIÃO NORDESTE;CEARÁ;ÓLEO DIESEL (OUTROS );0
2013;AGO;REGIÃO NORDESTE;CEARÁ;ÓLEO DIESEL (OUTROS );0
2013;SET;REGIÃO NORDESTE;CEARÁ;ÓLEO DIESEL (OUTROS );0
2013;OUT;REGIÃO NORDESTE;CEARÁ;ÓLEO DIESEL (OUTROS );0
2013;NOV;REGIÃO NORDESTE;CEARÁ;ÓLEO DIESEL (OUTROS );0
2013;DEZ;REGIÃO NORDESTE;CEARÁ;ÓLEO DIESEL (OUTROS );0
2013;JAN;REGIÃO NORDESTE;RIO GRANDE DO NORTE;ÓLEO DIESEL (OUTROS );0
2013;FEV;REGIÃO NORDESTE;RIO GRANDE DO NORTE;ÓLEO DIESEL (OUTROS );0
2013;MAR;REGIÃO NORDESTE;RIO GRANDE DO NORTE;ÓLEO DIESEL (OUTROS );0
2013;ABR;REGIÃO NORDESTE;RIO GRANDE DO NORTE;ÓLEO DIESEL (OUTROS );0
2013;MAI;REGIÃO NORDESTE;RIO GRANDE DO NORTE;ÓLEO DIESEL (OUTROS );0
2013;JUN;REGIÃO NORDESTE;RIO GRANDE DO NORTE;ÓLEO DIESEL (OUTROS );0
2013;JUL;REGIÃO NORDESTE;RIO GRANDE DO NORTE;ÓLEO DIESEL (OUTROS );0
2013;AGO;REGIÃO NORDESTE;RIO GRANDE DO NORTE;ÓLEO DIESEL (OUTROS );0
2013;SET;REGIÃO NORDESTE;RIO GRANDE DO NORTE;ÓLEO DIESEL (OUTROS );0
2013;OUT;REGIÃO NORDESTE;RIO GRANDE DO NORTE;ÓLEO DIESEL (OUTROS );0
2013;NOV;REGIÃO NORDESTE;RIO GRANDE DO NORTE;ÓLEO DIESEL (OUTROS );0
2013;DEZ;REGIÃO NORDESTE;RIO GRANDE DO NORTE;ÓLEO DIESEL (OUTROS );0
2013;JAN;REGIÃO NORDESTE;PARAÍBA;ÓLEO DIESEL (OUTROS );0
2013;FEV;REGIÃO NORDESTE;PARAÍBA;ÓLEO DIESEL (OUTROS );0
2013;MAR;REGIÃO NORDESTE;PARAÍBA;ÓLEO DIESEL (OUTROS );0
2013;ABR;REGIÃO NORDESTE;PARAÍBA;ÓLEO DIESEL (OUTROS );0
2013;MAI;REGIÃO NORDESTE;PARAÍBA;ÓLEO DIESEL (OUTROS );0
2013;JUN;REGIÃO NORDESTE;PARAÍBA;ÓLEO DIESEL (OUTROS );0
2013;JUL;REGIÃO NORDESTE;PARAÍBA;ÓLEO DIESEL (OUTROS );0
2013;AGO;REGIÃO NORDESTE;PARAÍBA;ÓLEO DIESEL (OUTROS );0
2013;SET;REGIÃO NORDESTE;PARAÍBA;ÓLEO DIESEL (OUTROS );0
2013;OUT;REGIÃO NORDESTE;PARAÍBA;ÓLEO DIESEL (OUTROS );0
2013;NOV;REGIÃO NORDESTE;PARAÍBA;ÓLEO DIESEL (OUTROS );0
2013;DEZ;REGIÃO NORDESTE;PARAÍBA;ÓLEO DIESEL (OUTROS );0
2013;JAN;REGIÃO NORDESTE;PERNAMBUCO;ÓLEO DIESEL (OUTROS );0
2013;FEV;REGIÃO NORDESTE;PERNAMBUCO;ÓLEO DIESEL (OUTROS );51,5
2013;MAR;REGIÃO NORDESTE;PERNAMBUCO;ÓLEO DIESEL (OUTROS );105,5
2013;ABR;REGIÃO NORDESTE;PERNAMBUCO;ÓLEO DIESEL (OUTROS );0
2013;MAI;REGIÃO NORDESTE;PERNAMBUCO;ÓLEO DIESEL (OUTROS );0
2013;JUN;REGIÃO NORDESTE;PERNAMBUCO;ÓLEO DIESEL (OUTROS );0
2013;JUL;REGIÃO NORDESTE;PERNAMBUCO;ÓLEO DIESEL (OUTROS );97
2013;AGO;REGIÃO NORDESTE;PERNAMBUCO;ÓLEO DIESEL (OUTROS );68
2013;SET;REGIÃO NORDESTE;PERNAMBUCO;ÓLEO DIESEL (OUTROS );85
2013;OUT;REGIÃO NORDESTE;PERNAMBUCO;ÓLEO DIESEL (OUTROS );0
2013;NOV;REGIÃO NORDESTE;PERNAMBUCO;ÓLEO DIESEL (OUTROS );0
2013;DEZ;REGIÃO NORDESTE;PERNAMBUCO;ÓLEO DIESEL (OUTROS );382,5
2013;JAN;REGIÃO NORDESTE;ALAGOAS;ÓLEO DIESEL (OUTROS );0
2013;FEV;REGIÃO NORDESTE;ALAGOAS;ÓLEO DIESEL (OUTROS );0
2013;MAR;REGIÃO NORDESTE;ALAGOAS;ÓLEO DIESEL (OUTROS );0
2013;ABR;REGIÃO NORDESTE;ALAGOAS;ÓLEO DIESEL (OUTROS );0
2013;MAI;REGIÃO NORDESTE;ALAGOAS;ÓLEO DIESEL (OUTROS );0
2013;JUN;REGIÃO NORDESTE;ALAGOAS;ÓLEO DIESEL (OUTROS );0
2013;JUL;REGIÃO NORDESTE;ALAGOAS;ÓLEO DIESEL (OUTROS );0
2013;AGO;REGIÃO NORDESTE;ALAGOAS;ÓLEO DIESEL (OUTROS );0
2013;SET;REGIÃO NORDESTE;ALAGOAS;ÓLEO DIESEL (OUTROS );0
2013;OUT;REGIÃO NORDESTE;ALAGOAS;ÓLEO DIESEL (OUTROS );0
2013;NOV;REGIÃO NORDESTE;ALAGOAS;ÓLEO DIESEL (OUTROS );0
2013;DEZ;REGIÃO NORDESTE;ALAGOAS;ÓLEO DIESEL (OUTROS );0
2013;JAN;REGIÃO NORDESTE;SERGIPE;ÓLEO DIESEL (OUTROS );0
2013;FEV;REGIÃO NORDESTE;SERGIPE;ÓLEO DIESEL (OUTROS );0
2013;MAR;REGIÃO NORDESTE;SERGIPE;ÓLEO DIESEL (OUTROS );0
2013;ABR;REGIÃO NORDESTE;SERGIPE;ÓLEO DIESEL (OUTROS );0
2013;MAI;REGIÃO NORDESTE;SERGIPE;ÓLEO DIESEL (OUTROS );0
2013;JUN;REGIÃO NORDESTE;SERGIPE;ÓLEO DIESEL (OUTROS );0
2013;JUL;REGIÃO NORDESTE;SERGIPE;ÓLEO DIESEL (OUTROS );0
2013;AGO;REGIÃO NORDESTE;SERGIPE;ÓLEO DIESEL (OUTROS );0
2013;SET;REGIÃO NORDESTE;SERGIPE;ÓLEO DIESEL (OUTROS );0
2013;OUT;REGIÃO NORDESTE;SERGIPE;ÓLEO DIESEL (OUTROS );0
2013;NOV;REGIÃO NORDESTE;SERGIPE;ÓLEO DIESEL (OUTROS );0
2013;DEZ;REGIÃO NORDESTE;SERGIPE;ÓLEO DIESEL (OUTROS );0
2013;JAN;REGIÃO NORDESTE;BAHIA;ÓLEO DIESEL (OUTROS );0
2013;FEV;REGIÃO NORDESTE;BAHIA;ÓLEO DIESEL (OUTROS );0
2013;MAR;REGIÃO NORDESTE;BAHIA;ÓLEO DIESEL (OUTROS );0
2013;ABR;REGIÃO NORDESTE;BAHIA;ÓLEO DIESEL (OUTROS );0
2013;MAI;REGIÃO NORDESTE;BAHIA;ÓLEO DIESEL (OUTROS );0
2013;JUN;REGIÃO NORDESTE;BAHIA;ÓLEO DIESEL (OUTROS );0
2013;JUL;REGIÃO NORDESTE;BAHIA;ÓLEO DIESEL (OUTROS );0
2013;AGO;REGIÃO NORDESTE;BAHIA;ÓLEO DIESEL (OUTROS );5
2013;SET;REGIÃO NORDESTE;BAHIA;ÓLEO DIESEL (OUTROS );0
2013;OUT;REGIÃO NORDESTE;BAHIA;ÓLEO DIESEL (OUTROS );0
2013;NOV;REGIÃO NORDESTE;BAHIA;ÓLEO DIESEL (OUTROS );0
2013;DEZ;REGIÃO NORDESTE;BAHIA;ÓLEO DIESEL (OUTROS );0
2013;JAN;REGIÃO SUDESTE;MINAS GERAIS;ÓLEO DIESEL (OUTROS );4,08
2013;FEV;REGIÃO SUDESTE;MINAS GERAIS;ÓLEO DIESEL (OUTROS );0
2013;MAR;REGIÃO SUDESTE;MINAS GERAIS;ÓLEO DIESEL (OUTROS );4,537
2013;ABR;REGIÃO SUDESTE;MINAS GERAIS;ÓLEO DIESEL (OUTROS );7,568
2013;MAI;REGIÃO SUDESTE;MINAS GERAIS;ÓLEO DIESEL (OUTROS );4,154
2013;JUN;REGIÃO SUDESTE;MINAS GERAIS;ÓLEO DIESEL (OUTROS );2,491
2013;JUL;REGIÃO SUDESTE;MINAS GERAIS;ÓLEO DIESEL (OUTROS );4,855
2013;AGO;REGIÃO SUDESTE;MINAS GERAIS;ÓLEO DIESEL (OUTROS );4,557
2013;SET;REGIÃO SUDESTE;MINAS GERAIS;ÓLEO DIESEL (OUTROS );9,003
2013;OUT;REGIÃO SUDESTE;MINAS GERAIS;ÓLEO DIESEL (OUTROS );4,812
2013;NOV;REGIÃO SUDESTE;MINAS GERAIS;ÓLEO DIESEL (OUTROS );3,297
2013;DEZ;REGIÃO SUDESTE;MINAS GERAIS;ÓLEO DIESEL (OUTROS );2,616
2013;JAN;REGIÃO SUDESTE;ESPÍRITO SANTO;ÓLEO DIESEL (OUTROS );0
2013;FEV;REGIÃO SUDESTE;ESPÍRITO SANTO;ÓLEO DIESEL (OUTROS );0
2013;MAR;REGIÃO SUDESTE;ESPÍRITO SANTO;ÓLEO DIESEL (OUTROS );0
2013;ABR;REGIÃO SUDESTE;ESPÍRITO SANTO;ÓLEO DIESEL (OUTROS );0
2013;MAI;REGIÃO SUDESTE;ESPÍRITO SANTO;ÓLEO DIESEL (OUTROS );0
2013;JUN;REGIÃO SUDESTE;ESPÍRITO SANTO;ÓLEO DIESEL (OUTROS );0
2013;JUL;REGIÃO SUDESTE;ESPÍRITO SANTO;ÓLEO DIESEL (OUTROS );0
2013;AGO;REGIÃO SUDESTE;ESPÍRITO SANTO;ÓLEO DIESEL (OUTROS );0
2013;SET;REGIÃO SUDESTE;ESPÍRITO SANTO;ÓLEO DIESEL (OUTROS );0
2013;OUT;REGIÃO SUDESTE;ESPÍRITO SANTO;ÓLEO DIESEL (OUTROS );0
2013;NOV;REGIÃO SUDESTE;ESPÍRITO SANTO;ÓLEO DIESEL (OUTROS );0
2013;DEZ;REGIÃO SUDESTE;ESPÍRITO SANTO;ÓLEO DIESEL (OUTROS );0
2013;JAN;REGIÃO SUDESTE;RIO DE JANEIRO;ÓLEO DIESEL (OUTROS );1448,531
2013;FEV;REGIÃO SUDESTE;RIO DE JANEIRO;ÓLEO DIESEL (OUTROS );1306,929
2013;MAR;REGIÃO SUDESTE;RIO DE JANEIRO;ÓLEO DIESEL (OUTROS );1200,969
2013;ABR;REGIÃO SUDESTE;RIO DE JANEIRO;ÓLEO DIESEL (OUTROS );893,606
2013;MAI;REGIÃO SUDESTE;RIO DE JANEIRO;ÓLEO DIESEL (OUTROS );987,241
2013;JUN;REGIÃO SUDESTE;RIO DE JANEIRO;ÓLEO DIESEL (OUTROS );689,469
2013;JUL;REGIÃO SUDESTE;RIO DE JANEIRO;ÓLEO DIESEL (OUTROS );906,755
2013;AGO;REGIÃO SUDESTE;RIO DE JANEIRO;ÓLEO DIESEL (OUTROS );779,068
2013;SET;REGIÃO SUDESTE;RIO DE JANEIRO;ÓLEO DIESEL (OUTROS );898,232
2013;OUT;REGIÃO SUDESTE;RIO DE JANEIRO;ÓLEO DIESEL (OUTROS );900,999
2013;NOV;REGIÃO SUDESTE;RIO DE JANEIRO;ÓLEO DIESEL (OUTROS );1045,49
2013;DEZ;REGIÃO SUDESTE;RIO DE JANEIRO;ÓLEO DIESEL (OUTROS );1757,386
2013;JAN;REGIÃO SUDESTE;SÃO PAULO;ÓLEO DIESEL (OUTROS );2068,399
2013;FEV;REGIÃO SUDESTE;SÃO PAULO;ÓLEO DIESEL (OUTROS );1876
2013;MAR;REGIÃO SUDESTE;SÃO PAULO;ÓLEO DIESEL (OUTROS );1691,852
2013;ABR;REGIÃO SUDESTE;SÃO PAULO;ÓLEO DIESEL (OUTROS );855,87
2013;MAI;REGIÃO SUDESTE;SÃO PAULO;ÓLEO DIESEL (OUTROS );790,592
2013;JUN;REGIÃO SUDESTE;SÃO PAULO;ÓLEO DIESEL (OUTROS );665,602
2013;JUL;REGIÃO SUDESTE;SÃO PAULO;ÓLEO DIESEL (OUTROS );770,898
2013;AGO;REGIÃO SUDESTE;SÃO PAULO;ÓLEO DIESEL (OUTROS );996,011
2013;SET;REGIÃO SUDESTE;SÃO PAULO;ÓLEO DIESEL (OUTROS );1071,361
2013;OUT;REGIÃO SUDESTE;SÃO PAULO;ÓLEO DIESEL (OUTROS );949,378
2013;NOV;REGIÃO SUDESTE;SÃO PAULO;ÓLEO DIESEL (OUTROS );1060,169
2013;DEZ;REGIÃO SUDESTE;SÃO PAULO;ÓLEO DIESEL (OUTROS );1494,156
2013;JAN;REGIÃO SUL;PARANÁ;ÓLEO DIESEL (OUTROS );75,107
2013;FEV;REGIÃO SUL;PARANÁ;ÓLEO DIESEL (OUTROS );89,777
2013;MAR;REGIÃO SUL;PARANÁ;ÓLEO DIESEL (OUTROS );95,884
2013;ABR;REGIÃO SUL;PARANÁ;ÓLEO DIESEL (OUTROS );75,017
2013;MAI;REGIÃO SUL;PARANÁ;ÓLEO DIESEL (OUTROS );60,053
2013;JUN;REGIÃO SUL;PARANÁ;ÓLEO DIESEL (OUTROS );76,127
2013;JUL;REGIÃO SUL;PARANÁ;ÓLEO DIESEL (OUTROS );40,208
2013;AGO;REGIÃO SUL;PARANÁ;ÓLEO DIESEL (OUTROS );85
2013;SET;REGIÃO SUL;PARANÁ;ÓLEO DIESEL (OUTROS );82,138
2013;OUT;REGIÃO SUL;PARANÁ;ÓLEO DIESEL (OUTROS );70
2013;NOV;REGIÃO SUL;PARANÁ;ÓLEO DIESEL (OUTROS );69,694
2013;DEZ;REGIÃO SUL;PARANÁ;ÓLEO DIESEL (OUTROS );80,562
2013;JAN;REGIÃO SUL;SANTA CATARINA;ÓLEO DIESEL (OUTROS );20
2013;FEV;REGIÃO SUL;SANTA CATARINA;ÓLEO DIESEL (OUTROS );30
2013;MAR;REGIÃO SUL;SANTA CATARINA;ÓLEO DIESEL (OUTROS );50
2013;ABR;REGIÃO SUL;SANTA CATARINA;ÓLEO DIESEL (OUTROS );55
2013;MAI;REGIÃO SUL;SANTA CATARINA;ÓLEO DIESEL (OUTROS );45
2013;JUN;REGIÃO SUL;SANTA CATARINA;ÓLEO DIESEL (OUTROS );40
2013;JUL;REGIÃO SUL;SANTA CATARINA;ÓLEO DIESEL (OUTROS );50
2013;AGO;REGIÃO SUL;SANTA CATARINA;ÓLEO DIESEL (OUTROS );50
2013;SET;REGIÃO SUL;SANTA CATARINA;ÓLEO DIESEL (OUTROS );45
2013;OUT;REGIÃO SUL;SANTA CATARINA;ÓLEO DIESEL (OUTROS );55
2013;NOV;REGIÃO SUL;SANTA CATARINA;ÓLEO DIESEL (OUTROS );55
2013;DEZ;REGIÃO SUL;SANTA CATARINA;ÓLEO DIESEL (OUTROS );50
2013;JAN;REGIÃO SUL;RIO GRANDE DO SUL;ÓLEO DIESEL (OUTROS );893,891
2013;FEV;REGIÃO SUL;RIO GRANDE DO SUL;ÓLEO DIESEL (OUTROS );670,297
2013;MAR;REGIÃO SUL;RIO GRANDE DO SUL;ÓLEO DIESEL (OUTROS );594,99
2013;ABR;REGIÃO SUL;RIO GRANDE DO SUL;ÓLEO DIESEL (OUTROS );186,948
2013;MAI;REGIÃO SUL;RIO GRANDE DO SUL;ÓLEO DIESEL (OUTROS );0
2013;JUN;REGIÃO SUL;RIO GRANDE DO SUL;ÓLEO DIESEL (OUTROS );186,762
2013;JUL;REGIÃO SUL;RIO GRANDE DO SUL;ÓLEO DIESEL (OUTROS );0
2013;AGO;REGIÃO SUL;RIO GRANDE DO SUL;ÓLEO DIESEL (OUTROS );0
2013;SET;REGIÃO SUL;RIO GRANDE DO SUL;ÓLEO DIESEL (OUTROS );0
2013;OUT;REGIÃO SUL;RIO GRANDE DO SUL;ÓLEO DIESEL (OUTROS );0
2013;NOV;REGIÃO SUL;RIO GRANDE DO SUL;ÓLEO DIESEL (OUTROS );562,246
2013;DEZ;REGIÃO SUL;RIO GRANDE DO SUL;ÓLEO DIESEL (OUTROS );838,178
2013;JAN;REGIÃO CENTRO-OESTE;MATO GROSSO DO SUL;ÓLEO DIESEL (OUTROS );25
2013;FEV;REGIÃO CENTRO-OESTE;MATO GROSSO DO SUL;ÓLEO DIESEL (OUTROS );15
2013;MAR;REGIÃO CENTRO-OESTE;MATO GROSSO DO SUL;ÓLEO DIESEL (OUTROS );20
2013;ABR;REGIÃO CENTRO-OESTE;MATO GROSSO DO SUL;ÓLEO DIESEL (OUTROS );20
2013;MAI;REGIÃO CENTRO-OESTE;MATO GROSSO DO SUL;ÓLEO DIESEL (OUTROS );30
2013;JUN;REGIÃO CENTRO-OESTE;MATO GROSSO DO SUL;ÓLEO DIESEL (OUTROS );20
2013;JUL;REGIÃO CENTRO-OESTE;MATO GROSSO DO SUL;ÓLEO DIESEL (OUTROS );25
2013;AGO;REGIÃO CENTRO-OESTE;MATO GROSSO DO SUL;ÓLEO DIESEL (OUTROS );25
2013;SET;REGIÃO CENTRO-OESTE;MATO GROSSO DO SUL;ÓLEO DIESEL (OUTROS );25
2013;OUT;REGIÃO CENTRO-OESTE;MATO GROSSO DO SUL;ÓLEO DIESEL (OUTROS );25
2013;NOV;REGIÃO CENTRO-OESTE;MATO GROSSO DO SUL;ÓLEO DIESEL (OUTROS );25
2013;DEZ;REGIÃO CENTRO-OESTE;MATO GROSSO DO SUL;ÓLEO DIESEL (OUTROS );30
2013;JAN;REGIÃO CENTRO-OESTE;MATO GROSSO;ÓLEO DIESEL (OUTROS );164
2013;FEV;REGIÃO CENTRO-OESTE;MATO GROSSO;ÓLEO DIESEL (OUTROS );242
2013;MAR;REGIÃO CENTRO-OESTE;MATO GROSSO;ÓLEO DIESEL (OUTROS );173
2013;ABR;REGIÃO CENTRO-OESTE;MATO GROSSO;ÓLEO DIESEL (OUTROS );192
2013;MAI;REGIÃO CENTRO-OESTE;MATO GROSSO;ÓLEO DIESEL (OUTROS );0
2013;JUN;REGIÃO CENTRO-OESTE;MATO GROSSO;ÓLEO DIESEL (OUTROS );0
2013;JUL;REGIÃO CENTRO-OESTE;MATO GROSSO;ÓLEO DIESEL (OUTROS );0
2013;AGO;REGIÃO CENTRO-OESTE;MATO GROSSO;ÓLEO DIESEL (OUTROS );0
2013;SET;REGIÃO CENTRO-OESTE;MATO GROSSO;ÓLEO DIESEL (OUTROS );0
2013;OUT;REGIÃO CENTRO-OESTE;MATO GROSSO;ÓLEO DIESEL (OUTROS );0
2013;NOV;REGIÃO CENTRO-OESTE;MATO GROSSO;ÓLEO DIESEL (OUTROS );0
2013;DEZ;REGIÃO CENTRO-OESTE;MATO GROSSO;ÓLEO DIESEL (OUTROS );0
2013;JAN;REGIÃO CENTRO-OESTE;GOIÁS;ÓLEO DIESEL (OUTROS );0
2013;FEV;REGIÃO CENTRO-OESTE;GOIÁS;ÓLEO DIESEL (OUTROS );0
2013;MAR;REGIÃO CENTRO-OESTE;GOIÁS;ÓLEO DIESEL (OUTROS );0
2013;ABR;REGIÃO CENTRO-OESTE;GOIÁS;ÓLEO DIESEL (OUTROS );0
2013;MAI;REGIÃO CENTRO-OESTE;GOIÁS;ÓLEO DIESEL (OUTROS );0
2013;JUN;REGIÃO CENTRO-OESTE;GOIÁS;ÓLEO DIESEL (OUTROS );0
2013;JUL;REGIÃO CENTRO-OESTE;GOIÁS;ÓLEO DIESEL (OUTROS );0
2013;AGO;REGIÃO CENTRO-OESTE;GOIÁS;ÓLEO DIESEL (OUTROS );0
2013;SET;REGIÃO CENTRO-OESTE;GOIÁS;ÓLEO DIESEL (OUTROS );5
2013;OUT;REGIÃO CENTRO-OESTE;GOIÁS;ÓLEO DIESEL (OUTROS );0
2013;NOV;REGIÃO CENTRO-OESTE;GOIÁS;ÓLEO DIESEL (OUTROS );0
2013;DEZ;REGIÃO CENTRO-OESTE;GOIÁS;ÓLEO DIESEL (OUTROS );0
2013;JAN;REGIÃO CENTRO-OESTE;DISTRITO FEDERAL;ÓLEO DIESEL (OUTROS );0,082
2013;FEV;REGIÃO CENTRO-OESTE;DISTRITO FEDERAL;ÓLEO DIESEL (OUTROS );0
2013;MAR;REGIÃO CENTRO-OESTE;DISTRITO FEDERAL;ÓLEO DIESEL (OUTROS );0
2013;ABR;REGIÃO CENTRO-OESTE;DISTRITO FEDERAL;ÓLEO DIESEL (OUTROS );0
2013;MAI;REGIÃO CENTRO-OESTE;DISTRITO FEDERAL;ÓLEO DIESEL (OUTROS );0,08
2013;JUN;REGIÃO CENTRO-OESTE;DISTRITO FEDERAL;ÓLEO DIESEL (OUTROS );0,28
2013;JUL;REGIÃO CENTRO-OESTE;DISTRITO FEDERAL;ÓLEO DIESEL (OUTROS );0
2013;AGO;REGIÃO CENTRO-OESTE;DISTRITO FEDERAL;ÓLEO DIESEL (OUTROS );0
2013;SET;REGIÃO CENTRO-OESTE;DISTRITO FEDERAL;ÓLEO DIESEL (OUTROS );0
2013;OUT;REGIÃO CENTRO-OESTE;DISTRITO FEDERAL;ÓLEO DIESEL (OUTROS );0
2013;NOV;REGIÃO CENTRO-OESTE;DISTRITO FEDERAL;ÓLEO DIESEL (OUTROS );0
2013;DEZ;REGIÃO CENTRO-OESTE;DISTRITO FEDERAL;ÓLEO DIESEL (OUTROS );0
2014;JAN;REGIÃO NORTE;RONDÔNIA;ÓLEO DIESEL S-10;9195,1
2014;FEV;REGIÃO NORTE;RONDÔNIA;ÓLEO DIESEL S-10;9130
2014;MAR;REGIÃO NORTE;RONDÔNIA;ÓLEO DIESEL S-10;8219
2014;ABR;REGIÃO NORTE;RONDÔNIA;ÓLEO DIESEL S-10;9159,1
2014;MAI;REGIÃO NORTE;RONDÔNIA;ÓLEO DIESEL S-10;11092,205
2014;JUN;REGIÃO NORTE;RONDÔNIA;ÓLEO DIESEL S-10;10424,3
2014;JUL;REGIÃO NORTE;RONDÔNIA;ÓLEO DIESEL S-10;12445,916
2014;AGO;REGIÃO NORTE;RONDÔNIA;ÓLEO DIESEL S-10;12517,9
2014;SET;REGIÃO NORTE;RONDÔNIA;ÓLEO DIESEL S-10;12920,5
2014;OUT;REGIÃO NORTE;RONDÔNIA;ÓLEO DIESEL S-10;14113,5
2014;NOV;REGIÃO NORTE;RONDÔNIA;ÓLEO DIESEL S-10;13749
2014;DEZ;REGIÃO NORTE;RONDÔNIA;ÓLEO DIESEL S-10;12244,2
2014;JAN;REGIÃO NORTE;ACRE;ÓLEO DIESEL S-10;1243
2014;FEV;REGIÃO NORTE;ACRE;ÓLEO DIESEL S-10;1197
2014;MAR;REGIÃO NORTE;ACRE;ÓLEO DIESEL S-10;783
2014;ABR;REGIÃO NORTE;ACRE;ÓLEO DIESEL S-10;1514
2014;MAI;REGIÃO NORTE;ACRE;ÓLEO DIESEL S-10;1656
2014;JUN;REGIÃO NORTE;ACRE;ÓLEO DIESEL S-10;1966
2014;JUL;REGIÃO NORTE;ACRE;ÓLEO DIESEL S-10;2253
2014;AGO;REGIÃO NORTE;ACRE;ÓLEO DIESEL S-10;2562
2014;SET;REGIÃO NORTE;ACRE;ÓLEO DIESEL S-10;2999
2014;OUT;REGIÃO NORTE;ACRE;ÓLEO DIESEL S-10;3058
2014;NOV;REGIÃO NORTE;ACRE;ÓLEO DIESEL S-10;2484
2014;DEZ;REGIÃO NORTE;ACRE;ÓLEO DIESEL S-10;2659
2014;JAN;REGIÃO NORTE;AMAZONAS;ÓLEO DIESEL S-10;6894,3
2014;FEV;REGIÃO NORTE;AMAZONAS;ÓLEO DIESEL S-10;6844,707
2014;MAR;REGIÃO NORTE;AMAZONAS;ÓLEO DIESEL S-10;6960,169
2014;ABR;REGIÃO NORTE;AMAZONAS;ÓLEO DIESEL S-10;7512,357
2014;MAI;REGIÃO NORTE;AMAZONAS;ÓLEO DIESEL S-10;8450,984
2014;JUN;REGIÃO NORTE;AMAZONAS;ÓLEO DIESEL S-10;7952,262
2014;JUL;REGIÃO NORTE;AMAZONAS;ÓLEO DIESEL S-10;9764,477
2014;AGO;REGIÃO NORTE;AMAZONAS;ÓLEO DIESEL S-10;10147,418
2014;SET;REGIÃO NORTE;AMAZONAS;ÓLEO DIESEL S-10;12130,035
2014;OUT;REGIÃO NORTE;AMAZONAS;ÓLEO DIESEL S-10;10867,089
2014;NOV;REGIÃO NORTE;AMAZONAS;ÓLEO DIESEL S-10;9962,152
2014;DEZ;REGIÃO NORTE;AMAZONAS;ÓLEO DIESEL S-10;9333,477
2014;JAN;REGIÃO NORTE;RORAIMA;ÓLEO DIESEL S-10;1656,9
2014;FEV;REGIÃO NORTE;RORAIMA;ÓLEO DIESEL S-10;1718,3
2014;MAR;REGIÃO NORTE;RORAIMA;ÓLEO DIESEL S-10;1709
2014;ABR;REGIÃO NORTE;RORAIMA;ÓLEO DIESEL S-10;1843,8
2014;MAI;REGIÃO NORTE;RORAIMA;ÓLEO DIESEL S-10;1856,6
2014;JUN;REGIÃO NORTE;RORAIMA;ÓLEO DIESEL S-10;1565,5
2014;JUL;REGIÃO NORTE;RORAIMA;ÓLEO DIESEL S-10;1692,4
2014;AGO;REGIÃO NORTE;RORAIMA;ÓLEO DIESEL S-10;1731,9
2014;SET;REGIÃO NORTE;RORAIMA;ÓLEO DIESEL S-10;2197,6
2014;OUT;REGIÃO NORTE;RORAIMA;ÓLEO DIESEL S-10;2174,9
2014;NOV;REGIÃO NORTE;RORAIMA;ÓLEO DIESEL S-10;2009,4
2014;DEZ;REGIÃO NORTE;RORAIMA;ÓLEO DIESEL S-10;2286,1
2014;JAN;REGIÃO NORTE;PARÁ;ÓLEO DIESEL S-10;43697,8
2014;FEV;REGIÃO NORTE;PARÁ;ÓLEO DIESEL S-10;42107,2
2014;MAR;REGIÃO NORTE;PARÁ;ÓLEO DIESEL S-10;43151,77
2014;ABR;REGIÃO NORTE;PARÁ;ÓLEO DIESEL S-10;46813,45
2014;MAI;REGIÃO NORTE;PARÁ;ÓLEO DIESEL S-10;52696,1
2014;JUN;REGIÃO NORTE;PARÁ;ÓLEO DIESEL S-10;52015,016
2014;JUL;REGIÃO NORTE;PARÁ;ÓLEO DIESEL S-10;59292,304
2014;AGO;REGIÃO NORTE;PARÁ;ÓLEO DIESEL S-10;60958,584
2014;SET;REGIÃO NORTE;PARÁ;ÓLEO DIESEL S-10;64160,331
2014;OUT;REGIÃO NORTE;PARÁ;ÓLEO DIESEL S-10;69610,766
2014;NOV;REGIÃO NORTE;PARÁ;ÓLEO DIESEL S-10;63099,509
2014;DEZ;REGIÃO NORTE;PARÁ;ÓLEO DIESEL S-10;64079,349
2014;JAN;REGIÃO NORTE;AMAPÁ;ÓLEO DIESEL S-10;829,5
2014;FEV;REGIÃO NORTE;AMAPÁ;ÓLEO DIESEL S-10;875
2014;MAR;REGIÃO NORTE;AMAPÁ;ÓLEO DIESEL S-10;891
2014;ABR;REGIÃO NORTE;AMAPÁ;ÓLEO DIESEL S-10;776
2014;MAI;REGIÃO NORTE;AMAPÁ;ÓLEO DIESEL S-10;849
2014;JUN;REGIÃO NORTE;AMAPÁ;ÓLEO DIESEL S-10;815,5
2014;JUL;REGIÃO NORTE;AMAPÁ;ÓLEO DIESEL S-10;1070,5
2014;AGO;REGIÃO NORTE;AMAPÁ;ÓLEO DIESEL S-10;1581,1
2014;SET;REGIÃO NORTE;AMAPÁ;ÓLEO DIESEL S-10;1489,3
2014;OUT;REGIÃO NORTE;AMAPÁ;ÓLEO DIESEL S-10;1403
2014;NOV;REGIÃO NORTE;AMAPÁ;ÓLEO DIESEL S-10;1287,5
2014;DEZ;REGIÃO NORTE;AMAPÁ;ÓLEO DIESEL S-10;1328,239
2014;JAN;REGIÃO NORTE;TOCANTINS;ÓLEO DIESEL S-10;14077
2014;FEV;REGIÃO NORTE;TOCANTINS;ÓLEO DIESEL S-10;15295,6
2014;MAR;REGIÃO NORTE;TOCANTINS;ÓLEO DIESEL S-10;16445,173
2014;ABR;REGIÃO NORTE;TOCANTINS;ÓLEO DIESEL S-10;17448
2014;MAI;REGIÃO NORTE;TOCANTINS;ÓLEO DIESEL S-10;18787,901
2014;JUN;REGIÃO NORTE;TOCANTINS;ÓLEO DIESEL S-10;18402,37
2014;JUL;REGIÃO NORTE;TOCANTINS;ÓLEO DIESEL S-10;20880,83
2014;AGO;REGIÃO NORTE;TOCANTINS;ÓLEO DIESEL S-10;20937,06
2014;SET;REGIÃO NORTE;TOCANTINS;ÓLEO DIESEL S-10;21379,85
2014;OUT;REGIÃO NORTE;TOCANTINS;ÓLEO DIESEL S-10;23252,2
2014;NOV;REGIÃO NORTE;TOCANTINS;ÓLEO DIESEL S-10;20929,4
2014;DEZ;REGIÃO NORTE;TOCANTINS;ÓLEO DIESEL S-10;20819,9
2014;JAN;REGIÃO NORDESTE;MARANHÃO;ÓLEO DIESEL S-10;20226,5
2014;FEV;REGIÃO NORDESTE;MARANHÃO;ÓLEO DIESEL S-10;19425
2014;MAR;REGIÃO NORDESTE;MARANHÃO;ÓLEO DIESEL S-10;21061
2014;ABR;REGIÃO NORDESTE;MARANHÃO;ÓLEO DIESEL S-10;21245
2014;MAI;REGIÃO NORDESTE;MARANHÃO;ÓLEO DIESEL S-10;23198
2014;JUN;REGIÃO NORDESTE;MARANHÃO;ÓLEO DIESEL S-10;22934,5
2014;JUL;REGIÃO NORDESTE;MARANHÃO;ÓLEO DIESEL S-10;27471,657
2014;AGO;REGIÃO NORDESTE;MARANHÃO;ÓLEO DIESEL S-10;29764,5
2014;SET;REGIÃO NORDESTE;MARANHÃO;ÓLEO DIESEL S-10;31791
2014;OUT;REGIÃO NORDESTE;MARANHÃO;ÓLEO DIESEL S-10;33308
2014;NOV;REGIÃO NORDESTE;MARANHÃO;ÓLEO DIESEL S-10;30534,4
2014;DEZ;REGIÃO NORDESTE;MARANHÃO;ÓLEO DIESEL S-10;31543,7
2014;JAN;REGIÃO NORDESTE;PIAUÍ;ÓLEO DIESEL S-10;10046,25
2014;FEV;REGIÃO NORDESTE;PIAUÍ;ÓLEO DIESEL S-10;9919,75
2014;MAR;REGIÃO NORDESTE;PIAUÍ;ÓLEO DIESEL S-10;10885,95
2014;ABR;REGIÃO NORDESTE;PIAUÍ;ÓLEO DIESEL S-10;12046,75
2014;MAI;REGIÃO NORDESTE;PIAUÍ;ÓLEO DIESEL S-10;13218,95
2014;JUN;REGIÃO NORDESTE;PIAUÍ;ÓLEO DIESEL S-10;12930,6
2014;JUL;REGIÃO NORDESTE;PIAUÍ;ÓLEO DIESEL S-10;15066,6
2014;AGO;REGIÃO NORDESTE;PIAUÍ;ÓLEO DIESEL S-10;15712,75
2014;SET;REGIÃO NORDESTE;PIAUÍ;ÓLEO DIESEL S-10;16911,75
2014;OUT;REGIÃO NORDESTE;PIAUÍ;ÓLEO DIESEL S-10;17766,15
2014;NOV;REGIÃO NORDESTE;PIAUÍ;ÓLEO DIESEL S-10;16239,5
2014;DEZ;REGIÃO NORDESTE;PIAUÍ;ÓLEO DIESEL S-10;16506,68
2014;JAN;REGIÃO NORDESTE;CEARÁ;ÓLEO DIESEL S-10;53997,044
2014;FEV;REGIÃO NORDESTE;CEARÁ;ÓLEO DIESEL S-10;50428,091
2014;MAR;REGIÃO NORDESTE;CEARÁ;ÓLEO DIESEL S-10;49016,627
2014;ABR;REGIÃO NORDESTE;CEARÁ;ÓLEO DIESEL S-10;51747,934
2014;MAI;REGIÃO NORDESTE;CEARÁ;ÓLEO DIESEL S-10;53240,316
2014;JUN;REGIÃO NORDESTE;CEARÁ;ÓLEO DIESEL S-10;51998,448
2014;JUL;REGIÃO NORDESTE;CEARÁ;ÓLEO DIESEL S-10;57609,226
2014;AGO;REGIÃO NORDESTE;CEARÁ;ÓLEO DIESEL S-10;58675,144
2014;SET;REGIÃO NORDESTE;CEARÁ;ÓLEO DIESEL S-10;62464,315
2014;OUT;REGIÃO NORDESTE;CEARÁ;ÓLEO DIESEL S-10;66457,566
2014;NOV;REGIÃO NORDESTE;CEARÁ;ÓLEO DIESEL S-10;59217,493
2014;DEZ;REGIÃO NORDESTE;CEARÁ;ÓLEO DIESEL S-10;61558,161
2014;JAN;REGIÃO NORDESTE;RIO GRANDE DO NORTE;ÓLEO DIESEL S-10;6507
2014;FEV;REGIÃO NORDESTE;RIO GRANDE DO NORTE;ÓLEO DIESEL S-10;6173,5
2014;MAR;REGIÃO NORDESTE;RIO GRANDE DO NORTE;ÓLEO DIESEL S-10;6145
2014;ABR;REGIÃO NORDESTE;RIO GRANDE DO NORTE;ÓLEO DIESEL S-10;7038
2014;MAI;REGIÃO NORDESTE;RIO GRANDE DO NORTE;ÓLEO DIESEL S-10;7064,193
2014;JUN;REGIÃO NORDESTE;RIO GRANDE DO NORTE;ÓLEO DIESEL S-10;6869,5
2014;JUL;REGIÃO NORDESTE;RIO GRANDE DO NORTE;ÓLEO DIESEL S-10;7649,841
2014;AGO;REGIÃO NORDESTE;RIO GRANDE DO NORTE;ÓLEO DIESEL S-10;7848,5
2014;SET;REGIÃO NORDESTE;RIO GRANDE DO NORTE;ÓLEO DIESEL S-10;8463
2014;OUT;REGIÃO NORDESTE;RIO GRANDE DO NORTE;ÓLEO DIESEL S-10;8801
2014;NOV;REGIÃO NORDESTE;RIO GRANDE DO NORTE;ÓLEO DIESEL S-10;8367
2014;DEZ;REGIÃO NORDESTE;RIO GRANDE DO NORTE;ÓLEO DIESEL S-10;9017,5
2014;JAN;REGIÃO NORDESTE;PARAÍBA;ÓLEO DIESEL S-10;7666,47
2014;FEV;REGIÃO NORDESTE;PARAÍBA;ÓLEO DIESEL S-10;7723,98
2014;MAR;REGIÃO NORDESTE;PARAÍBA;ÓLEO DIESEL S-10;8172,48
2014;ABR;REGIÃO NORDESTE;PARAÍBA;ÓLEO DIESEL S-10;8997,42
2014;MAI;REGIÃO NORDESTE;PARAÍBA;ÓLEO DIESEL S-10;9934,96
2014;JUN;REGIÃO NORDESTE;PARAÍBA;ÓLEO DIESEL S-10;9549,45
2014;JUL;REGIÃO NORDESTE;PARAÍBA;ÓLEO DIESEL S-10;10709,46
2014;AGO;REGIÃO NORDESTE;PARAÍBA;ÓLEO DIESEL S-10;11226,96
2014;SET;REGIÃO NORDESTE;PARAÍBA;ÓLEO DIESEL S-10;12128,98
2014;OUT;REGIÃO NORDESTE;PARAÍBA;ÓLEO DIESEL S-10;13239,87
2014;NOV;REGIÃO NORDESTE;PARAÍBA;ÓLEO DIESEL S-10;12089,97
2014;DEZ;REGIÃO NORDESTE;PARAÍBA;ÓLEO DIESEL S-10;12669,17
2014;JAN;REGIÃO NORDESTE;PERNAMBUCO;ÓLEO DIESEL S-10;68645
2014;FEV;REGIÃO NORDESTE;PERNAMBUCO;ÓLEO DIESEL S-10;61359,8
2014;MAR;REGIÃO NORDESTE;PERNAMBUCO;ÓLEO DIESEL S-10;61574,65
2014;ABR;REGIÃO NORDESTE;PERNAMBUCO;ÓLEO DIESEL S-10;66169,25
2014;MAI;REGIÃO NORDESTE;PERNAMBUCO;ÓLEO DIESEL S-10;63892,68
2014;JUN;REGIÃO NORDESTE;PERNAMBUCO;ÓLEO DIESEL S-10;58478,293
2014;JUL;REGIÃO NORDESTE;PERNAMBUCO;ÓLEO DIESEL S-10;65049,062
2014;AGO;REGIÃO NORDESTE;PERNAMBUCO;ÓLEO DIESEL S-10;66432,8
2014;SET;REGIÃO NORDESTE;PERNAMBUCO;ÓLEO DIESEL S-10;68334
2014;OUT;REGIÃO NORDESTE;PERNAMBUCO;ÓLEO DIESEL S-10;72944,049
2014;NOV;REGIÃO NORDESTE;PERNAMBUCO;ÓLEO DIESEL S-10;67348,08
2014;DEZ;REGIÃO NORDESTE;PERNAMBUCO;ÓLEO DIESEL S-10;70966,903
2014;JAN;REGIÃO NORDESTE;ALAGOAS;ÓLEO DIESEL S-10;6908
2014;FEV;REGIÃO NORDESTE;ALAGOAS;ÓLEO DIESEL S-10;6831,5
2014;MAR;REGIÃO NORDESTE;ALAGOAS;ÓLEO DIESEL S-10;7604
2014;ABR;REGIÃO NORDESTE;ALAGOAS;ÓLEO DIESEL S-10;7742,859
2014;MAI;REGIÃO NORDESTE;ALAGOAS;ÓLEO DIESEL S-10;8099
2014;JUN;REGIÃO NORDESTE;ALAGOAS;ÓLEO DIESEL S-10;7490,4
2014;JUL;REGIÃO NORDESTE;ALAGOAS;ÓLEO DIESEL S-10;8534
2014;AGO;REGIÃO NORDESTE;ALAGOAS;ÓLEO DIESEL S-10;9001,5
2014;SET;REGIÃO NORDESTE;ALAGOAS;ÓLEO DIESEL S-10;10348
2014;OUT;REGIÃO NORDESTE;ALAGOAS;ÓLEO DIESEL S-10;11797
2014;NOV;REGIÃO NORDESTE;ALAGOAS;ÓLEO DIESEL S-10;11566,5
2014;DEZ;REGIÃO NORDESTE;ALAGOAS;ÓLEO DIESEL S-10;12548,12
2014;JAN;REGIÃO NORDESTE;SERGIPE;ÓLEO DIESEL S-10;10729,8
2014;FEV;REGIÃO NORDESTE;SERGIPE;ÓLEO DIESEL S-10;10078,5
2014;MAR;REGIÃO NORDESTE;SERGIPE;ÓLEO DIESEL S-10;10278
2014;ABR;REGIÃO NORDESTE;SERGIPE;ÓLEO DIESEL S-10;10363
2014;MAI;REGIÃO NORDESTE;SERGIPE;ÓLEO DIESEL S-10;11153
2014;JUN;REGIÃO NORDESTE;SERGIPE;ÓLEO DIESEL S-10;9994,416
2014;JUL;REGIÃO NORDESTE;SERGIPE;ÓLEO DIESEL S-10;10641,5
2014;AGO;REGIÃO NORDESTE;SERGIPE;ÓLEO DIESEL S-10;11153,7
2014;SET;REGIÃO NORDESTE;SERGIPE;ÓLEO DIESEL S-10;12234,056
2014;OUT;REGIÃO NORDESTE;SERGIPE;ÓLEO DIESEL S-10;12564,8
2014;NOV;REGIÃO NORDESTE;SERGIPE;ÓLEO DIESEL S-10;11966,8
2014;DEZ;REGIÃO NORDESTE;SERGIPE;ÓLEO DIESEL S-10;12696,4
2014;JAN;REGIÃO NORDESTE;BAHIA;ÓLEO DIESEL S-10;56238,05
2014;FEV;REGIÃO NORDESTE;BAHIA;ÓLEO DIESEL S-10;55347,6
2014;MAR;REGIÃO NORDESTE;BAHIA;ÓLEO DIESEL S-10;60466,3
2014;ABR;REGIÃO NORDESTE;BAHIA;ÓLEO DIESEL S-10;65950,013
2014;MAI;REGIÃO NORDESTE;BAHIA;ÓLEO DIESEL S-10;69310,095
2014;JUN;REGIÃO NORDESTE;BAHIA;ÓLEO DIESEL S-10;62844,116
2014;JUL;REGIÃO NORDESTE;BAHIA;ÓLEO DIESEL S-10;70893,028
2014;AGO;REGIÃO NORDESTE;BAHIA;ÓLEO DIESEL S-10;72513,106
2014;SET;REGIÃO NORDESTE;BAHIA;ÓLEO DIESEL S-10;75148,359
2014;OUT;REGIÃO NORDESTE;BAHIA;ÓLEO DIESEL S-10;80079,263
2014;NOV;REGIÃO NORDESTE;BAHIA;ÓLEO DIESEL S-10;74243,268
2014;DEZ;REGIÃO NORDESTE;BAHIA;ÓLEO DIESEL S-10;75169,591
2014;JAN;REGIÃO SUDESTE;MINAS GERAIS;ÓLEO DIESEL S-10;99076,808
2014;FEV;REGIÃO SUDESTE;MINAS GERAIS;ÓLEO DIESEL S-10;102145,477
2014;MAR;REGIÃO SUDESTE;MINAS GERAIS;ÓLEO DIESEL S-10;104820,812
2014;ABR;REGIÃO SUDESTE;MINAS GERAIS;ÓLEO DIESEL S-10;111851,362
2014;MAI;REGIÃO SUDESTE;MINAS GERAIS;ÓLEO DIESEL S-10;122718,383
2014;JUN;REGIÃO SUDESTE;MINAS GERAIS;ÓLEO DIESEL S-10;116143,103
2014;JUL;REGIÃO SUDESTE;MINAS GERAIS;ÓLEO DIESEL S-10;129344,715
2014;AGO;REGIÃO SUDESTE;MINAS GERAIS;ÓLEO DIESEL S-10;134265,341
2014;SET;REGIÃO SUDESTE;MINAS GERAIS;ÓLEO DIESEL S-10;139545,108
2014;OUT;REGIÃO SUDESTE;MINAS GERAIS;ÓLEO DIESEL S-10;149376,864
2014;NOV;REGIÃO SUDESTE;MINAS GERAIS;ÓLEO DIESEL S-10;128120,347
2014;DEZ;REGIÃO SUDESTE;MINAS GERAIS;ÓLEO DIESEL S-10;129709,814
2014;JAN;REGIÃO SUDESTE;ESPÍRITO SANTO;ÓLEO DIESEL S-10;17838,9
2014;FEV;REGIÃO SUDESTE;ESPÍRITO SANTO;ÓLEO DIESEL S-10;17943,851
2014;MAR;REGIÃO SUDESTE;ESPÍRITO SANTO;ÓLEO DIESEL S-10;18287
2014;ABR;REGIÃO SUDESTE;ESPÍRITO SANTO;ÓLEO DIESEL S-10;19840,35
2014;MAI;REGIÃO SUDESTE;ESPÍRITO SANTO;ÓLEO DIESEL S-10;20863,225
2014;JUN;REGIÃO SUDESTE;ESPÍRITO SANTO;ÓLEO DIESEL S-10;19643
2014;JUL;REGIÃO SUDESTE;ESPÍRITO SANTO;ÓLEO DIESEL S-10;21622,036
2014;AGO;REGIÃO SUDESTE;ESPÍRITO SANTO;ÓLEO DIESEL S-10;23353,704
2014;SET;REGIÃO SUDESTE;ESPÍRITO SANTO;ÓLEO DIESEL S-10;24804,616
2014;OUT;REGIÃO SUDESTE;ESPÍRITO SANTO;ÓLEO DIESEL S-10;26202,514
2014;NOV;REGIÃO SUDESTE;ESPÍRITO SANTO;ÓLEO DIESEL S-10;23291,8
2014;DEZ;REGIÃO SUDESTE;ESPÍRITO SANTO;ÓLEO DIESEL S-10;25312
2014;JAN;REGIÃO SUDESTE;RIO DE JANEIRO;ÓLEO DIESEL S-10;100281,509
2014;FEV;REGIÃO SUDESTE;RIO DE JANEIRO;ÓLEO DIESEL S-10;102851,92
2014;MAR;REGIÃO SUDESTE;RIO DE JANEIRO;ÓLEO DIESEL S-10;96899,815
2014;ABR;REGIÃO SUDESTE;RIO DE JANEIRO;ÓLEO DIESEL S-10;101230,6
2014;MAI;REGIÃO SUDESTE;RIO DE JANEIRO;ÓLEO DIESEL S-10;105743,295
2014;JUN;REGIÃO SUDESTE;RIO DE JANEIRO;ÓLEO DIESEL S-10;99933,3
2014;JUL;REGIÃO SUDESTE;RIO DE JANEIRO;ÓLEO DIESEL S-10;108061,646
2014;AGO;REGIÃO SUDESTE;RIO DE JANEIRO;ÓLEO DIESEL S-10;110156,577
2014;SET;REGIÃO SUDESTE;RIO DE JANEIRO;ÓLEO DIESEL S-10;116035,638
2014;OUT;REGIÃO SUDESTE;RIO DE JANEIRO;ÓLEO DIESEL S-10;121722,352
2014;NOV;REGIÃO SUDESTE;RIO DE JANEIRO;ÓLEO DIESEL S-10;110785,862
2014;DEZ;REGIÃO SUDESTE;RIO DE JANEIRO;ÓLEO DIESEL S-10;119203,915
2014;JAN;REGIÃO SUDESTE;SÃO PAULO;ÓLEO DIESEL S-10;255548,255
2014;FEV;REGIÃO SUDESTE;SÃO PAULO;ÓLEO DIESEL S-10;266790,807
2014;MAR;REGIÃO SUDESTE;SÃO PAULO;ÓLEO DIESEL S-10;279118,374
2014;ABR;REGIÃO SUDESTE;SÃO PAULO;ÓLEO DIESEL S-10;294426,122
2014;MAI;REGIÃO SUDESTE;SÃO PAULO;ÓLEO DIESEL S-10;316067,856
2014;JUN;REGIÃO SUDESTE;SÃO PAULO;ÓLEO DIESEL S-10;293244,711
2014;JUL;REGIÃO SUDESTE;SÃO PAULO;ÓLEO DIESEL S-10;320345,244
2014;AGO;REGIÃO SUDESTE;SÃO PAULO;ÓLEO DIESEL S-10;334986,084
2014;SET;REGIÃO SUDESTE;SÃO PAULO;ÓLEO DIESEL S-10;341465,637
2014;OUT;REGIÃO SUDESTE;SÃO PAULO;ÓLEO DIESEL S-10;368388,891
2014;NOV;REGIÃO SUDESTE;SÃO PAULO;ÓLEO DIESEL S-10;312587,419
2014;DEZ;REGIÃO SUDESTE;SÃO PAULO;ÓLEO DIESEL S-10;313837,963
2014;JAN;REGIÃO SUL;PARANÁ;ÓLEO DIESEL S-10;77543,666
2014;FEV;REGIÃO SUL;PARANÁ;ÓLEO DIESEL S-10;82062,604
2014;MAR;REGIÃO SUL;PARANÁ;ÓLEO DIESEL S-10;85808,752
2014;ABR;REGIÃO SUL;PARANÁ;ÓLEO DIESEL S-10;84151,136
2014;MAI;REGIÃO SUL;PARANÁ;ÓLEO DIESEL S-10;91024,888
2014;JUN;REGIÃO SUL;PARANÁ;ÓLEO DIESEL S-10;82766,209
2014;JUL;REGIÃO SUL;PARANÁ;ÓLEO DIESEL S-10;94396,808
2014;AGO;REGIÃO SUL;PARANÁ;ÓLEO DIESEL S-10;96605,986
2014;SET;REGIÃO SUL;PARANÁ;ÓLEO DIESEL S-10;95828,758
2014;OUT;REGIÃO SUL;PARANÁ;ÓLEO DIESEL S-10;107907,857
2014;NOV;REGIÃO SUL;PARANÁ;ÓLEO DIESEL S-10;92573,153
2014;DEZ;REGIÃO SUL;PARANÁ;ÓLEO DIESEL S-10;93072,374
2014;JAN;REGIÃO SUL;SANTA CATARINA;ÓLEO DIESEL S-10;46237,893
2014;FEV;REGIÃO SUL;SANTA CATARINA;ÓLEO DIESEL S-10;44854,576
2014;MAR;REGIÃO SUL;SANTA CATARINA;ÓLEO DIESEL S-10;48073,067
2014;ABR;REGIÃO SUL;SANTA CATARINA;ÓLEO DIESEL S-10;48663,831
2014;MAI;REGIÃO SUL;SANTA CATARINA;ÓLEO DIESEL S-10;49802,469
2014;JUN;REGIÃO SUL;SANTA CATARINA;ÓLEO DIESEL S-10;45850,894
2014;JUL;REGIÃO SUL;SANTA CATARINA;ÓLEO DIESEL S-10;52514,75
2014;AGO;REGIÃO SUL;SANTA CATARINA;ÓLEO DIESEL S-10;53367,325
2014;SET;REGIÃO SUL;SANTA CATARINA;ÓLEO DIESEL S-10;54887,23
2014;OUT;REGIÃO SUL;SANTA CATARINA;ÓLEO DIESEL S-10;59626,774
2014;NOV;REGIÃO SUL;SANTA CATARINA;ÓLEO DIESEL S-10;54052,507
2014;DEZ;REGIÃO SUL;SANTA CATARINA;ÓLEO DIESEL S-10;54122,99
2014;JAN;REGIÃO SUL;RIO GRANDE DO SUL;ÓLEO DIESEL S-10;47081,29
2014;FEV;REGIÃO SUL;RIO GRANDE DO SUL;ÓLEO DIESEL S-10;44797,19
2014;MAR;REGIÃO SUL;RIO GRANDE DO SUL;ÓLEO DIESEL S-10;53373,679
2014;ABR;REGIÃO SUL;RIO GRANDE DO SUL;ÓLEO DIESEL S-10;54668,567
2014;MAI;REGIÃO SUL;RIO GRANDE DO SUL;ÓLEO DIESEL S-10;55481,04
2014;JUN;REGIÃO SUL;RIO GRANDE DO SUL;ÓLEO DIESEL S-10;50441,878
2014;JUL;REGIÃO SUL;RIO GRANDE DO SUL;ÓLEO DIESEL S-10;57076,91
2014;AGO;REGIÃO SUL;RIO GRANDE DO SUL;ÓLEO DIESEL S-10;57790,8
2014;SET;REGIÃO SUL;RIO GRANDE DO SUL;ÓLEO DIESEL S-10;59252,225
2014;OUT;REGIÃO SUL;RIO GRANDE DO SUL;ÓLEO DIESEL S-10;64379,73
2014;NOV;REGIÃO SUL;RIO GRANDE DO SUL;ÓLEO DIESEL S-10;58290,49
2014;DEZ;REGIÃO SUL;RIO GRANDE DO SUL;ÓLEO DIESEL S-10;60585,175
2014;JAN;REGIÃO CENTRO-OESTE;MATO GROSSO DO SUL;ÓLEO DIESEL S-10;19942,8
2014;FEV;REGIÃO CENTRO-OESTE;MATO GROSSO DO SUL;ÓLEO DIESEL S-10;23761,22
2014;MAR;REGIÃO CENTRO-OESTE;MATO GROSSO DO SUL;ÓLEO DIESEL S-10;22210,4
2014;ABR;REGIÃO CENTRO-OESTE;MATO GROSSO DO SUL;ÓLEO DIESEL S-10;22115,4
2014;MAI;REGIÃO CENTRO-OESTE;MATO GROSSO DO SUL;ÓLEO DIESEL S-10;24341,17
2014;JUN;REGIÃO CENTRO-OESTE;MATO GROSSO DO SUL;ÓLEO DIESEL S-10;25355,1
2014;JUL;REGIÃO CENTRO-OESTE;MATO GROSSO DO SUL;ÓLEO DIESEL S-10;27745,85
2014;AGO;REGIÃO CENTRO-OESTE;MATO GROSSO DO SUL;ÓLEO DIESEL S-10;33220,404
2014;SET;REGIÃO CENTRO-OESTE;MATO GROSSO DO SUL;ÓLEO DIESEL S-10;31634,3
2014;OUT;REGIÃO CENTRO-OESTE;MATO GROSSO DO SUL;ÓLEO DIESEL S-10;35108,964
2014;NOV;REGIÃO CENTRO-OESTE;MATO GROSSO DO SUL;ÓLEO DIESEL S-10;28238,2
2014;DEZ;REGIÃO CENTRO-OESTE;MATO GROSSO DO SUL;ÓLEO DIESEL S-10;26736,62
2014;JAN;REGIÃO CENTRO-OESTE;MATO GROSSO;ÓLEO DIESEL S-10;30609,441
2014;FEV;REGIÃO CENTRO-OESTE;MATO GROSSO;ÓLEO DIESEL S-10;34602,562
2014;MAR;REGIÃO CENTRO-OESTE;MATO GROSSO;ÓLEO DIESEL S-10;35620,3
2014;ABR;REGIÃO CENTRO-OESTE;MATO GROSSO;ÓLEO DIESEL S-10;32309,53
2014;MAI;REGIÃO CENTRO-OESTE;MATO GROSSO;ÓLEO DIESEL S-10;35569,306
2014;JUN;REGIÃO CENTRO-OESTE;MATO GROSSO;ÓLEO DIESEL S-10;32617,779
2014;JUL;REGIÃO CENTRO-OESTE;MATO GROSSO;ÓLEO DIESEL S-10;37794,498
2014;AGO;REGIÃO CENTRO-OESTE;MATO GROSSO;ÓLEO DIESEL S-10;37890,227
2014;SET;REGIÃO CENTRO-OESTE;MATO GROSSO;ÓLEO DIESEL S-10;38462,105
2014;OUT;REGIÃO CENTRO-OESTE;MATO GROSSO;ÓLEO DIESEL S-10;40309,371
2014;NOV;REGIÃO CENTRO-OESTE;MATO GROSSO;ÓLEO DIESEL S-10;33678,64
2014;DEZ;REGIÃO CENTRO-OESTE;MATO GROSSO;ÓLEO DIESEL S-10;32160,648
2014;JAN;REGIÃO CENTRO-OESTE;GOIÁS;ÓLEO DIESEL S-10;34361,08
2014;FEV;REGIÃO CENTRO-OESTE;GOIÁS;ÓLEO DIESEL S-10;36271,995
2014;MAR;REGIÃO CENTRO-OESTE;GOIÁS;ÓLEO DIESEL S-10;36377,67
2014;ABR;REGIÃO CENTRO-OESTE;GOIÁS;ÓLEO DIESEL S-10;38556,989
2014;MAI;REGIÃO CENTRO-OESTE;GOIÁS;ÓLEO DIESEL S-10;43958,542
2014;JUN;REGIÃO CENTRO-OESTE;GOIÁS;ÓLEO DIESEL S-10;43241,47
2014;JUL;REGIÃO CENTRO-OESTE;GOIÁS;ÓLEO DIESEL S-10;48239,24
2014;AGO;REGIÃO CENTRO-OESTE;GOIÁS;ÓLEO DIESEL S-10;49626,89
2014;SET;REGIÃO CENTRO-OESTE;GOIÁS;ÓLEO DIESEL S-10;50630,481
2014;OUT;REGIÃO CENTRO-OESTE;GOIÁS;ÓLEO DIESEL S-10;54517,93
2014;NOV;REGIÃO CENTRO-OESTE;GOIÁS;ÓLEO DIESEL S-10;45539,37
2014;DEZ;REGIÃO CENTRO-OESTE;GOIÁS;ÓLEO DIESEL S-10;41552,01
2014;JAN;REGIÃO CENTRO-OESTE;DISTRITO FEDERAL;ÓLEO DIESEL S-10;9720,1
2014;FEV;REGIÃO CENTRO-OESTE;DISTRITO FEDERAL;ÓLEO DIESEL S-10;11202,65
2014;MAR;REGIÃO CENTRO-OESTE;DISTRITO FEDERAL;ÓLEO DIESEL S-10;12387,843
2014;ABR;REGIÃO CENTRO-OESTE;DISTRITO FEDERAL;ÓLEO DIESEL S-10;13310,35
2014;MAI;REGIÃO CENTRO-OESTE;DISTRITO FEDERAL;ÓLEO DIESEL S-10;14152,404
2014;JUN;REGIÃO CENTRO-OESTE;DISTRITO FEDERAL;ÓLEO DIESEL S-10;12839,45
2014;JUL;REGIÃO CENTRO-OESTE;DISTRITO FEDERAL;ÓLEO DIESEL S-10;14454,9
2014;AGO;REGIÃO CENTRO-OESTE;DISTRITO FEDERAL;ÓLEO DIESEL S-10;15254,853
2014;SET;REGIÃO CENTRO-OESTE;DISTRITO FEDERAL;ÓLEO DIESEL S-10;16300,35
2014;OUT;REGIÃO CENTRO-OESTE;DISTRITO FEDERAL;ÓLEO DIESEL S-10;17168,617
2014;NOV;REGIÃO CENTRO-OESTE;DISTRITO FEDERAL;ÓLEO DIESEL S-10;15078,25
2014;DEZ;REGIÃO CENTRO-OESTE;DISTRITO FEDERAL;ÓLEO DIESEL S-10;15680,5
2014;JAN;REGIÃO NORTE;RONDÔNIA;ÓLEO DIESEL S-500;45043,658
2014;FEV;REGIÃO NORTE;RONDÔNIA;ÓLEO DIESEL S-500;43051,3
2014;MAR;REGIÃO NORTE;RONDÔNIA;ÓLEO DIESEL S-500;68064,397
2014;ABR;REGIÃO NORTE;RONDÔNIA;ÓLEO DIESEL S-500;54055,3
2014;MAI;REGIÃO NORTE;RONDÔNIA;ÓLEO DIESEL S-500;51634,55
2014;JUN;REGIÃO NORTE;RONDÔNIA;ÓLEO DIESEL S-500;56367
2014;JUL;REGIÃO NORTE;RONDÔNIA;ÓLEO DIESEL S-500;59527,8
2014;AGO;REGIÃO NORTE;RONDÔNIA;ÓLEO DIESEL S-500;58552,85
2014;SET;REGIÃO NORTE;RONDÔNIA;ÓLEO DIESEL S-500;55670,254
2014;OUT;REGIÃO NORTE;RONDÔNIA;ÓLEO DIESEL S-500;60034,95
2014;NOV;REGIÃO NORTE;RONDÔNIA;ÓLEO DIESEL S-500;56967,6
2014;DEZ;REGIÃO NORTE;RONDÔNIA;ÓLEO DIESEL S-500;49819,1
2014;JAN;REGIÃO NORTE;ACRE;ÓLEO DIESEL S-500;10740,5
2014;FEV;REGIÃO NORTE;ACRE;ÓLEO DIESEL S-500;9458,07
2014;MAR;REGIÃO NORTE;ACRE;ÓLEO DIESEL S-500;9580
2014;ABR;REGIÃO NORTE;ACRE;ÓLEO DIESEL S-500;10285,001
2014;MAI;REGIÃO NORTE;ACRE;ÓLEO DIESEL S-500;11121
2014;JUN;REGIÃO NORTE;ACRE;ÓLEO DIESEL S-500;11907,08
2014;JUL;REGIÃO NORTE;ACRE;ÓLEO DIESEL S-500;13572
2014;AGO;REGIÃO NORTE;ACRE;ÓLEO DIESEL S-500;12239
2014;SET;REGIÃO NORTE;ACRE;ÓLEO DIESEL S-500;13692,5
2014;OUT;REGIÃO NORTE;ACRE;ÓLEO DIESEL S-500;13747
2014;NOV;REGIÃO NORTE;ACRE;ÓLEO DIESEL S-500;11138
2014;DEZ;REGIÃO NORTE;ACRE;ÓLEO DIESEL S-500;12824,156
2014;JAN;REGIÃO NORTE;AMAZONAS;ÓLEO DIESEL S-500;23550,088
2014;FEV;REGIÃO NORTE;AMAZONAS;ÓLEO DIESEL S-500;22894,45
2014;MAR;REGIÃO NORTE;AMAZONAS;ÓLEO DIESEL S-500;21775,261
2014;ABR;REGIÃO NORTE;AMAZONAS;ÓLEO DIESEL S-500;21906,473
2014;MAI;REGIÃO NORTE;AMAZONAS;ÓLEO DIESEL S-500;23598,5
2014;JUN;REGIÃO NORTE;AMAZONAS;ÓLEO DIESEL S-500;20587,556
2014;JUL;REGIÃO NORTE;AMAZONAS;ÓLEO DIESEL S-500;23974,372
2014;AGO;REGIÃO NORTE;AMAZONAS;ÓLEO DIESEL S-500;23712,915
2014;SET;REGIÃO NORTE;AMAZONAS;ÓLEO DIESEL S-500;29621,11
2014;OUT;REGIÃO NORTE;AMAZONAS;ÓLEO DIESEL S-500;24447,791
2014;NOV;REGIÃO NORTE;AMAZONAS;ÓLEO DIESEL S-500;21057,232
2014;DEZ;REGIÃO NORTE;AMAZONAS;ÓLEO DIESEL S-500;28594,72
2014;JAN;REGIÃO NORTE;RORAIMA;ÓLEO DIESEL S-500;8571,6
2014;FEV;REGIÃO NORTE;RORAIMA;ÓLEO DIESEL S-500;9296
2014;MAR;REGIÃO NORTE;RORAIMA;ÓLEO DIESEL S-500;9666,6
2014;ABR;REGIÃO NORTE;RORAIMA;ÓLEO DIESEL S-500;8780,2
2014;MAI;REGIÃO NORTE;RORAIMA;ÓLEO DIESEL S-500;9571,6
2014;JUN;REGIÃO NORTE;RORAIMA;ÓLEO DIESEL S-500;6076,2
2014;JUL;REGIÃO NORTE;RORAIMA;ÓLEO DIESEL S-500;6578,8
2014;AGO;REGIÃO NORTE;RORAIMA;ÓLEO DIESEL S-500;5854
2014;SET;REGIÃO NORTE;RORAIMA;ÓLEO DIESEL S-500;9883,2
2014;OUT;REGIÃO NORTE;RORAIMA;ÓLEO DIESEL S-500;7604,4
2014;NOV;REGIÃO NORTE;RORAIMA;ÓLEO DIESEL S-500;5758,8
2014;DEZ;REGIÃO NORTE;RORAIMA;ÓLEO DIESEL S-500;8446,6
2014;JAN;REGIÃO NORTE;PARÁ;ÓLEO DIESEL S-500;118641,021
2014;FEV;REGIÃO NORTE;PARÁ;ÓLEO DIESEL S-500;104553,052
2014;MAR;REGIÃO NORTE;PARÁ;ÓLEO DIESEL S-500;109966,713
2014;ABR;REGIÃO NORTE;PARÁ;ÓLEO DIESEL S-500;115537,425
2014;MAI;REGIÃO NORTE;PARÁ;ÓLEO DIESEL S-500;119361,443
2014;JUN;REGIÃO NORTE;PARÁ;ÓLEO DIESEL S-500;122635,776
2014;JUL;REGIÃO NORTE;PARÁ;ÓLEO DIESEL S-500;128014,453
2014;AGO;REGIÃO NORTE;PARÁ;ÓLEO DIESEL S-500;127226,341
2014;SET;REGIÃO NORTE;PARÁ;ÓLEO DIESEL S-500;128316,838
2014;OUT;REGIÃO NORTE;PARÁ;ÓLEO DIESEL S-500;141453,916
2014;NOV;REGIÃO NORTE;PARÁ;ÓLEO DIESEL S-500;123966,353
2014;DEZ;REGIÃO NORTE;PARÁ;ÓLEO DIESEL S-500;123057,237
2014;JAN;REGIÃO NORTE;AMAPÁ;ÓLEO DIESEL S-500;42189,174
2014;FEV;REGIÃO NORTE;AMAPÁ;ÓLEO DIESEL S-500;32269,1
2014;MAR;REGIÃO NORTE;AMAPÁ;ÓLEO DIESEL S-500;30809,06
2014;ABR;REGIÃO NORTE;AMAPÁ;ÓLEO DIESEL S-500;33617,86
2014;MAI;REGIÃO NORTE;AMAPÁ;ÓLEO DIESEL S-500;32543,529
2014;JUN;REGIÃO NORTE;AMAPÁ;ÓLEO DIESEL S-500;32147,416
2014;JUL;REGIÃO NORTE;AMAPÁ;ÓLEO DIESEL S-500;35968,095
2014;AGO;REGIÃO NORTE;AMAPÁ;ÓLEO DIESEL S-500;38176,166
2014;SET;REGIÃO NORTE;AMAPÁ;ÓLEO DIESEL S-500;40564,532
2014;OUT;REGIÃO NORTE;AMAPÁ;ÓLEO DIESEL S-500;44882,623
2014;NOV;REGIÃO NORTE;AMAPÁ;ÓLEO DIESEL S-500;46879,829
2014;DEZ;REGIÃO NORTE;AMAPÁ;ÓLEO DIESEL S-500;46744,021
2014;JAN;REGIÃO NORTE;TOCANTINS;ÓLEO DIESEL S-500;49772,45
2014;FEV;REGIÃO NORTE;TOCANTINS;ÓLEO DIESEL S-500;51653,9
2014;MAR;REGIÃO NORTE;TOCANTINS;ÓLEO DIESEL S-500;54291,6
2014;ABR;REGIÃO NORTE;TOCANTINS;ÓLEO DIESEL S-500;55535,05
2014;MAI;REGIÃO NORTE;TOCANTINS;ÓLEO DIESEL S-500;57027,31
2014;JUN;REGIÃO NORTE;TOCANTINS;ÓLEO DIESEL S-500;53906,56
2014;JUL;REGIÃO NORTE;TOCANTINS;ÓLEO DIESEL S-500;59858,723
2014;AGO;REGIÃO NORTE;TOCANTINS;ÓLEO DIESEL S-500;58643,05
2014;SET;REGIÃO NORTE;TOCANTINS;ÓLEO DIESEL S-500;61095
2014;OUT;REGIÃO NORTE;TOCANTINS;ÓLEO DIESEL S-500;65350,85
2014;NOV;REGIÃO NORTE;TOCANTINS;ÓLEO DIESEL S-500;57290,25
2014;DEZ;REGIÃO NORTE;TOCANTINS;ÓLEO DIESEL S-500;54879,8
2014;JAN;REGIÃO NORDESTE;MARANHÃO;ÓLEO DIESEL S-500;81044,385
2014;FEV;REGIÃO NORDESTE;MARANHÃO;ÓLEO DIESEL S-500;71320,753
2014;MAR;REGIÃO NORDESTE;MARANHÃO;ÓLEO DIESEL S-500;76635,922
2014;ABR;REGIÃO NORDESTE;MARANHÃO;ÓLEO DIESEL S-500;75910,659
2014;MAI;REGIÃO NORDESTE;MARANHÃO;ÓLEO DIESEL S-500;76919,502
2014;JUN;REGIÃO NORDESTE;MARANHÃO;ÓLEO DIESEL S-500;75512,551
2014;JUL;REGIÃO NORDESTE;MARANHÃO;ÓLEO DIESEL S-500;81728,781
2014;AGO;REGIÃO NORDESTE;MARANHÃO;ÓLEO DIESEL S-500;87741,818
2014;SET;REGIÃO NORDESTE;MARANHÃO;ÓLEO DIESEL S-500;84959,5
2014;OUT;REGIÃO NORDESTE;MARANHÃO;ÓLEO DIESEL S-500;90778,862
2014;NOV;REGIÃO NORDESTE;MARANHÃO;ÓLEO DIESEL S-500;83218,185
2014;DEZ;REGIÃO NORDESTE;MARANHÃO;ÓLEO DIESEL S-500;83190,501
2014;JAN;REGIÃO NORDESTE;PIAUÍ;ÓLEO DIESEL S-500;34613
2014;FEV;REGIÃO NORDESTE;PIAUÍ;ÓLEO DIESEL S-500;32206,73
2014;MAR;REGIÃO NORDESTE;PIAUÍ;ÓLEO DIESEL S-500;32553,2
2014;ABR;REGIÃO NORDESTE;PIAUÍ;ÓLEO DIESEL S-500;36385
2014;MAI;REGIÃO NORDESTE;PIAUÍ;ÓLEO DIESEL S-500;36066,5
2014;JUN;REGIÃO NORDESTE;PIAUÍ;ÓLEO DIESEL S-500;33122
2014;JUL;REGIÃO NORDESTE;PIAUÍ;ÓLEO DIESEL S-500;36684,5
2014;AGO;REGIÃO NORDESTE;PIAUÍ;ÓLEO DIESEL S-500;37150,82
2014;SET;REGIÃO NORDESTE;PIAUÍ;ÓLEO DIESEL S-500;37644,5
2014;OUT;REGIÃO NORDESTE;PIAUÍ;ÓLEO DIESEL S-500;37259,5
2014;NOV;REGIÃO NORDESTE;PIAUÍ;ÓLEO DIESEL S-500;35234,33
2014;DEZ;REGIÃO NORDESTE;PIAUÍ;ÓLEO DIESEL S-500;36010,8
2014;JAN;REGIÃO NORDESTE;CEARÁ;ÓLEO DIESEL S-500;40783,494
2014;FEV;REGIÃO NORDESTE;CEARÁ;ÓLEO DIESEL S-500;40824,38
2014;MAR;REGIÃO NORDESTE;CEARÁ;ÓLEO DIESEL S-500;33944
2014;ABR;REGIÃO NORDESTE;CEARÁ;ÓLEO DIESEL S-500;35512,65
2014;MAI;REGIÃO NORDESTE;CEARÁ;ÓLEO DIESEL S-500;36944,358
2014;JUN;REGIÃO NORDESTE;CEARÁ;ÓLEO DIESEL S-500;34316
2014;JUL;REGIÃO NORDESTE;CEARÁ;ÓLEO DIESEL S-500;40315,079
2014;AGO;REGIÃO NORDESTE;CEARÁ;ÓLEO DIESEL S-500;44300
2014;SET;REGIÃO NORDESTE;CEARÁ;ÓLEO DIESEL S-500;44847,5
2014;OUT;REGIÃO NORDESTE;CEARÁ;ÓLEO DIESEL S-500;45599,86
2014;NOV;REGIÃO NORDESTE;CEARÁ;ÓLEO DIESEL S-500;42096,5
2014;DEZ;REGIÃO NORDESTE;CEARÁ;ÓLEO DIESEL S-500;40091
2014;JAN;REGIÃO NORDESTE;RIO GRANDE DO NORTE;ÓLEO DIESEL S-500;47352,5
2014;FEV;REGIÃO NORDESTE;RIO GRANDE DO NORTE;ÓLEO DIESEL S-500;37185,04
2014;MAR;REGIÃO NORDESTE;RIO GRANDE DO NORTE;ÓLEO DIESEL S-500;33241,729
2014;ABR;REGIÃO NORDESTE;RIO GRANDE DO NORTE;ÓLEO DIESEL S-500;38936
2014;MAI;REGIÃO NORDESTE;RIO GRANDE DO NORTE;ÓLEO DIESEL S-500;40110,695
2014;JUN;REGIÃO NORDESTE;RIO GRANDE DO NORTE;ÓLEO DIESEL S-500;37398,852
2014;JUL;REGIÃO NORDESTE;RIO GRANDE DO NORTE;ÓLEO DIESEL S-500;40916,778
2014;AGO;REGIÃO NORDESTE;RIO GRANDE DO NORTE;ÓLEO DIESEL S-500;47865
2014;SET;REGIÃO NORDESTE;RIO GRANDE DO NORTE;ÓLEO DIESEL S-500;50190
2014;OUT;REGIÃO NORDESTE;RIO GRANDE DO NORTE;ÓLEO DIESEL S-500;54424,05
2014;NOV;REGIÃO NORDESTE;RIO GRANDE DO NORTE;ÓLEO DIESEL S-500;51575,747
2014;DEZ;REGIÃO NORDESTE;RIO GRANDE DO NORTE;ÓLEO DIESEL S-500;53588,95
2014;JAN;REGIÃO NORDESTE;PARAÍBA;ÓLEO DIESEL S-500;34362,75
2014;FEV;REGIÃO NORDESTE;PARAÍBA;ÓLEO DIESEL S-500;32043,553
2014;MAR;REGIÃO NORDESTE;PARAÍBA;ÓLEO DIESEL S-500;30768,28
2014;ABR;REGIÃO NORDESTE;PARAÍBA;ÓLEO DIESEL S-500;30904,15
2014;MAI;REGIÃO NORDESTE;PARAÍBA;ÓLEO DIESEL S-500;31309,18
2014;JUN;REGIÃO NORDESTE;PARAÍBA;ÓLEO DIESEL S-500;27794,63
2014;JUL;REGIÃO NORDESTE;PARAÍBA;ÓLEO DIESEL S-500;31274,72
2014;AGO;REGIÃO NORDESTE;PARAÍBA;ÓLEO DIESEL S-500;32042,59
2014;SET;REGIÃO NORDESTE;PARAÍBA;ÓLEO DIESEL S-500;32443,66
2014;OUT;REGIÃO NORDESTE;PARAÍBA;ÓLEO DIESEL S-500;33643,931
2014;NOV;REGIÃO NORDESTE;PARAÍBA;ÓLEO DIESEL S-500;30177,98
2014;DEZ;REGIÃO NORDESTE;PARAÍBA;ÓLEO DIESEL S-500;31295,23
2014;JAN;REGIÃO NORDESTE;PERNAMBUCO;ÓLEO DIESEL S-500;82206,7
2014;FEV;REGIÃO NORDESTE;PERNAMBUCO;ÓLEO DIESEL S-500;60846,008
2014;MAR;REGIÃO NORDESTE;PERNAMBUCO;ÓLEO DIESEL S-500;59480,9
2014;ABR;REGIÃO NORDESTE;PERNAMBUCO;ÓLEO DIESEL S-500;65542,255
2014;MAI;REGIÃO NORDESTE;PERNAMBUCO;ÓLEO DIESEL S-500;79636,65
2014;JUN;REGIÃO NORDESTE;PERNAMBUCO;ÓLEO DIESEL S-500;59369,663
2014;JUL;REGIÃO NORDESTE;PERNAMBUCO;ÓLEO DIESEL S-500;71551,75
2014;AGO;REGIÃO NORDESTE;PERNAMBUCO;ÓLEO DIESEL S-500;88770,5
2014;SET;REGIÃO NORDESTE;PERNAMBUCO;ÓLEO DIESEL S-500;101406,756
2014;OUT;REGIÃO NORDESTE;PERNAMBUCO;ÓLEO DIESEL S-500;103183,95
2014;NOV;REGIÃO NORDESTE;PERNAMBUCO;ÓLEO DIESEL S-500;95519,05
2014;DEZ;REGIÃO NORDESTE;PERNAMBUCO;ÓLEO DIESEL S-500;98044,55
2014;JAN;REGIÃO NORDESTE;ALAGOAS;ÓLEO DIESEL S-500;34689,944
2014;FEV;REGIÃO NORDESTE;ALAGOAS;ÓLEO DIESEL S-500;30713,997
2014;MAR;REGIÃO NORDESTE;ALAGOAS;ÓLEO DIESEL S-500;29052
2014;ABR;REGIÃO NORDESTE;ALAGOAS;ÓLEO DIESEL S-500;25770
2014;MAI;REGIÃO NORDESTE;ALAGOAS;ÓLEO DIESEL S-500;22017,776
2014;JUN;REGIÃO NORDESTE;ALAGOAS;ÓLEO DIESEL S-500;19034,5
2014;JUL;REGIÃO NORDESTE;ALAGOAS;ÓLEO DIESEL S-500;21169,4
2014;AGO;REGIÃO NORDESTE;ALAGOAS;ÓLEO DIESEL S-500;21063,5
2014;SET;REGIÃO NORDESTE;ALAGOAS;ÓLEO DIESEL S-500;23635,877
2014;OUT;REGIÃO NORDESTE;ALAGOAS;ÓLEO DIESEL S-500;27002
2014;NOV;REGIÃO NORDESTE;ALAGOAS;ÓLEO DIESEL S-500;27554
2014;DEZ;REGIÃO NORDESTE;ALAGOAS;ÓLEO DIESEL S-500;28836,5
2014;JAN;REGIÃO NORDESTE;SERGIPE;ÓLEO DIESEL S-500;23280,2
2014;FEV;REGIÃO NORDESTE;SERGIPE;ÓLEO DIESEL S-500;21561,5
2014;MAR;REGIÃO NORDESTE;SERGIPE;ÓLEO DIESEL S-500;21649,5
2014;ABR;REGIÃO NORDESTE;SERGIPE;ÓLEO DIESEL S-500;20812,5
2014;MAI;REGIÃO NORDESTE;SERGIPE;ÓLEO DIESEL S-500;22652,5
2014;JUN;REGIÃO NORDESTE;SERGIPE;ÓLEO DIESEL S-500;18352,5
2014;JUL;REGIÃO NORDESTE;SERGIPE;ÓLEO DIESEL S-500;18597,5
2014;AGO;REGIÃO NORDESTE;SERGIPE;ÓLEO DIESEL S-500;18973,7
2014;SET;REGIÃO NORDESTE;SERGIPE;ÓLEO DIESEL S-500;20214
2014;OUT;REGIÃO NORDESTE;SERGIPE;ÓLEO DIESEL S-500;20923,1
2014;NOV;REGIÃO NORDESTE;SERGIPE;ÓLEO DIESEL S-500;19577,966
2014;DEZ;REGIÃO NORDESTE;SERGIPE;ÓLEO DIESEL S-500;20252,7
2014;JAN;REGIÃO NORDESTE;BAHIA;ÓLEO DIESEL S-500;215483,674
2014;FEV;REGIÃO NORDESTE;BAHIA;ÓLEO DIESEL S-500;200620,883
2014;MAR;REGIÃO NORDESTE;BAHIA;ÓLEO DIESEL S-500;207848,116
2014;ABR;REGIÃO NORDESTE;BAHIA;ÓLEO DIESEL S-500;242893,877
2014;MAI;REGIÃO NORDESTE;BAHIA;ÓLEO DIESEL S-500;230482,933
2014;JUN;REGIÃO NORDESTE;BAHIA;ÓLEO DIESEL S-500;201115,08
2014;JUL;REGIÃO NORDESTE;BAHIA;ÓLEO DIESEL S-500;217933,75
2014;AGO;REGIÃO NORDESTE;BAHIA;ÓLEO DIESEL S-500;225647,41
2014;SET;REGIÃO NORDESTE;BAHIA;ÓLEO DIESEL S-500;231647,441
2014;OUT;REGIÃO NORDESTE;BAHIA;ÓLEO DIESEL S-500;235578,644
2014;NOV;REGIÃO NORDESTE;BAHIA;ÓLEO DIESEL S-500;201427,82
2014;DEZ;REGIÃO NORDESTE;BAHIA;ÓLEO DIESEL S-500;199971,162
2014;JAN;REGIÃO SUDESTE;MINAS GERAIS;ÓLEO DIESEL S-500;481183,573
2014;FEV;REGIÃO SUDESTE;MINAS GERAIS;ÓLEO DIESEL S-500;488166,313
2014;MAR;REGIÃO SUDESTE;MINAS GERAIS;ÓLEO DIESEL S-500;491252,407
2014;ABR;REGIÃO SUDESTE;MINAS GERAIS;ÓLEO DIESEL S-500;499814,073
2014;MAI;REGIÃO SUDESTE;MINAS GERAIS;ÓLEO DIESEL S-500;536520,725
2014;JUN;REGIÃO SUDESTE;MINAS GERAIS;ÓLEO DIESEL S-500;488843,96
2014;JUL;REGIÃO SUDESTE;MINAS GERAIS;ÓLEO DIESEL S-500;526327,01
2014;AGO;REGIÃO SUDESTE;MINAS GERAIS;ÓLEO DIESEL S-500;534296,224
2014;SET;REGIÃO SUDESTE;MINAS GERAIS;ÓLEO DIESEL S-500;534525,899
2014;OUT;REGIÃO SUDESTE;MINAS GERAIS;ÓLEO DIESEL S-500;559056,508
2014;NOV;REGIÃO SUDESTE;MINAS GERAIS;ÓLEO DIESEL S-500;462573,766
2014;DEZ;REGIÃO SUDESTE;MINAS GERAIS;ÓLEO DIESEL S-500;436499,755
2014;JAN;REGIÃO SUDESTE;ESPÍRITO SANTO;ÓLEO DIESEL S-500;80348,734
2014;FEV;REGIÃO SUDESTE;ESPÍRITO SANTO;ÓLEO DIESEL S-500;75212,757
2014;MAR;REGIÃO SUDESTE;ESPÍRITO SANTO;ÓLEO DIESEL S-500;76565,994
2014;ABR;REGIÃO SUDESTE;ESPÍRITO SANTO;ÓLEO DIESEL S-500;77522,593
2014;MAI;REGIÃO SUDESTE;ESPÍRITO SANTO;ÓLEO DIESEL S-500;81698,665
2014;JUN;REGIÃO SUDESTE;ESPÍRITO SANTO;ÓLEO DIESEL S-500;74789,466
2014;JUL;REGIÃO SUDESTE;ESPÍRITO SANTO;ÓLEO DIESEL S-500;79412,833
2014;AGO;REGIÃO SUDESTE;ESPÍRITO SANTO;ÓLEO DIESEL S-500;77804,794
2014;SET;REGIÃO SUDESTE;ESPÍRITO SANTO;ÓLEO DIESEL S-500;83082,549
2014;OUT;REGIÃO SUDESTE;ESPÍRITO SANTO;ÓLEO DIESEL S-500;82753,81
2014;NOV;REGIÃO SUDESTE;ESPÍRITO SANTO;ÓLEO DIESEL S-500;69691,689
2014;DEZ;REGIÃO SUDESTE;ESPÍRITO SANTO;ÓLEO DIESEL S-500;71391,632
2014;JAN;REGIÃO SUDESTE;RIO DE JANEIRO;ÓLEO DIESEL S-500;122469,863
2014;FEV;REGIÃO SUDESTE;RIO DE JANEIRO;ÓLEO DIESEL S-500;118600,961
2014;MAR;REGIÃO SUDESTE;RIO DE JANEIRO;ÓLEO DIESEL S-500;114729,625
2014;ABR;REGIÃO SUDESTE;RIO DE JANEIRO;ÓLEO DIESEL S-500;113944,653
2014;MAI;REGIÃO SUDESTE;RIO DE JANEIRO;ÓLEO DIESEL S-500;123738,878
2014;JUN;REGIÃO SUDESTE;RIO DE JANEIRO;ÓLEO DIESEL S-500;112712,679
2014;JUL;REGIÃO SUDESTE;RIO DE JANEIRO;ÓLEO DIESEL S-500;120718,626
2014;AGO;REGIÃO SUDESTE;RIO DE JANEIRO;ÓLEO DIESEL S-500;120263,931
2014;SET;REGIÃO SUDESTE;RIO DE JANEIRO;ÓLEO DIESEL S-500;120032,78
2014;OUT;REGIÃO SUDESTE;RIO DE JANEIRO;ÓLEO DIESEL S-500;126504,134
2014;NOV;REGIÃO SUDESTE;RIO DE JANEIRO;ÓLEO DIESEL S-500;111857,338
2014;DEZ;REGIÃO SUDESTE;RIO DE JANEIRO;ÓLEO DIESEL S-500;113936,557
2014;JAN;REGIÃO SUDESTE;SÃO PAULO;ÓLEO DIESEL S-500;648227,785
2014;FEV;REGIÃO SUDESTE;SÃO PAULO;ÓLEO DIESEL S-500;672274,001
2014;MAR;REGIÃO SUDESTE;SÃO PAULO;ÓLEO DIESEL S-500;695882,894
2014;ABR;REGIÃO SUDESTE;SÃO PAULO;ÓLEO DIESEL S-500;739885,743
2014;MAI;REGIÃO SUDESTE;SÃO PAULO;ÓLEO DIESEL S-500;812518,635
2014;JUN;REGIÃO SUDESTE;SÃO PAULO;ÓLEO DIESEL S-500;748762,115
2014;JUL;REGIÃO SUDESTE;SÃO PAULO;ÓLEO DIESEL S-500;793256,294
2014;AGO;REGIÃO SUDESTE;SÃO PAULO;ÓLEO DIESEL S-500;823011,386
2014;SET;REGIÃO SUDESTE;SÃO PAULO;ÓLEO DIESEL S-500;785181,11
2014;OUT;REGIÃO SUDESTE;SÃO PAULO;ÓLEO DIESEL S-500;846483,91
2014;NOV;REGIÃO SUDESTE;SÃO PAULO;ÓLEO DIESEL S-500;676481,682
2014;DEZ;REGIÃO SUDESTE;SÃO PAULO;ÓLEO DIESEL S-500;619709,289
2014;JAN;REGIÃO SUL;PARANÁ;ÓLEO DIESEL S-500;316379,834
2014;FEV;REGIÃO SUL;PARANÁ;ÓLEO DIESEL S-500;357737,146
2014;MAR;REGIÃO SUL;PARANÁ;ÓLEO DIESEL S-500;352017,06
2014;ABR;REGIÃO SUL;PARANÁ;ÓLEO DIESEL S-500;326148,3
2014;MAI;REGIÃO SUL;PARANÁ;ÓLEO DIESEL S-500;348005,405
2014;JUN;REGIÃO SUL;PARANÁ;ÓLEO DIESEL S-500;318052,819
2014;JUL;REGIÃO SUL;PARANÁ;ÓLEO DIESEL S-500;370071,161
2014;AGO;REGIÃO SUL;PARANÁ;ÓLEO DIESEL S-500;376343,985
2014;SET;REGIÃO SUL;PARANÁ;ÓLEO DIESEL S-500;351766,378
2014;OUT;REGIÃO SUL;PARANÁ;ÓLEO DIESEL S-500;395315,081
2014;NOV;REGIÃO SUL;PARANÁ;ÓLEO DIESEL S-500;319476,667
2014;DEZ;REGIÃO SUL;PARANÁ;ÓLEO DIESEL S-500;289422,413
2014;JAN;REGIÃO SUL;SANTA CATARINA;ÓLEO DIESEL S-500;153194,747
2014;FEV;REGIÃO SUL;SANTA CATARINA;ÓLEO DIESEL S-500;155453,584
2014;MAR;REGIÃO SUL;SANTA CATARINA;ÓLEO DIESEL S-500;162555,941
2014;ABR;REGIÃO SUL;SANTA CATARINA;ÓLEO DIESEL S-500;163318,232
2014;MAI;REGIÃO SUL;SANTA CATARINA;ÓLEO DIESEL S-500;162969,657
2014;JUN;REGIÃO SUL;SANTA CATARINA;ÓLEO DIESEL S-500;140775,651
2014;JUL;REGIÃO SUL;SANTA CATARINA;ÓLEO DIESEL S-500;162892,409
2014;AGO;REGIÃO SUL;SANTA CATARINA;ÓLEO DIESEL S-500;162365,488
2014;SET;REGIÃO SUL;SANTA CATARINA;ÓLEO DIESEL S-500;161003,395
2014;OUT;REGIÃO SUL;SANTA CATARINA;ÓLEO DIESEL S-500;174373,845
2014;NOV;REGIÃO SUL;SANTA CATARINA;ÓLEO DIESEL S-500;150025,323
2014;DEZ;REGIÃO SUL;SANTA CATARINA;ÓLEO DIESEL S-500;138683,52
2014;JAN;REGIÃO SUL;RIO GRANDE DO SUL;ÓLEO DIESEL S-500;211311,076
2014;FEV;REGIÃO SUL;RIO GRANDE DO SUL;ÓLEO DIESEL S-500;226963,724
2014;MAR;REGIÃO SUL;RIO GRANDE DO SUL;ÓLEO DIESEL S-500;281121,925
2014;ABR;REGIÃO SUL;RIO GRANDE DO SUL;ÓLEO DIESEL S-500;286507,752
2014;MAI;REGIÃO SUL;RIO GRANDE DO SUL;ÓLEO DIESEL S-500;248166,493
2014;JUN;REGIÃO SUL;RIO GRANDE DO SUL;ÓLEO DIESEL S-500;208046,23
2014;JUL;REGIÃO SUL;RIO GRANDE DO SUL;ÓLEO DIESEL S-500;224750,801
2014;AGO;REGIÃO SUL;RIO GRANDE DO SUL;ÓLEO DIESEL S-500;248999,593
2014;SET;REGIÃO SUL;RIO GRANDE DO SUL;ÓLEO DIESEL S-500;231911,329
2014;OUT;REGIÃO SUL;RIO GRANDE DO SUL;ÓLEO DIESEL S-500;275511,16
2014;NOV;REGIÃO SUL;RIO GRANDE DO SUL;ÓLEO DIESEL S-500;249793,122
2014;DEZ;REGIÃO SUL;RIO GRANDE DO SUL;ÓLEO DIESEL S-500;212639,131
2014;JAN;REGIÃO CENTRO-OESTE;MATO GROSSO DO SUL;ÓLEO DIESEL S-500;78338,648
2014;FEV;REGIÃO CENTRO-OESTE;MATO GROSSO DO SUL;ÓLEO DIESEL S-500;92041,2
2014;MAR;REGIÃO CENTRO-OESTE;MATO GROSSO DO SUL;ÓLEO DIESEL S-500;86543,951
2014;ABR;REGIÃO CENTRO-OESTE;MATO GROSSO DO SUL;ÓLEO DIESEL S-500;81434,988
2014;MAI;REGIÃO CENTRO-OESTE;MATO GROSSO DO SUL;ÓLEO DIESEL S-500;84463,25
2014;JUN;REGIÃO CENTRO-OESTE;MATO GROSSO DO SUL;ÓLEO DIESEL S-500;88793,55
2014;JUL;REGIÃO CENTRO-OESTE;MATO GROSSO DO SUL;ÓLEO DIESEL S-500;91705,9
2014;AGO;REGIÃO CENTRO-OESTE;MATO GROSSO DO SUL;ÓLEO DIESEL S-500;110807,546
2014;SET;REGIÃO CENTRO-OESTE;MATO GROSSO DO SUL;ÓLEO DIESEL S-500;97117,8
2014;OUT;REGIÃO CENTRO-OESTE;MATO GROSSO DO SUL;ÓLEO DIESEL S-500;108645,1
2014;NOV;REGIÃO CENTRO-OESTE;MATO GROSSO DO SUL;ÓLEO DIESEL S-500;83453,2
2014;DEZ;REGIÃO CENTRO-OESTE;MATO GROSSO DO SUL;ÓLEO DIESEL S-500;72440,7
2014;JAN;REGIÃO CENTRO-OESTE;MATO GROSSO;ÓLEO DIESEL S-500;164448,542
2014;FEV;REGIÃO CENTRO-OESTE;MATO GROSSO;ÓLEO DIESEL S-500;209512,543
2014;MAR;REGIÃO CENTRO-OESTE;MATO GROSSO;ÓLEO DIESEL S-500;217562,383
2014;ABR;REGIÃO CENTRO-OESTE;MATO GROSSO;ÓLEO DIESEL S-500;160506,651
2014;MAI;REGIÃO CENTRO-OESTE;MATO GROSSO;ÓLEO DIESEL S-500;178834,742
2014;JUN;REGIÃO CENTRO-OESTE;MATO GROSSO;ÓLEO DIESEL S-500;183411,024
2014;JUL;REGIÃO CENTRO-OESTE;MATO GROSSO;ÓLEO DIESEL S-500;213110,852
2014;AGO;REGIÃO CENTRO-OESTE;MATO GROSSO;ÓLEO DIESEL S-500;206523,367
2014;SET;REGIÃO CENTRO-OESTE;MATO GROSSO;ÓLEO DIESEL S-500;205202,443
2014;OUT;REGIÃO CENTRO-OESTE;MATO GROSSO;ÓLEO DIESEL S-500;217680,502
2014;NOV;REGIÃO CENTRO-OESTE;MATO GROSSO;ÓLEO DIESEL S-500;175249,775
2014;DEZ;REGIÃO CENTRO-OESTE;MATO GROSSO;ÓLEO DIESEL S-500;140413,944
2014;JAN;REGIÃO CENTRO-OESTE;GOIÁS;ÓLEO DIESEL S-500;171840,985
2014;FEV;REGIÃO CENTRO-OESTE;GOIÁS;ÓLEO DIESEL S-500;232589,86
2014;MAR;REGIÃO CENTRO-OESTE;GOIÁS;ÓLEO DIESEL S-500;223705,223
2014;ABR;REGIÃO CENTRO-OESTE;GOIÁS;ÓLEO DIESEL S-500;223802,57
2014;MAI;REGIÃO CENTRO-OESTE;GOIÁS;ÓLEO DIESEL S-500;229720,901
2014;JUN;REGIÃO CENTRO-OESTE;GOIÁS;ÓLEO DIESEL S-500;197839,954
2014;JUL;REGIÃO CENTRO-OESTE;GOIÁS;ÓLEO DIESEL S-500;230695,844
2014;AGO;REGIÃO CENTRO-OESTE;GOIÁS;ÓLEO DIESEL S-500;245885,068
2014;SET;REGIÃO CENTRO-OESTE;GOIÁS;ÓLEO DIESEL S-500;240769,21
2014;OUT;REGIÃO CENTRO-OESTE;GOIÁS;ÓLEO DIESEL S-500;252162,22
2014;NOV;REGIÃO CENTRO-OESTE;GOIÁS;ÓLEO DIESEL S-500;210675,272
2014;DEZ;REGIÃO CENTRO-OESTE;GOIÁS;ÓLEO DIESEL S-500;182881,72
2014;JAN;REGIÃO CENTRO-OESTE;DISTRITO FEDERAL;ÓLEO DIESEL S-500;24269,15
2014;FEV;REGIÃO CENTRO-OESTE;DISTRITO FEDERAL;ÓLEO DIESEL S-500;23766,25
2014;MAR;REGIÃO CENTRO-OESTE;DISTRITO FEDERAL;ÓLEO DIESEL S-500;23251,1
2014;ABR;REGIÃO CENTRO-OESTE;DISTRITO FEDERAL;ÓLEO DIESEL S-500;23538,555
2014;MAI;REGIÃO CENTRO-OESTE;DISTRITO FEDERAL;ÓLEO DIESEL S-500;24850,596
2014;JUN;REGIÃO CENTRO-OESTE;DISTRITO FEDERAL;ÓLEO DIESEL S-500;20949,872
2014;JUL;REGIÃO CENTRO-OESTE;DISTRITO FEDERAL;ÓLEO DIESEL S-500;23053,277
2014;AGO;REGIÃO CENTRO-OESTE;DISTRITO FEDERAL;ÓLEO DIESEL S-500;23230,55
2014;SET;REGIÃO CENTRO-OESTE;DISTRITO FEDERAL;ÓLEO DIESEL S-500;24575,15
2014;OUT;REGIÃO CENTRO-OESTE;DISTRITO FEDERAL;ÓLEO DIESEL S-500;24555,645
2014;NOV;REGIÃO CENTRO-OESTE;DISTRITO FEDERAL;ÓLEO DIESEL S-500;21161,65
2014;DEZ;REGIÃO CENTRO-OESTE;DISTRITO FEDERAL;ÓLEO DIESEL S-500;19915,996
2014;JAN;REGIÃO NORTE;RONDÔNIA;ÓLEO DIESEL S-1800;0
2014;FEV;REGIÃO NORTE;RONDÔNIA;ÓLEO DIESEL S-1800;0
2014;MAR;REGIÃO NORTE;RONDÔNIA;ÓLEO DIESEL S-1800;0
2014;ABR;REGIÃO NORTE;RONDÔNIA;ÓLEO DIESEL S-1800;0
2014;MAI;REGIÃO NORTE;RONDÔNIA;ÓLEO DIESEL S-1800;0
2014;JUN;REGIÃO NORTE;RONDÔNIA;ÓLEO DIESEL S-1800;0
2014;JUL;REGIÃO NORTE;RONDÔNIA;ÓLEO DIESEL S-1800;0
2014;AGO;REGIÃO NORTE;RONDÔNIA;ÓLEO DIESEL S-1800;0
2014;SET;REGIÃO NORTE;RONDÔNIA;ÓLEO DIESEL S-1800;0
2014;OUT;REGIÃO NORTE;RONDÔNIA;ÓLEO DIESEL S-1800;0
2014;NOV;REGIÃO NORTE;RONDÔNIA;ÓLEO DIESEL S-1800;0
2014;DEZ;REGIÃO NORTE;RONDÔNIA;ÓLEO DIESEL S-1800;0
2014;JAN;REGIÃO NORTE;ACRE;ÓLEO DIESEL S-1800;410,625
2014;FEV;REGIÃO NORTE;ACRE;ÓLEO DIESEL S-1800;1268,757
2014;MAR;REGIÃO NORTE;ACRE;ÓLEO DIESEL S-1800;0
2014;ABR;REGIÃO NORTE;ACRE;ÓLEO DIESEL S-1800;0
2014;MAI;REGIÃO NORTE;ACRE;ÓLEO DIESEL S-1800;0
2014;JUN;REGIÃO NORTE;ACRE;ÓLEO DIESEL S-1800;0
2014;JUL;REGIÃO NORTE;ACRE;ÓLEO DIESEL S-1800;0
2014;AGO;REGIÃO NORTE;ACRE;ÓLEO DIESEL S-1800;0
2014;SET;REGIÃO NORTE;ACRE;ÓLEO DIESEL S-1800;0
2014;OUT;REGIÃO NORTE;ACRE;ÓLEO DIESEL S-1800;0
2014;NOV;REGIÃO NORTE;ACRE;ÓLEO DIESEL S-1800;0
2014;DEZ;REGIÃO NORTE;ACRE;ÓLEO DIESEL S-1800;0
2014;JAN;REGIÃO NORTE;AMAZONAS;ÓLEO DIESEL S-1800;63315,888
2014;FEV;REGIÃO NORTE;AMAZONAS;ÓLEO DIESEL S-1800;61028,985
2014;MAR;REGIÃO NORTE;AMAZONAS;ÓLEO DIESEL S-1800;60065,191
2014;ABR;REGIÃO NORTE;AMAZONAS;ÓLEO DIESEL S-1800;64226,892
2014;MAI;REGIÃO NORTE;AMAZONAS;ÓLEO DIESEL S-1800;84221,713
2014;JUN;REGIÃO NORTE;AMAZONAS;ÓLEO DIESEL S-1800;64273,055
2014;JUL;REGIÃO NORTE;AMAZONAS;ÓLEO DIESEL S-1800;70003,13
2014;AGO;REGIÃO NORTE;AMAZONAS;ÓLEO DIESEL S-1800;52548,067
2014;SET;REGIÃO NORTE;AMAZONAS;ÓLEO DIESEL S-1800;66416,07
2014;OUT;REGIÃO NORTE;AMAZONAS;ÓLEO DIESEL S-1800;63616,035
2014;NOV;REGIÃO NORTE;AMAZONAS;ÓLEO DIESEL S-1800;61644,581
2014;DEZ;REGIÃO NORTE;AMAZONAS;ÓLEO DIESEL S-1800;64595,946
2014;JAN;REGIÃO NORTE;RORAIMA;ÓLEO DIESEL S-1800;0
2014;FEV;REGIÃO NORTE;RORAIMA;ÓLEO DIESEL S-1800;0
2014;MAR;REGIÃO NORTE;RORAIMA;ÓLEO DIESEL S-1800;0
2014;ABR;REGIÃO NORTE;RORAIMA;ÓLEO DIESEL S-1800;0
2014;MAI;REGIÃO NORTE;RORAIMA;ÓLEO DIESEL S-1800;0
2014;JUN;REGIÃO NORTE;RORAIMA;ÓLEO DIESEL S-1800;0
2014;JUL;REGIÃO NORTE;RORAIMA;ÓLEO DIESEL S-1800;0
2014;AGO;REGIÃO NORTE;RORAIMA;ÓLEO DIESEL S-1800;0
2014;SET;REGIÃO NORTE;RORAIMA;ÓLEO DIESEL S-1800;0
2014;OUT;REGIÃO NORTE;RORAIMA;ÓLEO DIESEL S-1800;907
2014;NOV;REGIÃO NORTE;RORAIMA;ÓLEO DIESEL S-1800;4943
2014;DEZ;REGIÃO NORTE;RORAIMA;ÓLEO DIESEL S-1800;3186
2014;JAN;REGIÃO NORTE;PARÁ;ÓLEO DIESEL S-1800;7376,477
2014;FEV;REGIÃO NORTE;PARÁ;ÓLEO DIESEL S-1800;5560,815
2014;MAR;REGIÃO NORTE;PARÁ;ÓLEO DIESEL S-1800;4529,952
2014;ABR;REGIÃO NORTE;PARÁ;ÓLEO DIESEL S-1800;5902,588
2014;MAI;REGIÃO NORTE;PARÁ;ÓLEO DIESEL S-1800;6935,581
2014;JUN;REGIÃO NORTE;PARÁ;ÓLEO DIESEL S-1800;6834,764
2014;JUL;REGIÃO NORTE;PARÁ;ÓLEO DIESEL S-1800;7132,936
2014;AGO;REGIÃO NORTE;PARÁ;ÓLEO DIESEL S-1800;7174,734
2014;SET;REGIÃO NORTE;PARÁ;ÓLEO DIESEL S-1800;7356,763
2014;OUT;REGIÃO NORTE;PARÁ;ÓLEO DIESEL S-1800;7796,32
2014;NOV;REGIÃO NORTE;PARÁ;ÓLEO DIESEL S-1800;7552,346
2014;DEZ;REGIÃO NORTE;PARÁ;ÓLEO DIESEL S-1800;7849,375
2014;JAN;REGIÃO NORTE;AMAPÁ;ÓLEO DIESEL S-1800;0
2014;FEV;REGIÃO NORTE;AMAPÁ;ÓLEO DIESEL S-1800;0
2014;MAR;REGIÃO NORTE;AMAPÁ;ÓLEO DIESEL S-1800;0
2014;ABR;REGIÃO NORTE;AMAPÁ;ÓLEO DIESEL S-1800;0
2014;MAI;REGIÃO NORTE;AMAPÁ;ÓLEO DIESEL S-1800;0
2014;JUN;REGIÃO NORTE;AMAPÁ;ÓLEO DIESEL S-1800;0
2014;JUL;REGIÃO NORTE;AMAPÁ;ÓLEO DIESEL S-1800;0
2014;AGO;REGIÃO NORTE;AMAPÁ;ÓLEO DIESEL S-1800;0
2014;SET;REGIÃO NORTE;AMAPÁ;ÓLEO DIESEL S-1800;0
2014;OUT;REGIÃO NORTE;AMAPÁ;ÓLEO DIESEL S-1800;0
2014;NOV;REGIÃO NORTE;AMAPÁ;ÓLEO DIESEL S-1800;0
2014;DEZ;REGIÃO NORTE;AMAPÁ;ÓLEO DIESEL S-1800;0
2014;JAN;REGIÃO NORTE;TOCANTINS;ÓLEO DIESEL S-1800;5
2014;FEV;REGIÃO NORTE;TOCANTINS;ÓLEO DIESEL S-1800;10
2014;MAR;REGIÃO NORTE;TOCANTINS;ÓLEO DIESEL S-1800;5
2014;ABR;REGIÃO NORTE;TOCANTINS;ÓLEO DIESEL S-1800;0
2014;MAI;REGIÃO NORTE;TOCANTINS;ÓLEO DIESEL S-1800;0
2014;JUN;REGIÃO NORTE;TOCANTINS;ÓLEO DIESEL S-1800;0
2014;JUL;REGIÃO NORTE;TOCANTINS;ÓLEO DIESEL S-1800;0
2014;AGO;REGIÃO NORTE;TOCANTINS;ÓLEO DIESEL S-1800;0
2014;SET;REGIÃO NORTE;TOCANTINS;ÓLEO DIESEL S-1800;0
2014;OUT;REGIÃO NORTE;TOCANTINS;ÓLEO DIESEL S-1800;0
2014;NOV;REGIÃO NORTE;TOCANTINS;ÓLEO DIESEL S-1800;0
2014;DEZ;REGIÃO NORTE;TOCANTINS;ÓLEO DIESEL S-1800;0
2014;JAN;REGIÃO NORDESTE;MARANHÃO;ÓLEO DIESEL S-1800;0
2014;FEV;REGIÃO NORDESTE;MARANHÃO;ÓLEO DIESEL S-1800;0
2014;MAR;REGIÃO NORDESTE;MARANHÃO;ÓLEO DIESEL S-1800;0
2014;ABR;REGIÃO NORDESTE;MARANHÃO;ÓLEO DIESEL S-1800;0
2014;MAI;REGIÃO NORDESTE;MARANHÃO;ÓLEO DIESEL S-1800;0
2014;JUN;REGIÃO NORDESTE;MARANHÃO;ÓLEO DIESEL S-1800;0
2014;JUL;REGIÃO NORDESTE;MARANHÃO;ÓLEO DIESEL S-1800;0
2014;AGO;REGIÃO NORDESTE;MARANHÃO;ÓLEO DIESEL S-1800;0
2014;SET;REGIÃO NORDESTE;MARANHÃO;ÓLEO DIESEL S-1800;0
2014;OUT;REGIÃO NORDESTE;MARANHÃO;ÓLEO DIESEL S-1800;0
2014;NOV;REGIÃO NORDESTE;MARANHÃO;ÓLEO DIESEL S-1800;0
2014;DEZ;REGIÃO NORDESTE;MARANHÃO;ÓLEO DIESEL S-1800;0
2014;JAN;REGIÃO NORDESTE;PIAUÍ;ÓLEO DIESEL S-1800;0
2014;FEV;REGIÃO NORDESTE;PIAUÍ;ÓLEO DIESEL S-1800;0
2014;MAR;REGIÃO NORDESTE;PIAUÍ;ÓLEO DIESEL S-1800;0
2014;ABR;REGIÃO NORDESTE;PIAUÍ;ÓLEO DIESEL S-1800;0
2014;MAI;REGIÃO NORDESTE;PIAUÍ;ÓLEO DIESEL S-1800;0
2014;JUN;REGIÃO NORDESTE;PIAUÍ;ÓLEO DIESEL S-1800;0
2014;JUL;REGIÃO NORDESTE;PIAUÍ;ÓLEO DIESEL S-1800;0
2014;AGO;REGIÃO NORDESTE;PIAUÍ;ÓLEO DIESEL S-1800;0
2014;SET;REGIÃO NORDESTE;PIAUÍ;ÓLEO DIESEL S-1800;0
2014;OUT;REGIÃO NORDESTE;PIAUÍ;ÓLEO DIESEL S-1800;0
2014;NOV;REGIÃO NORDESTE;PIAUÍ;ÓLEO DIESEL S-1800;0
2014;DEZ;REGIÃO NORDESTE;PIAUÍ;ÓLEO DIESEL S-1800;0
2014;JAN;REGIÃO NORDESTE;CEARÁ;ÓLEO DIESEL S-1800;0
2014;FEV;REGIÃO NORDESTE;CEARÁ;ÓLEO DIESEL S-1800;0
2014;MAR;REGIÃO NORDESTE;CEARÁ;ÓLEO DIESEL S-1800;0
2014;ABR;REGIÃO NORDESTE;CEARÁ;ÓLEO DIESEL S-1800;0
2014;MAI;REGIÃO NORDESTE;CEARÁ;ÓLEO DIESEL S-1800;0
2014;JUN;REGIÃO NORDESTE;CEARÁ;ÓLEO DIESEL S-1800;0
2014;JUL;REGIÃO NORDESTE;CEARÁ;ÓLEO DIESEL S-1800;0
2014;AGO;REGIÃO NORDESTE;CEARÁ;ÓLEO DIESEL S-1800;0
2014;SET;REGIÃO NORDESTE;CEARÁ;ÓLEO DIESEL S-1800;0
2014;OUT;REGIÃO NORDESTE;CEARÁ;ÓLEO DIESEL S-1800;0
2014;NOV;REGIÃO NORDESTE;CEARÁ;ÓLEO DIESEL S-1800;0
2014;DEZ;REGIÃO NORDESTE;CEARÁ;ÓLEO DIESEL S-1800;0
2014;JAN;REGIÃO NORDESTE;RIO GRANDE DO NORTE;ÓLEO DIESEL S-1800;0
2014;FEV;REGIÃO NORDESTE;RIO GRANDE DO NORTE;ÓLEO DIESEL S-1800;0
2014;MAR;REGIÃO NORDESTE;RIO GRANDE DO NORTE;ÓLEO DIESEL S-1800;0
2014;ABR;REGIÃO NORDESTE;RIO GRANDE DO NORTE;ÓLEO DIESEL S-1800;0
2014;MAI;REGIÃO NORDESTE;RIO GRANDE DO NORTE;ÓLEO DIESEL S-1800;0
2014;JUN;REGIÃO NORDESTE;RIO GRANDE DO NORTE;ÓLEO DIESEL S-1800;0
2014;JUL;REGIÃO NORDESTE;RIO GRANDE DO NORTE;ÓLEO DIESEL S-1800;0
2014;AGO;REGIÃO NORDESTE;RIO GRANDE DO NORTE;ÓLEO DIESEL S-1800;0
2014;SET;REGIÃO NORDESTE;RIO GRANDE DO NORTE;ÓLEO DIESEL S-1800;0
2014;OUT;REGIÃO NORDESTE;RIO GRANDE DO NORTE;ÓLEO DIESEL S-1800;0
2014;NOV;REGIÃO NORDESTE;RIO GRANDE DO NORTE;ÓLEO DIESEL S-1800;0
2014;DEZ;REGIÃO NORDESTE;RIO GRANDE DO NORTE;ÓLEO DIESEL S-1800;0
2014;JAN;REGIÃO NORDESTE;PARAÍBA;ÓLEO DIESEL S-1800;0
2014;FEV;REGIÃO NORDESTE;PARAÍBA;ÓLEO DIESEL S-1800;0
2014;MAR;REGIÃO NORDESTE;PARAÍBA;ÓLEO DIESEL S-1800;0
2014;ABR;REGIÃO NORDESTE;PARAÍBA;ÓLEO DIESEL S-1800;0
2014;MAI;REGIÃO NORDESTE;PARAÍBA;ÓLEO DIESEL S-1800;0
2014;JUN;REGIÃO NORDESTE;PARAÍBA;ÓLEO DIESEL S-1800;0
2014;JUL;REGIÃO NORDESTE;PARAÍBA;ÓLEO DIESEL S-1800;0
2014;AGO;REGIÃO NORDESTE;PARAÍBA;ÓLEO DIESEL S-1800;0
2014;SET;REGIÃO NORDESTE;PARAÍBA;ÓLEO DIESEL S-1800;0
2014;OUT;REGIÃO NORDESTE;PARAÍBA;ÓLEO DIESEL S-1800;0
2014;NOV;REGIÃO NORDESTE;PARAÍBA;ÓLEO DIESEL S-1800;0
2014;DEZ;REGIÃO NORDESTE;PARAÍBA;ÓLEO DIESEL S-1800;0
2014;JAN;REGIÃO NORDESTE;PERNAMBUCO;ÓLEO DIESEL S-1800;0
2014;FEV;REGIÃO NORDESTE;PERNAMBUCO;ÓLEO DIESEL S-1800;0
2014;MAR;REGIÃO NORDESTE;PERNAMBUCO;ÓLEO DIESEL S-1800;0
2014;ABR;REGIÃO NORDESTE;PERNAMBUCO;ÓLEO DIESEL S-1800;0
2014;MAI;REGIÃO NORDESTE;PERNAMBUCO;ÓLEO DIESEL S-1800;0
2014;JUN;REGIÃO NORDESTE;PERNAMBUCO;ÓLEO DIESEL S-1800;0
2014;JUL;REGIÃO NORDESTE;PERNAMBUCO;ÓLEO DIESEL S-1800;0
2014;AGO;REGIÃO NORDESTE;PERNAMBUCO;ÓLEO DIESEL S-1800;0
2014;SET;REGIÃO NORDESTE;PERNAMBUCO;ÓLEO DIESEL S-1800;0
2014;OUT;REGIÃO NORDESTE;PERNAMBUCO;ÓLEO DIESEL S-1800;0
2014;NOV;REGIÃO NORDESTE;PERNAMBUCO;ÓLEO DIESEL S-1800;0
2014;DEZ;REGIÃO NORDESTE;PERNAMBUCO;ÓLEO DIESEL S-1800;0
2014;JAN;REGIÃO NORDESTE;ALAGOAS;ÓLEO DIESEL S-1800;0
2014;FEV;REGIÃO NORDESTE;ALAGOAS;ÓLEO DIESEL S-1800;0
2014;MAR;REGIÃO NORDESTE;ALAGOAS;ÓLEO DIESEL S-1800;0
2014;ABR;REGIÃO NORDESTE;ALAGOAS;ÓLEO DIESEL S-1800;0
2014;MAI;REGIÃO NORDESTE;ALAGOAS;ÓLEO DIESEL S-1800;0
2014;JUN;REGIÃO NORDESTE;ALAGOAS;ÓLEO DIESEL S-1800;0
2014;JUL;REGIÃO NORDESTE;ALAGOAS;ÓLEO DIESEL S-1800;0
2014;AGO;REGIÃO NORDESTE;ALAGOAS;ÓLEO DIESEL S-1800;0
2014;SET;REGIÃO NORDESTE;ALAGOAS;ÓLEO DIESEL S-1800;0
2014;OUT;REGIÃO NORDESTE;ALAGOAS;ÓLEO DIESEL S-1800;0
2014;NOV;REGIÃO NORDESTE;ALAGOAS;ÓLEO DIESEL S-1800;0
2014;DEZ;REGIÃO NORDESTE;ALAGOAS;ÓLEO DIESEL S-1800;0
2014;JAN;REGIÃO NORDESTE;SERGIPE;ÓLEO DIESEL S-1800;0
2014;FEV;REGIÃO NORDESTE;SERGIPE;ÓLEO DIESEL S-1800;0
2014;MAR;REGIÃO NORDESTE;SERGIPE;ÓLEO DIESEL S-1800;0
2014;ABR;REGIÃO NORDESTE;SERGIPE;ÓLEO DIESEL S-1800;0
2014;MAI;REGIÃO NORDESTE;SERGIPE;ÓLEO DIESEL S-1800;0
2014;JUN;REGIÃO NORDESTE;SERGIPE;ÓLEO DIESEL S-1800;0
2014;JUL;REGIÃO NORDESTE;SERGIPE;ÓLEO DIESEL S-1800;0
2014;AGO;REGIÃO NORDESTE;SERGIPE;ÓLEO DIESEL S-1800;0
2014;SET;REGIÃO NORDESTE;SERGIPE;ÓLEO DIESEL S-1800;0
2014;OUT;REGIÃO NORDESTE;SERGIPE;ÓLEO DIESEL S-1800;0
2014;NOV;REGIÃO NORDESTE;SERGIPE;ÓLEO DIESEL S-1800;0
2014;DEZ;REGIÃO NORDESTE;SERGIPE;ÓLEO DIESEL S-1800;0
2014;JAN;REGIÃO NORDESTE;BAHIA;ÓLEO DIESEL S-1800;15
2014;FEV;REGIÃO NORDESTE;BAHIA;ÓLEO DIESEL S-1800;0
2014;MAR;REGIÃO NORDESTE;BAHIA;ÓLEO DIESEL S-1800;0
2014;ABR;REGIÃO NORDESTE;BAHIA;ÓLEO DIESEL S-1800;0
2014;MAI;REGIÃO NORDESTE;BAHIA;ÓLEO DIESEL S-1800;0
2014;JUN;REGIÃO NORDESTE;BAHIA;ÓLEO DIESEL S-1800;0
2014;JUL;REGIÃO NORDESTE;BAHIA;ÓLEO DIESEL S-1800;0
2014;AGO;REGIÃO NORDESTE;BAHIA;ÓLEO DIESEL S-1800;0
2014;SET;REGIÃO NORDESTE;BAHIA;ÓLEO DIESEL S-1800;0
2014;OUT;REGIÃO NORDESTE;BAHIA;ÓLEO DIESEL S-1800;0
2014;NOV;REGIÃO NORDESTE;BAHIA;ÓLEO DIESEL S-1800;0
2014;DEZ;REGIÃO NORDESTE;BAHIA;ÓLEO DIESEL S-1800;0
2014;JAN;REGIÃO SUDESTE;MINAS GERAIS;ÓLEO DIESEL S-1800;4551,648
2014;FEV;REGIÃO SUDESTE;MINAS GERAIS;ÓLEO DIESEL S-1800;2463,95
2014;MAR;REGIÃO SUDESTE;MINAS GERAIS;ÓLEO DIESEL S-1800;2658,18
2014;ABR;REGIÃO SUDESTE;MINAS GERAIS;ÓLEO DIESEL S-1800;3026,95
2014;MAI;REGIÃO SUDESTE;MINAS GERAIS;ÓLEO DIESEL S-1800;3231,768
2014;JUN;REGIÃO SUDESTE;MINAS GERAIS;ÓLEO DIESEL S-1800;2582,83
2014;JUL;REGIÃO SUDESTE;MINAS GERAIS;ÓLEO DIESEL S-1800;2197,62
2014;AGO;REGIÃO SUDESTE;MINAS GERAIS;ÓLEO DIESEL S-1800;2079,25
2014;SET;REGIÃO SUDESTE;MINAS GERAIS;ÓLEO DIESEL S-1800;2413,317
2014;OUT;REGIÃO SUDESTE;MINAS GERAIS;ÓLEO DIESEL S-1800;2338,58
2014;NOV;REGIÃO SUDESTE;MINAS GERAIS;ÓLEO DIESEL S-1800;952
2014;DEZ;REGIÃO SUDESTE;MINAS GERAIS;ÓLEO DIESEL S-1800;974
2014;JAN;REGIÃO SUDESTE;ESPÍRITO SANTO;ÓLEO DIESEL S-1800;10
2014;FEV;REGIÃO SUDESTE;ESPÍRITO SANTO;ÓLEO DIESEL S-1800;0
2014;MAR;REGIÃO SUDESTE;ESPÍRITO SANTO;ÓLEO DIESEL S-1800;0
2014;ABR;REGIÃO SUDESTE;ESPÍRITO SANTO;ÓLEO DIESEL S-1800;0
2014;MAI;REGIÃO SUDESTE;ESPÍRITO SANTO;ÓLEO DIESEL S-1800;0
2014;JUN;REGIÃO SUDESTE;ESPÍRITO SANTO;ÓLEO DIESEL S-1800;0
2014;JUL;REGIÃO SUDESTE;ESPÍRITO SANTO;ÓLEO DIESEL S-1800;0
2014;AGO;REGIÃO SUDESTE;ESPÍRITO SANTO;ÓLEO DIESEL S-1800;0
2014;SET;REGIÃO SUDESTE;ESPÍRITO SANTO;ÓLEO DIESEL S-1800;0
2014;OUT;REGIÃO SUDESTE;ESPÍRITO SANTO;ÓLEO DIESEL S-1800;0
2014;NOV;REGIÃO SUDESTE;ESPÍRITO SANTO;ÓLEO DIESEL S-1800;0
2014;DEZ;REGIÃO SUDESTE;ESPÍRITO SANTO;ÓLEO DIESEL S-1800;0
2014;JAN;REGIÃO SUDESTE;RIO DE JANEIRO;ÓLEO DIESEL S-1800;931,017
2014;FEV;REGIÃO SUDESTE;RIO DE JANEIRO;ÓLEO DIESEL S-1800;0
2014;MAR;REGIÃO SUDESTE;RIO DE JANEIRO;ÓLEO DIESEL S-1800;0
2014;ABR;REGIÃO SUDESTE;RIO DE JANEIRO;ÓLEO DIESEL S-1800;0
2014;MAI;REGIÃO SUDESTE;RIO DE JANEIRO;ÓLEO DIESEL S-1800;0
2014;JUN;REGIÃO SUDESTE;RIO DE JANEIRO;ÓLEO DIESEL S-1800;0
2014;JUL;REGIÃO SUDESTE;RIO DE JANEIRO;ÓLEO DIESEL S-1800;0
2014;AGO;REGIÃO SUDESTE;RIO DE JANEIRO;ÓLEO DIESEL S-1800;0
2014;SET;REGIÃO SUDESTE;RIO DE JANEIRO;ÓLEO DIESEL S-1800;0
2014;OUT;REGIÃO SUDESTE;RIO DE JANEIRO;ÓLEO DIESEL S-1800;0
2014;NOV;REGIÃO SUDESTE;RIO DE JANEIRO;ÓLEO DIESEL S-1800;0
2014;DEZ;REGIÃO SUDESTE;RIO DE JANEIRO;ÓLEO DIESEL S-1800;0
2014;JAN;REGIÃO SUDESTE;SÃO PAULO;ÓLEO DIESEL S-1800;11191,91
2014;FEV;REGIÃO SUDESTE;SÃO PAULO;ÓLEO DIESEL S-1800;16015,427
2014;MAR;REGIÃO SUDESTE;SÃO PAULO;ÓLEO DIESEL S-1800;19427,317
2014;ABR;REGIÃO SUDESTE;SÃO PAULO;ÓLEO DIESEL S-1800;18122,382
2014;MAI;REGIÃO SUDESTE;SÃO PAULO;ÓLEO DIESEL S-1800;18727,451
2014;JUN;REGIÃO SUDESTE;SÃO PAULO;ÓLEO DIESEL S-1800;16827,955
2014;JUL;REGIÃO SUDESTE;SÃO PAULO;ÓLEO DIESEL S-1800;19709,251
2014;AGO;REGIÃO SUDESTE;SÃO PAULO;ÓLEO DIESEL S-1800;19600,108
2014;SET;REGIÃO SUDESTE;SÃO PAULO;ÓLEO DIESEL S-1800;19541,416
2014;OUT;REGIÃO SUDESTE;SÃO PAULO;ÓLEO DIESEL S-1800;20626,582
2014;NOV;REGIÃO SUDESTE;SÃO PAULO;ÓLEO DIESEL S-1800;19185,418
2014;DEZ;REGIÃO SUDESTE;SÃO PAULO;ÓLEO DIESEL S-1800;18435,04
2014;JAN;REGIÃO SUL;PARANÁ;ÓLEO DIESEL S-1800;50
2014;FEV;REGIÃO SUL;PARANÁ;ÓLEO DIESEL S-1800;0
2014;MAR;REGIÃO SUL;PARANÁ;ÓLEO DIESEL S-1800;15
2014;ABR;REGIÃO SUL;PARANÁ;ÓLEO DIESEL S-1800;50
2014;MAI;REGIÃO SUL;PARANÁ;ÓLEO DIESEL S-1800;0
2014;JUN;REGIÃO SUL;PARANÁ;ÓLEO DIESEL S-1800;90
2014;JUL;REGIÃO SUL;PARANÁ;ÓLEO DIESEL S-1800;45
2014;AGO;REGIÃO SUL;PARANÁ;ÓLEO DIESEL S-1800;10
2014;SET;REGIÃO SUL;PARANÁ;ÓLEO DIESEL S-1800;0
2014;OUT;REGIÃO SUL;PARANÁ;ÓLEO DIESEL S-1800;0
2014;NOV;REGIÃO SUL;PARANÁ;ÓLEO DIESEL S-1800;0
2014;DEZ;REGIÃO SUL;PARANÁ;ÓLEO DIESEL S-1800;0
2014;JAN;REGIÃO SUL;SANTA CATARINA;ÓLEO DIESEL S-1800;216,572
2014;FEV;REGIÃO SUL;SANTA CATARINA;ÓLEO DIESEL S-1800;0
2014;MAR;REGIÃO SUL;SANTA CATARINA;ÓLEO DIESEL S-1800;0
2014;ABR;REGIÃO SUL;SANTA CATARINA;ÓLEO DIESEL S-1800;0
2014;MAI;REGIÃO SUL;SANTA CATARINA;ÓLEO DIESEL S-1800;0
2014;JUN;REGIÃO SUL;SANTA CATARINA;ÓLEO DIESEL S-1800;0
2014;JUL;REGIÃO SUL;SANTA CATARINA;ÓLEO DIESEL S-1800;0
2014;AGO;REGIÃO SUL;SANTA CATARINA;ÓLEO DIESEL S-1800;0
2014;SET;REGIÃO SUL;SANTA CATARINA;ÓLEO DIESEL S-1800;0
2014;OUT;REGIÃO SUL;SANTA CATARINA;ÓLEO DIESEL S-1800;0
2014;NOV;REGIÃO SUL;SANTA CATARINA;ÓLEO DIESEL S-1800;0
2014;DEZ;REGIÃO SUL;SANTA CATARINA;ÓLEO DIESEL S-1800;0
2014;JAN;REGIÃO SUL;RIO GRANDE DO SUL;ÓLEO DIESEL S-1800;513,766
2014;FEV;REGIÃO SUL;RIO GRANDE DO SUL;ÓLEO DIESEL S-1800;38
2014;MAR;REGIÃO SUL;RIO GRANDE DO SUL;ÓLEO DIESEL S-1800;0
2014;ABR;REGIÃO SUL;RIO GRANDE DO SUL;ÓLEO DIESEL S-1800;0
2014;MAI;REGIÃO SUL;RIO GRANDE DO SUL;ÓLEO DIESEL S-1800;0
2014;JUN;REGIÃO SUL;RIO GRANDE DO SUL;ÓLEO DIESEL S-1800;0
2014;JUL;REGIÃO SUL;RIO GRANDE DO SUL;ÓLEO DIESEL S-1800;0
2014;AGO;REGIÃO SUL;RIO GRANDE DO SUL;ÓLEO DIESEL S-1800;0
2014;SET;REGIÃO SUL;RIO GRANDE DO SUL;ÓLEO DIESEL S-1800;0
2014;OUT;REGIÃO SUL;RIO GRANDE DO SUL;ÓLEO DIESEL S-1800;0
2014;NOV;REGIÃO SUL;RIO GRANDE DO SUL;ÓLEO DIESEL S-1800;0
2014;DEZ;REGIÃO SUL;RIO GRANDE DO SUL;ÓLEO DIESEL S-1800;0
2014;JAN;REGIÃO CENTRO-OESTE;MATO GROSSO DO SUL;ÓLEO DIESEL S-1800;2382,441
2014;FEV;REGIÃO CENTRO-OESTE;MATO GROSSO DO SUL;ÓLEO DIESEL S-1800;449,44
2014;MAR;REGIÃO CENTRO-OESTE;MATO GROSSO DO SUL;ÓLEO DIESEL S-1800;466,16
2014;ABR;REGIÃO CENTRO-OESTE;MATO GROSSO DO SUL;ÓLEO DIESEL S-1800;247,31
2014;MAI;REGIÃO CENTRO-OESTE;MATO GROSSO DO SUL;ÓLEO DIESEL S-1800;127,04
2014;JUN;REGIÃO CENTRO-OESTE;MATO GROSSO DO SUL;ÓLEO DIESEL S-1800;312,88
2014;JUL;REGIÃO CENTRO-OESTE;MATO GROSSO DO SUL;ÓLEO DIESEL S-1800;418,94
2014;AGO;REGIÃO CENTRO-OESTE;MATO GROSSO DO SUL;ÓLEO DIESEL S-1800;682,6
2014;SET;REGIÃO CENTRO-OESTE;MATO GROSSO DO SUL;ÓLEO DIESEL S-1800;0
2014;OUT;REGIÃO CENTRO-OESTE;MATO GROSSO DO SUL;ÓLEO DIESEL S-1800;120,4
2014;NOV;REGIÃO CENTRO-OESTE;MATO GROSSO DO SUL;ÓLEO DIESEL S-1800;371,12
2014;DEZ;REGIÃO CENTRO-OESTE;MATO GROSSO DO SUL;ÓLEO DIESEL S-1800;183,18
2014;JAN;REGIÃO CENTRO-OESTE;MATO GROSSO;ÓLEO DIESEL S-1800;3036,188
2014;FEV;REGIÃO CENTRO-OESTE;MATO GROSSO;ÓLEO DIESEL S-1800;1161,76
2014;MAR;REGIÃO CENTRO-OESTE;MATO GROSSO;ÓLEO DIESEL S-1800;280,73
2014;ABR;REGIÃO CENTRO-OESTE;MATO GROSSO;ÓLEO DIESEL S-1800;1108,02
2014;MAI;REGIÃO CENTRO-OESTE;MATO GROSSO;ÓLEO DIESEL S-1800;758,9
2014;JUN;REGIÃO CENTRO-OESTE;MATO GROSSO;ÓLEO DIESEL S-1800;753,31
2014;JUL;REGIÃO CENTRO-OESTE;MATO GROSSO;ÓLEO DIESEL S-1800;774,87
2014;AGO;REGIÃO CENTRO-OESTE;MATO GROSSO;ÓLEO DIESEL S-1800;1155,24
2014;SET;REGIÃO CENTRO-OESTE;MATO GROSSO;ÓLEO DIESEL S-1800;602,02
2014;OUT;REGIÃO CENTRO-OESTE;MATO GROSSO;ÓLEO DIESEL S-1800;941,78
2014;NOV;REGIÃO CENTRO-OESTE;MATO GROSSO;ÓLEO DIESEL S-1800;671,94
2014;DEZ;REGIÃO CENTRO-OESTE;MATO GROSSO;ÓLEO DIESEL S-1800;1354,68
2014;JAN;REGIÃO CENTRO-OESTE;GOIÁS;ÓLEO DIESEL S-1800;582,03
2014;FEV;REGIÃO CENTRO-OESTE;GOIÁS;ÓLEO DIESEL S-1800;372,18
2014;MAR;REGIÃO CENTRO-OESTE;GOIÁS;ÓLEO DIESEL S-1800;1071,11
2014;ABR;REGIÃO CENTRO-OESTE;GOIÁS;ÓLEO DIESEL S-1800;1418,91
2014;MAI;REGIÃO CENTRO-OESTE;GOIÁS;ÓLEO DIESEL S-1800;1562,54
2014;JUN;REGIÃO CENTRO-OESTE;GOIÁS;ÓLEO DIESEL S-1800;2207,38
2014;JUL;REGIÃO CENTRO-OESTE;GOIÁS;ÓLEO DIESEL S-1800;673,95
2014;AGO;REGIÃO CENTRO-OESTE;GOIÁS;ÓLEO DIESEL S-1800;851,63
2014;SET;REGIÃO CENTRO-OESTE;GOIÁS;ÓLEO DIESEL S-1800;1491,93
2014;OUT;REGIÃO CENTRO-OESTE;GOIÁS;ÓLEO DIESEL S-1800;1228,35
2014;NOV;REGIÃO CENTRO-OESTE;GOIÁS;ÓLEO DIESEL S-1800;304,05
2014;DEZ;REGIÃO CENTRO-OESTE;GOIÁS;ÓLEO DIESEL S-1800;311,05
2014;JAN;REGIÃO CENTRO-OESTE;DISTRITO FEDERAL;ÓLEO DIESEL S-1800;0
2014;FEV;REGIÃO CENTRO-OESTE;DISTRITO FEDERAL;ÓLEO DIESEL S-1800;0
2014;MAR;REGIÃO CENTRO-OESTE;DISTRITO FEDERAL;ÓLEO DIESEL S-1800;4
2014;ABR;REGIÃO CENTRO-OESTE;DISTRITO FEDERAL;ÓLEO DIESEL S-1800;0
2014;MAI;REGIÃO CENTRO-OESTE;DISTRITO FEDERAL;ÓLEO DIESEL S-1800;0
2014;JUN;REGIÃO CENTRO-OESTE;DISTRITO FEDERAL;ÓLEO DIESEL S-1800;0
2014;JUL;REGIÃO CENTRO-OESTE;DISTRITO FEDERAL;ÓLEO DIESEL S-1800;0
2014;AGO;REGIÃO CENTRO-OESTE;DISTRITO FEDERAL;ÓLEO DIESEL S-1800;0
2014;SET;REGIÃO CENTRO-OESTE;DISTRITO FEDERAL;ÓLEO DIESEL S-1800;0
2014;OUT;REGIÃO CENTRO-OESTE;DISTRITO FEDERAL;ÓLEO DIESEL S-1800;0
2014;NOV;REGIÃO CENTRO-OESTE;DISTRITO FEDERAL;ÓLEO DIESEL S-1800;0
2014;DEZ;REGIÃO CENTRO-OESTE;DISTRITO FEDERAL;ÓLEO DIESEL S-1800;0
2014;JAN;REGIÃO NORTE;RONDÔNIA;ÓLEO DIESEL MARÍTIMO;1002,813
2014;FEV;REGIÃO NORTE;RONDÔNIA;ÓLEO DIESEL MARÍTIMO;1259,917
2014;MAR;REGIÃO NORTE;RONDÔNIA;ÓLEO DIESEL MARÍTIMO;729,965
2014;ABR;REGIÃO NORTE;RONDÔNIA;ÓLEO DIESEL MARÍTIMO;747,535
2014;MAI;REGIÃO NORTE;RONDÔNIA;ÓLEO DIESEL MARÍTIMO;842,4
2014;JUN;REGIÃO NORTE;RONDÔNIA;ÓLEO DIESEL MARÍTIMO;947
2014;JUL;REGIÃO NORTE;RONDÔNIA;ÓLEO DIESEL MARÍTIMO;995,392
2014;AGO;REGIÃO NORTE;RONDÔNIA;ÓLEO DIESEL MARÍTIMO;1257,6
2014;SET;REGIÃO NORTE;RONDÔNIA;ÓLEO DIESEL MARÍTIMO;1756
2014;OUT;REGIÃO NORTE;RONDÔNIA;ÓLEO DIESEL MARÍTIMO;1692,39
2014;NOV;REGIÃO NORTE;RONDÔNIA;ÓLEO DIESEL MARÍTIMO;1721,7
2014;DEZ;REGIÃO NORTE;RONDÔNIA;ÓLEO DIESEL MARÍTIMO;1142,06
2014;JAN;REGIÃO NORTE;ACRE;ÓLEO DIESEL MARÍTIMO;78,5
2014;FEV;REGIÃO NORTE;ACRE;ÓLEO DIESEL MARÍTIMO;130
2014;MAR;REGIÃO NORTE;ACRE;ÓLEO DIESEL MARÍTIMO;99
2014;ABR;REGIÃO NORTE;ACRE;ÓLEO DIESEL MARÍTIMO;55
2014;MAI;REGIÃO NORTE;ACRE;ÓLEO DIESEL MARÍTIMO;138
2014;JUN;REGIÃO NORTE;ACRE;ÓLEO DIESEL MARÍTIMO;0
2014;JUL;REGIÃO NORTE;ACRE;ÓLEO DIESEL MARÍTIMO;15
2014;AGO;REGIÃO NORTE;ACRE;ÓLEO DIESEL MARÍTIMO;15
2014;SET;REGIÃO NORTE;ACRE;ÓLEO DIESEL MARÍTIMO;11
2014;OUT;REGIÃO NORTE;ACRE;ÓLEO DIESEL MARÍTIMO;59
2014;NOV;REGIÃO NORTE;ACRE;ÓLEO DIESEL MARÍTIMO;0
2014;DEZ;REGIÃO NORTE;ACRE;ÓLEO DIESEL MARÍTIMO;10
2014;JAN;REGIÃO NORTE;AMAZONAS;ÓLEO DIESEL MARÍTIMO;9182,16
2014;FEV;REGIÃO NORTE;AMAZONAS;ÓLEO DIESEL MARÍTIMO;9462,847
2014;MAR;REGIÃO NORTE;AMAZONAS;ÓLEO DIESEL MARÍTIMO;10470,421
2014;ABR;REGIÃO NORTE;AMAZONAS;ÓLEO DIESEL MARÍTIMO;10144,915
2014;MAI;REGIÃO NORTE;AMAZONAS;ÓLEO DIESEL MARÍTIMO;9725,778
2014;JUN;REGIÃO NORTE;AMAZONAS;ÓLEO DIESEL MARÍTIMO;9828,284
2014;JUL;REGIÃO NORTE;AMAZONAS;ÓLEO DIESEL MARÍTIMO;11191,836
2014;AGO;REGIÃO NORTE;AMAZONAS;ÓLEO DIESEL MARÍTIMO;10745,325
2014;SET;REGIÃO NORTE;AMAZONAS;ÓLEO DIESEL MARÍTIMO;11192,043
2014;OUT;REGIÃO NORTE;AMAZONAS;ÓLEO DIESEL MARÍTIMO;12226,066
2014;NOV;REGIÃO NORTE;AMAZONAS;ÓLEO DIESEL MARÍTIMO;10326,878
2014;DEZ;REGIÃO NORTE;AMAZONAS;ÓLEO DIESEL MARÍTIMO;11417,899
2014;JAN;REGIÃO NORTE;RORAIMA;ÓLEO DIESEL MARÍTIMO;0
2014;FEV;REGIÃO NORTE;RORAIMA;ÓLEO DIESEL MARÍTIMO;0
2014;MAR;REGIÃO NORTE;RORAIMA;ÓLEO DIESEL MARÍTIMO;0
2014;ABR;REGIÃO NORTE;RORAIMA;ÓLEO DIESEL MARÍTIMO;0
2014;MAI;REGIÃO NORTE;RORAIMA;ÓLEO DIESEL MARÍTIMO;0
2014;JUN;REGIÃO NORTE;RORAIMA;ÓLEO DIESEL MARÍTIMO;0
2014;JUL;REGIÃO NORTE;RORAIMA;ÓLEO DIESEL MARÍTIMO;0
2014;AGO;REGIÃO NORTE;RORAIMA;ÓLEO DIESEL MARÍTIMO;0
2014;SET;REGIÃO NORTE;RORAIMA;ÓLEO DIESEL MARÍTIMO;0
2014;OUT;REGIÃO NORTE;RORAIMA;ÓLEO DIESEL MARÍTIMO;0
2014;NOV;REGIÃO NORTE;RORAIMA;ÓLEO DIESEL MARÍTIMO;0
2014;DEZ;REGIÃO NORTE;RORAIMA;ÓLEO DIESEL MARÍTIMO;3
2014;JAN;REGIÃO NORTE;PARÁ;ÓLEO DIESEL MARÍTIMO;6713,9
2014;FEV;REGIÃO NORTE;PARÁ;ÓLEO DIESEL MARÍTIMO;8103,8
2014;MAR;REGIÃO NORTE;PARÁ;ÓLEO DIESEL MARÍTIMO;6770
2014;ABR;REGIÃO NORTE;PARÁ;ÓLEO DIESEL MARÍTIMO;6791,993
2014;MAI;REGIÃO NORTE;PARÁ;ÓLEO DIESEL MARÍTIMO;7717
2014;JUN;REGIÃO NORTE;PARÁ;ÓLEO DIESEL MARÍTIMO;6752
2014;JUL;REGIÃO NORTE;PARÁ;ÓLEO DIESEL MARÍTIMO;8182
2014;AGO;REGIÃO NORTE;PARÁ;ÓLEO DIESEL MARÍTIMO;7013
2014;SET;REGIÃO NORTE;PARÁ;ÓLEO DIESEL MARÍTIMO;6617,352
2014;OUT;REGIÃO NORTE;PARÁ;ÓLEO DIESEL MARÍTIMO;7096,7
2014;NOV;REGIÃO NORTE;PARÁ;ÓLEO DIESEL MARÍTIMO;7604,93
2014;DEZ;REGIÃO NORTE;PARÁ;ÓLEO DIESEL MARÍTIMO;7341,87
2014;JAN;REGIÃO NORTE;AMAPÁ;ÓLEO DIESEL MARÍTIMO;8
2014;FEV;REGIÃO NORTE;AMAPÁ;ÓLEO DIESEL MARÍTIMO;0
2014;MAR;REGIÃO NORTE;AMAPÁ;ÓLEO DIESEL MARÍTIMO;240
2014;ABR;REGIÃO NORTE;AMAPÁ;ÓLEO DIESEL MARÍTIMO;90
2014;MAI;REGIÃO NORTE;AMAPÁ;ÓLEO DIESEL MARÍTIMO;80
2014;JUN;REGIÃO NORTE;AMAPÁ;ÓLEO DIESEL MARÍTIMO;230
2014;JUL;REGIÃO NORTE;AMAPÁ;ÓLEO DIESEL MARÍTIMO;267
2014;AGO;REGIÃO NORTE;AMAPÁ;ÓLEO DIESEL MARÍTIMO;150
2014;SET;REGIÃO NORTE;AMAPÁ;ÓLEO DIESEL MARÍTIMO;155
2014;OUT;REGIÃO NORTE;AMAPÁ;ÓLEO DIESEL MARÍTIMO;153
2014;NOV;REGIÃO NORTE;AMAPÁ;ÓLEO DIESEL MARÍTIMO;176
2014;DEZ;REGIÃO NORTE;AMAPÁ;ÓLEO DIESEL MARÍTIMO;205
2014;JAN;REGIÃO NORTE;TOCANTINS;ÓLEO DIESEL MARÍTIMO;0
2014;FEV;REGIÃO NORTE;TOCANTINS;ÓLEO DIESEL MARÍTIMO;0
2014;MAR;REGIÃO NORTE;TOCANTINS;ÓLEO DIESEL MARÍTIMO;0
2014;ABR;REGIÃO NORTE;TOCANTINS;ÓLEO DIESEL MARÍTIMO;0
2014;MAI;REGIÃO NORTE;TOCANTINS;ÓLEO DIESEL MARÍTIMO;0
2014;JUN;REGIÃO NORTE;TOCANTINS;ÓLEO DIESEL MARÍTIMO;0
2014;JUL;REGIÃO NORTE;TOCANTINS;ÓLEO DIESEL MARÍTIMO;0
2014;AGO;REGIÃO NORTE;TOCANTINS;ÓLEO DIESEL MARÍTIMO;0
2014;SET;REGIÃO NORTE;TOCANTINS;ÓLEO DIESEL MARÍTIMO;0
2014;OUT;REGIÃO NORTE;TOCANTINS;ÓLEO DIESEL MARÍTIMO;0
2014;NOV;REGIÃO NORTE;TOCANTINS;ÓLEO DIESEL MARÍTIMO;0
2014;DEZ;REGIÃO NORTE;TOCANTINS;ÓLEO DIESEL MARÍTIMO;0
2014;JAN;REGIÃO NORDESTE;MARANHÃO;ÓLEO DIESEL MARÍTIMO;858
2014;FEV;REGIÃO NORDESTE;MARANHÃO;ÓLEO DIESEL MARÍTIMO;755
2014;MAR;REGIÃO NORDESTE;MARANHÃO;ÓLEO DIESEL MARÍTIMO;667
2014;ABR;REGIÃO NORDESTE;MARANHÃO;ÓLEO DIESEL MARÍTIMO;720
2014;MAI;REGIÃO NORDESTE;MARANHÃO;ÓLEO DIESEL MARÍTIMO;645
2014;JUN;REGIÃO NORDESTE;MARANHÃO;ÓLEO DIESEL MARÍTIMO;550
2014;JUL;REGIÃO NORDESTE;MARANHÃO;ÓLEO DIESEL MARÍTIMO;655
2014;AGO;REGIÃO NORDESTE;MARANHÃO;ÓLEO DIESEL MARÍTIMO;747
2014;SET;REGIÃO NORDESTE;MARANHÃO;ÓLEO DIESEL MARÍTIMO;496
2014;OUT;REGIÃO NORDESTE;MARANHÃO;ÓLEO DIESEL MARÍTIMO;830,869
2014;NOV;REGIÃO NORDESTE;MARANHÃO;ÓLEO DIESEL MARÍTIMO;119
2014;DEZ;REGIÃO NORDESTE;MARANHÃO;ÓLEO DIESEL MARÍTIMO;626
2014;JAN;REGIÃO NORDESTE;PIAUÍ;ÓLEO DIESEL MARÍTIMO;0
2014;FEV;REGIÃO NORDESTE;PIAUÍ;ÓLEO DIESEL MARÍTIMO;105
2014;MAR;REGIÃO NORDESTE;PIAUÍ;ÓLEO DIESEL MARÍTIMO;195
2014;ABR;REGIÃO NORDESTE;PIAUÍ;ÓLEO DIESEL MARÍTIMO;105
2014;MAI;REGIÃO NORDESTE;PIAUÍ;ÓLEO DIESEL MARÍTIMO;300
2014;JUN;REGIÃO NORDESTE;PIAUÍ;ÓLEO DIESEL MARÍTIMO;180
2014;JUL;REGIÃO NORDESTE;PIAUÍ;ÓLEO DIESEL MARÍTIMO;135
2014;AGO;REGIÃO NORDESTE;PIAUÍ;ÓLEO DIESEL MARÍTIMO;195
2014;SET;REGIÃO NORDESTE;PIAUÍ;ÓLEO DIESEL MARÍTIMO;120
2014;OUT;REGIÃO NORDESTE;PIAUÍ;ÓLEO DIESEL MARÍTIMO;255
2014;NOV;REGIÃO NORDESTE;PIAUÍ;ÓLEO DIESEL MARÍTIMO;105
2014;DEZ;REGIÃO NORDESTE;PIAUÍ;ÓLEO DIESEL MARÍTIMO;255
2014;JAN;REGIÃO NORDESTE;CEARÁ;ÓLEO DIESEL MARÍTIMO;375
2014;FEV;REGIÃO NORDESTE;CEARÁ;ÓLEO DIESEL MARÍTIMO;465
2014;MAR;REGIÃO NORDESTE;CEARÁ;ÓLEO DIESEL MARÍTIMO;485
2014;ABR;REGIÃO NORDESTE;CEARÁ;ÓLEO DIESEL MARÍTIMO;495
2014;MAI;REGIÃO NORDESTE;CEARÁ;ÓLEO DIESEL MARÍTIMO;655
2014;JUN;REGIÃO NORDESTE;CEARÁ;ÓLEO DIESEL MARÍTIMO;780
2014;JUL;REGIÃO NORDESTE;CEARÁ;ÓLEO DIESEL MARÍTIMO;730
2014;AGO;REGIÃO NORDESTE;CEARÁ;ÓLEO DIESEL MARÍTIMO;810
2014;SET;REGIÃO NORDESTE;CEARÁ;ÓLEO DIESEL MARÍTIMO;895
2014;OUT;REGIÃO NORDESTE;CEARÁ;ÓLEO DIESEL MARÍTIMO;720
2014;NOV;REGIÃO NORDESTE;CEARÁ;ÓLEO DIESEL MARÍTIMO;870
2014;DEZ;REGIÃO NORDESTE;CEARÁ;ÓLEO DIESEL MARÍTIMO;905
2014;JAN;REGIÃO NORDESTE;RIO GRANDE DO NORTE;ÓLEO DIESEL MARÍTIMO;753
2014;FEV;REGIÃO NORDESTE;RIO GRANDE DO NORTE;ÓLEO DIESEL MARÍTIMO;821,5
2014;MAR;REGIÃO NORDESTE;RIO GRANDE DO NORTE;ÓLEO DIESEL MARÍTIMO;560
2014;ABR;REGIÃO NORDESTE;RIO GRANDE DO NORTE;ÓLEO DIESEL MARÍTIMO;964
2014;MAI;REGIÃO NORDESTE;RIO GRANDE DO NORTE;ÓLEO DIESEL MARÍTIMO;580
2014;JUN;REGIÃO NORDESTE;RIO GRANDE DO NORTE;ÓLEO DIESEL MARÍTIMO;858
2014;JUL;REGIÃO NORDESTE;RIO GRANDE DO NORTE;ÓLEO DIESEL MARÍTIMO;648
2014;AGO;REGIÃO NORDESTE;RIO GRANDE DO NORTE;ÓLEO DIESEL MARÍTIMO;530
2014;SET;REGIÃO NORDESTE;RIO GRANDE DO NORTE;ÓLEO DIESEL MARÍTIMO;913
2014;OUT;REGIÃO NORDESTE;RIO GRANDE DO NORTE;ÓLEO DIESEL MARÍTIMO;620
2014;NOV;REGIÃO NORDESTE;RIO GRANDE DO NORTE;ÓLEO DIESEL MARÍTIMO;595
2014;DEZ;REGIÃO NORDESTE;RIO GRANDE DO NORTE;ÓLEO DIESEL MARÍTIMO;610
2014;JAN;REGIÃO NORDESTE;PARAÍBA;ÓLEO DIESEL MARÍTIMO;30
2014;FEV;REGIÃO NORDESTE;PARAÍBA;ÓLEO DIESEL MARÍTIMO;0
2014;MAR;REGIÃO NORDESTE;PARAÍBA;ÓLEO DIESEL MARÍTIMO;5
2014;ABR;REGIÃO NORDESTE;PARAÍBA;ÓLEO DIESEL MARÍTIMO;0
2014;MAI;REGIÃO NORDESTE;PARAÍBA;ÓLEO DIESEL MARÍTIMO;0
2014;JUN;REGIÃO NORDESTE;PARAÍBA;ÓLEO DIESEL MARÍTIMO;30
2014;JUL;REGIÃO NORDESTE;PARAÍBA;ÓLEO DIESEL MARÍTIMO;78
2014;AGO;REGIÃO NORDESTE;PARAÍBA;ÓLEO DIESEL MARÍTIMO;0
2014;SET;REGIÃO NORDESTE;PARAÍBA;ÓLEO DIESEL MARÍTIMO;0
2014;OUT;REGIÃO NORDESTE;PARAÍBA;ÓLEO DIESEL MARÍTIMO;30
2014;NOV;REGIÃO NORDESTE;PARAÍBA;ÓLEO DIESEL MARÍTIMO;0
2014;DEZ;REGIÃO NORDESTE;PARAÍBA;ÓLEO DIESEL MARÍTIMO;78
2014;JAN;REGIÃO NORDESTE;PERNAMBUCO;ÓLEO DIESEL MARÍTIMO;362
2014;FEV;REGIÃO NORDESTE;PERNAMBUCO;ÓLEO DIESEL MARÍTIMO;725
2014;MAR;REGIÃO NORDESTE;PERNAMBUCO;ÓLEO DIESEL MARÍTIMO;316
2014;ABR;REGIÃO NORDESTE;PERNAMBUCO;ÓLEO DIESEL MARÍTIMO;225
2014;MAI;REGIÃO NORDESTE;PERNAMBUCO;ÓLEO DIESEL MARÍTIMO;390
2014;JUN;REGIÃO NORDESTE;PERNAMBUCO;ÓLEO DIESEL MARÍTIMO;627
2014;JUL;REGIÃO NORDESTE;PERNAMBUCO;ÓLEO DIESEL MARÍTIMO;346
2014;AGO;REGIÃO NORDESTE;PERNAMBUCO;ÓLEO DIESEL MARÍTIMO;492
2014;SET;REGIÃO NORDESTE;PERNAMBUCO;ÓLEO DIESEL MARÍTIMO;366
2014;OUT;REGIÃO NORDESTE;PERNAMBUCO;ÓLEO DIESEL MARÍTIMO;352,56
2014;NOV;REGIÃO NORDESTE;PERNAMBUCO;ÓLEO DIESEL MARÍTIMO;559
2014;DEZ;REGIÃO NORDESTE;PERNAMBUCO;ÓLEO DIESEL MARÍTIMO;432
2014;JAN;REGIÃO NORDESTE;ALAGOAS;ÓLEO DIESEL MARÍTIMO;25
2014;FEV;REGIÃO NORDESTE;ALAGOAS;ÓLEO DIESEL MARÍTIMO;0
2014;MAR;REGIÃO NORDESTE;ALAGOAS;ÓLEO DIESEL MARÍTIMO;50
2014;ABR;REGIÃO NORDESTE;ALAGOAS;ÓLEO DIESEL MARÍTIMO;0
2014;MAI;REGIÃO NORDESTE;ALAGOAS;ÓLEO DIESEL MARÍTIMO;35
2014;JUN;REGIÃO NORDESTE;ALAGOAS;ÓLEO DIESEL MARÍTIMO;509
2014;JUL;REGIÃO NORDESTE;ALAGOAS;ÓLEO DIESEL MARÍTIMO;108
2014;AGO;REGIÃO NORDESTE;ALAGOAS;ÓLEO DIESEL MARÍTIMO;376
2014;SET;REGIÃO NORDESTE;ALAGOAS;ÓLEO DIESEL MARÍTIMO;343
2014;OUT;REGIÃO NORDESTE;ALAGOAS;ÓLEO DIESEL MARÍTIMO;98
2014;NOV;REGIÃO NORDESTE;ALAGOAS;ÓLEO DIESEL MARÍTIMO;93
2014;DEZ;REGIÃO NORDESTE;ALAGOAS;ÓLEO DIESEL MARÍTIMO;185
2014;JAN;REGIÃO NORDESTE;SERGIPE;ÓLEO DIESEL MARÍTIMO;159
2014;FEV;REGIÃO NORDESTE;SERGIPE;ÓLEO DIESEL MARÍTIMO;267
2014;MAR;REGIÃO NORDESTE;SERGIPE;ÓLEO DIESEL MARÍTIMO;235
2014;ABR;REGIÃO NORDESTE;SERGIPE;ÓLEO DIESEL MARÍTIMO;125
2014;MAI;REGIÃO NORDESTE;SERGIPE;ÓLEO DIESEL MARÍTIMO;170
2014;JUN;REGIÃO NORDESTE;SERGIPE;ÓLEO DIESEL MARÍTIMO;165
2014;JUL;REGIÃO NORDESTE;SERGIPE;ÓLEO DIESEL MARÍTIMO;180
2014;AGO;REGIÃO NORDESTE;SERGIPE;ÓLEO DIESEL MARÍTIMO;170
2014;SET;REGIÃO NORDESTE;SERGIPE;ÓLEO DIESEL MARÍTIMO;245
2014;OUT;REGIÃO NORDESTE;SERGIPE;ÓLEO DIESEL MARÍTIMO;180
2014;NOV;REGIÃO NORDESTE;SERGIPE;ÓLEO DIESEL MARÍTIMO;205
2014;DEZ;REGIÃO NORDESTE;SERGIPE;ÓLEO DIESEL MARÍTIMO;180
2014;JAN;REGIÃO NORDESTE;BAHIA;ÓLEO DIESEL MARÍTIMO;1403
2014;FEV;REGIÃO NORDESTE;BAHIA;ÓLEO DIESEL MARÍTIMO;1426
2014;MAR;REGIÃO NORDESTE;BAHIA;ÓLEO DIESEL MARÍTIMO;1471
2014;ABR;REGIÃO NORDESTE;BAHIA;ÓLEO DIESEL MARÍTIMO;1255
2014;MAI;REGIÃO NORDESTE;BAHIA;ÓLEO DIESEL MARÍTIMO;1734
2014;JUN;REGIÃO NORDESTE;BAHIA;ÓLEO DIESEL MARÍTIMO;1648,97
2014;JUL;REGIÃO NORDESTE;BAHIA;ÓLEO DIESEL MARÍTIMO;1651,098
2014;AGO;REGIÃO NORDESTE;BAHIA;ÓLEO DIESEL MARÍTIMO;1368
2014;SET;REGIÃO NORDESTE;BAHIA;ÓLEO DIESEL MARÍTIMO;1720
2014;OUT;REGIÃO NORDESTE;BAHIA;ÓLEO DIESEL MARÍTIMO;1661,438
2014;NOV;REGIÃO NORDESTE;BAHIA;ÓLEO DIESEL MARÍTIMO;1478
2014;DEZ;REGIÃO NORDESTE;BAHIA;ÓLEO DIESEL MARÍTIMO;1660
2014;JAN;REGIÃO SUDESTE;MINAS GERAIS;ÓLEO DIESEL MARÍTIMO;0
2014;FEV;REGIÃO SUDESTE;MINAS GERAIS;ÓLEO DIESEL MARÍTIMO;0
2014;MAR;REGIÃO SUDESTE;MINAS GERAIS;ÓLEO DIESEL MARÍTIMO;0
2014;ABR;REGIÃO SUDESTE;MINAS GERAIS;ÓLEO DIESEL MARÍTIMO;0
2014;MAI;REGIÃO SUDESTE;MINAS GERAIS;ÓLEO DIESEL MARÍTIMO;0
2014;JUN;REGIÃO SUDESTE;MINAS GERAIS;ÓLEO DIESEL MARÍTIMO;0
2014;JUL;REGIÃO SUDESTE;MINAS GERAIS;ÓLEO DIESEL MARÍTIMO;0
2014;AGO;REGIÃO SUDESTE;MINAS GERAIS;ÓLEO DIESEL MARÍTIMO;0
2014;SET;REGIÃO SUDESTE;MINAS GERAIS;ÓLEO DIESEL MARÍTIMO;0
2014;OUT;REGIÃO SUDESTE;MINAS GERAIS;ÓLEO DIESEL MARÍTIMO;0
2014;NOV;REGIÃO SUDESTE;MINAS GERAIS;ÓLEO DIESEL MARÍTIMO;0
2014;DEZ;REGIÃO SUDESTE;MINAS GERAIS;ÓLEO DIESEL MARÍTIMO;0
2014;JAN;REGIÃO SUDESTE;ESPÍRITO SANTO;ÓLEO DIESEL MARÍTIMO;4592,052
2014;FEV;REGIÃO SUDESTE;ESPÍRITO SANTO;ÓLEO DIESEL MARÍTIMO;3721,704
2014;MAR;REGIÃO SUDESTE;ESPÍRITO SANTO;ÓLEO DIESEL MARÍTIMO;3500,39
2014;ABR;REGIÃO SUDESTE;ESPÍRITO SANTO;ÓLEO DIESEL MARÍTIMO;4566,909
2014;MAI;REGIÃO SUDESTE;ESPÍRITO SANTO;ÓLEO DIESEL MARÍTIMO;2978,412
2014;JUN;REGIÃO SUDESTE;ESPÍRITO SANTO;ÓLEO DIESEL MARÍTIMO;4487,155
2014;JUL;REGIÃO SUDESTE;ESPÍRITO SANTO;ÓLEO DIESEL MARÍTIMO;2549,115
2014;AGO;REGIÃO SUDESTE;ESPÍRITO SANTO;ÓLEO DIESEL MARÍTIMO;4618,436
2014;SET;REGIÃO SUDESTE;ESPÍRITO SANTO;ÓLEO DIESEL MARÍTIMO;4283,959
2014;OUT;REGIÃO SUDESTE;ESPÍRITO SANTO;ÓLEO DIESEL MARÍTIMO;4221,232
2014;NOV;REGIÃO SUDESTE;ESPÍRITO SANTO;ÓLEO DIESEL MARÍTIMO;3152,729
2014;DEZ;REGIÃO SUDESTE;ESPÍRITO SANTO;ÓLEO DIESEL MARÍTIMO;3686,631
2014;JAN;REGIÃO SUDESTE;RIO DE JANEIRO;ÓLEO DIESEL MARÍTIMO;29935,281
2014;FEV;REGIÃO SUDESTE;RIO DE JANEIRO;ÓLEO DIESEL MARÍTIMO;25297,819
2014;MAR;REGIÃO SUDESTE;RIO DE JANEIRO;ÓLEO DIESEL MARÍTIMO;27342,425
2014;ABR;REGIÃO SUDESTE;RIO DE JANEIRO;ÓLEO DIESEL MARÍTIMO;24617,14
2014;MAI;REGIÃO SUDESTE;RIO DE JANEIRO;ÓLEO DIESEL MARÍTIMO;30799,127
2014;JUN;REGIÃO SUDESTE;RIO DE JANEIRO;ÓLEO DIESEL MARÍTIMO;23781,411
2014;JUL;REGIÃO SUDESTE;RIO DE JANEIRO;ÓLEO DIESEL MARÍTIMO;28720,36
2014;AGO;REGIÃO SUDESTE;RIO DE JANEIRO;ÓLEO DIESEL MARÍTIMO;27251,291
2014;SET;REGIÃO SUDESTE;RIO DE JANEIRO;ÓLEO DIESEL MARÍTIMO;28668,207
2014;OUT;REGIÃO SUDESTE;RIO DE JANEIRO;ÓLEO DIESEL MARÍTIMO;33177,624
2014;NOV;REGIÃO SUDESTE;RIO DE JANEIRO;ÓLEO DIESEL MARÍTIMO;24570,758
2014;DEZ;REGIÃO SUDESTE;RIO DE JANEIRO;ÓLEO DIESEL MARÍTIMO;27284,67
2014;JAN;REGIÃO SUDESTE;SÃO PAULO;ÓLEO DIESEL MARÍTIMO;3250,302
2014;FEV;REGIÃO SUDESTE;SÃO PAULO;ÓLEO DIESEL MARÍTIMO;3299,01
2014;MAR;REGIÃO SUDESTE;SÃO PAULO;ÓLEO DIESEL MARÍTIMO;2577
2014;ABR;REGIÃO SUDESTE;SÃO PAULO;ÓLEO DIESEL MARÍTIMO;3158,7
2014;MAI;REGIÃO SUDESTE;SÃO PAULO;ÓLEO DIESEL MARÍTIMO;2575,4
2014;JUN;REGIÃO SUDESTE;SÃO PAULO;ÓLEO DIESEL MARÍTIMO;2570
2014;JUL;REGIÃO SUDESTE;SÃO PAULO;ÓLEO DIESEL MARÍTIMO;2703,7
2014;AGO;REGIÃO SUDESTE;SÃO PAULO;ÓLEO DIESEL MARÍTIMO;4026,98
2014;SET;REGIÃO SUDESTE;SÃO PAULO;ÓLEO DIESEL MARÍTIMO;5138,71
2014;OUT;REGIÃO SUDESTE;SÃO PAULO;ÓLEO DIESEL MARÍTIMO;5085,437
2014;NOV;REGIÃO SUDESTE;SÃO PAULO;ÓLEO DIESEL MARÍTIMO;5023,036
2014;DEZ;REGIÃO SUDESTE;SÃO PAULO;ÓLEO DIESEL MARÍTIMO;3574
2014;JAN;REGIÃO SUL;PARANÁ;ÓLEO DIESEL MARÍTIMO;618,5
2014;FEV;REGIÃO SUL;PARANÁ;ÓLEO DIESEL MARÍTIMO;429,5
2014;MAR;REGIÃO SUL;PARANÁ;ÓLEO DIESEL MARÍTIMO;604,094
2014;ABR;REGIÃO SUL;PARANÁ;ÓLEO DIESEL MARÍTIMO;834,461
2014;MAI;REGIÃO SUL;PARANÁ;ÓLEO DIESEL MARÍTIMO;744,051
2014;JUN;REGIÃO SUL;PARANÁ;ÓLEO DIESEL MARÍTIMO;562
2014;JUL;REGIÃO SUL;PARANÁ;ÓLEO DIESEL MARÍTIMO;664,235
2014;AGO;REGIÃO SUL;PARANÁ;ÓLEO DIESEL MARÍTIMO;539
2014;SET;REGIÃO SUL;PARANÁ;ÓLEO DIESEL MARÍTIMO;468,779
2014;OUT;REGIÃO SUL;PARANÁ;ÓLEO DIESEL MARÍTIMO;737,126
2014;NOV;REGIÃO SUL;PARANÁ;ÓLEO DIESEL MARÍTIMO;525
2014;DEZ;REGIÃO SUL;PARANÁ;ÓLEO DIESEL MARÍTIMO;706,021
2014;JAN;REGIÃO SUL;SANTA CATARINA;ÓLEO DIESEL MARÍTIMO;4594
2014;FEV;REGIÃO SUL;SANTA CATARINA;ÓLEO DIESEL MARÍTIMO;5100,1
2014;MAR;REGIÃO SUL;SANTA CATARINA;ÓLEO DIESEL MARÍTIMO;4568,1
2014;ABR;REGIÃO SUL;SANTA CATARINA;ÓLEO DIESEL MARÍTIMO;4472,5
2014;MAI;REGIÃO SUL;SANTA CATARINA;ÓLEO DIESEL MARÍTIMO;5665,1
2014;JUN;REGIÃO SUL;SANTA CATARINA;ÓLEO DIESEL MARÍTIMO;4469
2014;JUL;REGIÃO SUL;SANTA CATARINA;ÓLEO DIESEL MARÍTIMO;5406
2014;AGO;REGIÃO SUL;SANTA CATARINA;ÓLEO DIESEL MARÍTIMO;5236
2014;SET;REGIÃO SUL;SANTA CATARINA;ÓLEO DIESEL MARÍTIMO;5511,3
2014;OUT;REGIÃO SUL;SANTA CATARINA;ÓLEO DIESEL MARÍTIMO;5540,449
2014;NOV;REGIÃO SUL;SANTA CATARINA;ÓLEO DIESEL MARÍTIMO;5395,186
2014;DEZ;REGIÃO SUL;SANTA CATARINA;ÓLEO DIESEL MARÍTIMO;5540,6
2014;JAN;REGIÃO SUL;RIO GRANDE DO SUL;ÓLEO DIESEL MARÍTIMO;2106
2014;FEV;REGIÃO SUL;RIO GRANDE DO SUL;ÓLEO DIESEL MARÍTIMO;1862
2014;MAR;REGIÃO SUL;RIO GRANDE DO SUL;ÓLEO DIESEL MARÍTIMO;2254
2014;ABR;REGIÃO SUL;RIO GRANDE DO SUL;ÓLEO DIESEL MARÍTIMO;2479
2014;MAI;REGIÃO SUL;RIO GRANDE DO SUL;ÓLEO DIESEL MARÍTIMO;1561
2014;JUN;REGIÃO SUL;RIO GRANDE DO SUL;ÓLEO DIESEL MARÍTIMO;1749
2014;JUL;REGIÃO SUL;RIO GRANDE DO SUL;ÓLEO DIESEL MARÍTIMO;2058
2014;AGO;REGIÃO SUL;RIO GRANDE DO SUL;ÓLEO DIESEL MARÍTIMO;1582
2014;SET;REGIÃO SUL;RIO GRANDE DO SUL;ÓLEO DIESEL MARÍTIMO;1640
2014;OUT;REGIÃO SUL;RIO GRANDE DO SUL;ÓLEO DIESEL MARÍTIMO;2540
2014;NOV;REGIÃO SUL;RIO GRANDE DO SUL;ÓLEO DIESEL MARÍTIMO;2136
2014;DEZ;REGIÃO SUL;RIO GRANDE DO SUL;ÓLEO DIESEL MARÍTIMO;1938
2014;JAN;REGIÃO CENTRO-OESTE;MATO GROSSO DO SUL;ÓLEO DIESEL MARÍTIMO;0
2014;FEV;REGIÃO CENTRO-OESTE;MATO GROSSO DO SUL;ÓLEO DIESEL MARÍTIMO;90
2014;MAR;REGIÃO CENTRO-OESTE;MATO GROSSO DO SUL;ÓLEO DIESEL MARÍTIMO;90
2014;ABR;REGIÃO CENTRO-OESTE;MATO GROSSO DO SUL;ÓLEO DIESEL MARÍTIMO;0
2014;MAI;REGIÃO CENTRO-OESTE;MATO GROSSO DO SUL;ÓLEO DIESEL MARÍTIMO;180
2014;JUN;REGIÃO CENTRO-OESTE;MATO GROSSO DO SUL;ÓLEO DIESEL MARÍTIMO;0
2014;JUL;REGIÃO CENTRO-OESTE;MATO GROSSO DO SUL;ÓLEO DIESEL MARÍTIMO;0
2014;AGO;REGIÃO CENTRO-OESTE;MATO GROSSO DO SUL;ÓLEO DIESEL MARÍTIMO;180
2014;SET;REGIÃO CENTRO-OESTE;MATO GROSSO DO SUL;ÓLEO DIESEL MARÍTIMO;90
2014;OUT;REGIÃO CENTRO-OESTE;MATO GROSSO DO SUL;ÓLEO DIESEL MARÍTIMO;0
2014;NOV;REGIÃO CENTRO-OESTE;MATO GROSSO DO SUL;ÓLEO DIESEL MARÍTIMO;60
2014;DEZ;REGIÃO CENTRO-OESTE;MATO GROSSO DO SUL;ÓLEO DIESEL MARÍTIMO;60
2014;JAN;REGIÃO CENTRO-OESTE;MATO GROSSO;ÓLEO DIESEL MARÍTIMO;521,477
2014;FEV;REGIÃO CENTRO-OESTE;MATO GROSSO;ÓLEO DIESEL MARÍTIMO;0
2014;MAR;REGIÃO CENTRO-OESTE;MATO GROSSO;ÓLEO DIESEL MARÍTIMO;0
2014;ABR;REGIÃO CENTRO-OESTE;MATO GROSSO;ÓLEO DIESEL MARÍTIMO;0
2014;MAI;REGIÃO CENTRO-OESTE;MATO GROSSO;ÓLEO DIESEL MARÍTIMO;0
2014;JUN;REGIÃO CENTRO-OESTE;MATO GROSSO;ÓLEO DIESEL MARÍTIMO;0
2014;JUL;REGIÃO CENTRO-OESTE;MATO GROSSO;ÓLEO DIESEL MARÍTIMO;0
2014;AGO;REGIÃO CENTRO-OESTE;MATO GROSSO;ÓLEO DIESEL MARÍTIMO;0
2014;SET;REGIÃO CENTRO-OESTE;MATO GROSSO;ÓLEO DIESEL MARÍTIMO;0
2014;OUT;REGIÃO CENTRO-OESTE;MATO GROSSO;ÓLEO DIESEL MARÍTIMO;0
2014;NOV;REGIÃO CENTRO-OESTE;MATO GROSSO;ÓLEO DIESEL MARÍTIMO;0
2014;DEZ;REGIÃO CENTRO-OESTE;MATO GROSSO;ÓLEO DIESEL MARÍTIMO;0
2014;JAN;REGIÃO CENTRO-OESTE;GOIÁS;ÓLEO DIESEL MARÍTIMO;0
2014;FEV;REGIÃO CENTRO-OESTE;GOIÁS;ÓLEO DIESEL MARÍTIMO;0
2014;MAR;REGIÃO CENTRO-OESTE;GOIÁS;ÓLEO DIESEL MARÍTIMO;0
2014;ABR;REGIÃO CENTRO-OESTE;GOIÁS;ÓLEO DIESEL MARÍTIMO;0
2014;MAI;REGIÃO CENTRO-OESTE;GOIÁS;ÓLEO DIESEL MARÍTIMO;0
2014;JUN;REGIÃO CENTRO-OESTE;GOIÁS;ÓLEO DIESEL MARÍTIMO;0
2014;JUL;REGIÃO CENTRO-OESTE;GOIÁS;ÓLEO DIESEL MARÍTIMO;0
2014;AGO;REGIÃO CENTRO-OESTE;GOIÁS;ÓLEO DIESEL MARÍTIMO;0
2014;SET;REGIÃO CENTRO-OESTE;GOIÁS;ÓLEO DIESEL MARÍTIMO;0
2014;OUT;REGIÃO CENTRO-OESTE;GOIÁS;ÓLEO DIESEL MARÍTIMO;0
2014;NOV;REGIÃO CENTRO-OESTE;GOIÁS;ÓLEO DIESEL MARÍTIMO;0
2014;DEZ;REGIÃO CENTRO-OESTE;GOIÁS;ÓLEO DIESEL MARÍTIMO;0
2014;JAN;REGIÃO CENTRO-OESTE;DISTRITO FEDERAL;ÓLEO DIESEL MARÍTIMO;0
2014;FEV;REGIÃO CENTRO-OESTE;DISTRITO FEDERAL;ÓLEO DIESEL MARÍTIMO;0
2014;MAR;REGIÃO CENTRO-OESTE;DISTRITO FEDERAL;ÓLEO DIESEL MARÍTIMO;0
2014;ABR;REGIÃO CENTRO-OESTE;DISTRITO FEDERAL;ÓLEO DIESEL MARÍTIMO;0
2014;MAI;REGIÃO CENTRO-OESTE;DISTRITO FEDERAL;ÓLEO DIESEL MARÍTIMO;0
2014;JUN;REGIÃO CENTRO-OESTE;DISTRITO FEDERAL;ÓLEO DIESEL MARÍTIMO;0
2014;JUL;REGIÃO CENTRO-OESTE;DISTRITO FEDERAL;ÓLEO DIESEL MARÍTIMO;0
2014;AGO;REGIÃO CENTRO-OESTE;DISTRITO FEDERAL;ÓLEO DIESEL MARÍTIMO;0
2014;SET;REGIÃO CENTRO-OESTE;DISTRITO FEDERAL;ÓLEO DIESEL MARÍTIMO;0
2014;OUT;REGIÃO CENTRO-OESTE;DISTRITO FEDERAL;ÓLEO DIESEL MARÍTIMO;0
2014;NOV;REGIÃO CENTRO-OESTE;DISTRITO FEDERAL;ÓLEO DIESEL MARÍTIMO;0
2014;DEZ;REGIÃO CENTRO-OESTE;DISTRITO FEDERAL;ÓLEO DIESEL MARÍTIMO;0
2014;JAN;REGIÃO NORTE;RONDÔNIA;ÓLEO DIESEL (OUTROS );20
2014;FEV;REGIÃO NORTE;RONDÔNIA;ÓLEO DIESEL (OUTROS );10
2014;MAR;REGIÃO NORTE;RONDÔNIA;ÓLEO DIESEL (OUTROS );20
2014;ABR;REGIÃO NORTE;RONDÔNIA;ÓLEO DIESEL (OUTROS );136
2014;MAI;REGIÃO NORTE;RONDÔNIA;ÓLEO DIESEL (OUTROS );35
2014;JUN;REGIÃO NORTE;RONDÔNIA;ÓLEO DIESEL (OUTROS );20
2014;JUL;REGIÃO NORTE;RONDÔNIA;ÓLEO DIESEL (OUTROS );40
2014;AGO;REGIÃO NORTE;RONDÔNIA;ÓLEO DIESEL (OUTROS );30
2014;SET;REGIÃO NORTE;RONDÔNIA;ÓLEO DIESEL (OUTROS );0
2014;OUT;REGIÃO NORTE;RONDÔNIA;ÓLEO DIESEL (OUTROS );15
2014;NOV;REGIÃO NORTE;RONDÔNIA;ÓLEO DIESEL (OUTROS );20
2014;DEZ;REGIÃO NORTE;RONDÔNIA;ÓLEO DIESEL (OUTROS );0
2014;JAN;REGIÃO NORTE;ACRE;ÓLEO DIESEL (OUTROS );0
2014;FEV;REGIÃO NORTE;ACRE;ÓLEO DIESEL (OUTROS );0
2014;MAR;REGIÃO NORTE;ACRE;ÓLEO DIESEL (OUTROS );0
2014;ABR;REGIÃO NORTE;ACRE;ÓLEO DIESEL (OUTROS );22
2014;MAI;REGIÃO NORTE;ACRE;ÓLEO DIESEL (OUTROS );0
2014;JUN;REGIÃO NORTE;ACRE;ÓLEO DIESEL (OUTROS );0
2014;JUL;REGIÃO NORTE;ACRE;ÓLEO DIESEL (OUTROS );0
2014;AGO;REGIÃO NORTE;ACRE;ÓLEO DIESEL (OUTROS );0
2014;SET;REGIÃO NORTE;ACRE;ÓLEO DIESEL (OUTROS );0
2014;OUT;REGIÃO NORTE;ACRE;ÓLEO DIESEL (OUTROS );0
2014;NOV;REGIÃO NORTE;ACRE;ÓLEO DIESEL (OUTROS );0
2014;DEZ;REGIÃO NORTE;ACRE;ÓLEO DIESEL (OUTROS );0
2014;JAN;REGIÃO NORTE;AMAZONAS;ÓLEO DIESEL (OUTROS );0
2014;FEV;REGIÃO NORTE;AMAZONAS;ÓLEO DIESEL (OUTROS );0
2014;MAR;REGIÃO NORTE;AMAZONAS;ÓLEO DIESEL (OUTROS );0
2014;ABR;REGIÃO NORTE;AMAZONAS;ÓLEO DIESEL (OUTROS );0
2014;MAI;REGIÃO NORTE;AMAZONAS;ÓLEO DIESEL (OUTROS );0
2014;JUN;REGIÃO NORTE;AMAZONAS;ÓLEO DIESEL (OUTROS );0
2014;JUL;REGIÃO NORTE;AMAZONAS;ÓLEO DIESEL (OUTROS );0
2014;AGO;REGIÃO NORTE;AMAZONAS;ÓLEO DIESEL (OUTROS );256
2014;SET;REGIÃO NORTE;AMAZONAS;ÓLEO DIESEL (OUTROS );110
2014;OUT;REGIÃO NORTE;AMAZONAS;ÓLEO DIESEL (OUTROS );0
2014;NOV;REGIÃO NORTE;AMAZONAS;ÓLEO DIESEL (OUTROS );0
2014;DEZ;REGIÃO NORTE;AMAZONAS;ÓLEO DIESEL (OUTROS );160
2014;JAN;REGIÃO NORTE;RORAIMA;ÓLEO DIESEL (OUTROS );0
2014;FEV;REGIÃO NORTE;RORAIMA;ÓLEO DIESEL (OUTROS );0
2014;MAR;REGIÃO NORTE;RORAIMA;ÓLEO DIESEL (OUTROS );0
2014;ABR;REGIÃO NORTE;RORAIMA;ÓLEO DIESEL (OUTROS );0
2014;MAI;REGIÃO NORTE;RORAIMA;ÓLEO DIESEL (OUTROS );0
2014;JUN;REGIÃO NORTE;RORAIMA;ÓLEO DIESEL (OUTROS );0
2014;JUL;REGIÃO NORTE;RORAIMA;ÓLEO DIESEL (OUTROS );0
2014;AGO;REGIÃO NORTE;RORAIMA;ÓLEO DIESEL (OUTROS );3
2014;SET;REGIÃO NORTE;RORAIMA;ÓLEO DIESEL (OUTROS );0
2014;OUT;REGIÃO NORTE;RORAIMA;ÓLEO DIESEL (OUTROS );0
2014;NOV;REGIÃO NORTE;RORAIMA;ÓLEO DIESEL (OUTROS );0
2014;DEZ;REGIÃO NORTE;RORAIMA;ÓLEO DIESEL (OUTROS );5
2014;JAN;REGIÃO NORTE;PARÁ;ÓLEO DIESEL (OUTROS );0
2014;FEV;REGIÃO NORTE;PARÁ;ÓLEO DIESEL (OUTROS );0
2014;MAR;REGIÃO NORTE;PARÁ;ÓLEO DIESEL (OUTROS );0
2014;ABR;REGIÃO NORTE;PARÁ;ÓLEO DIESEL (OUTROS );0
2014;MAI;REGIÃO NORTE;PARÁ;ÓLEO DIESEL (OUTROS );0
2014;JUN;REGIÃO NORTE;PARÁ;ÓLEO DIESEL (OUTROS );0
2014;JUL;REGIÃO NORTE;PARÁ;ÓLEO DIESEL (OUTROS );0
2014;AGO;REGIÃO NORTE;PARÁ;ÓLEO DIESEL (OUTROS );0
2014;SET;REGIÃO NORTE;PARÁ;ÓLEO DIESEL (OUTROS );0
2014;OUT;REGIÃO NORTE;PARÁ;ÓLEO DIESEL (OUTROS );0
2014;NOV;REGIÃO NORTE;PARÁ;ÓLEO DIESEL (OUTROS );0
2014;DEZ;REGIÃO NORTE;PARÁ;ÓLEO DIESEL (OUTROS );0
2014;JAN;REGIÃO NORTE;AMAPÁ;ÓLEO DIESEL (OUTROS );0
2014;FEV;REGIÃO NORTE;AMAPÁ;ÓLEO DIESEL (OUTROS );0
2014;MAR;REGIÃO NORTE;AMAPÁ;ÓLEO DIESEL (OUTROS );0
2014;ABR;REGIÃO NORTE;AMAPÁ;ÓLEO DIESEL (OUTROS );0
2014;MAI;REGIÃO NORTE;AMAPÁ;ÓLEO DIESEL (OUTROS );0
2014;JUN;REGIÃO NORTE;AMAPÁ;ÓLEO DIESEL (OUTROS );0
2014;JUL;REGIÃO NORTE;AMAPÁ;ÓLEO DIESEL (OUTROS );0
2014;AGO;REGIÃO NORTE;AMAPÁ;ÓLEO DIESEL (OUTROS );0
2014;SET;REGIÃO NORTE;AMAPÁ;ÓLEO DIESEL (OUTROS );0
2014;OUT;REGIÃO NORTE;AMAPÁ;ÓLEO DIESEL (OUTROS );0
2014;NOV;REGIÃO NORTE;AMAPÁ;ÓLEO DIESEL (OUTROS );0
2014;DEZ;REGIÃO NORTE;AMAPÁ;ÓLEO DIESEL (OUTROS );0
2014;JAN;REGIÃO NORTE;TOCANTINS;ÓLEO DIESEL (OUTROS );0
2014;FEV;REGIÃO NORTE;TOCANTINS;ÓLEO DIESEL (OUTROS );0
2014;MAR;REGIÃO NORTE;TOCANTINS;ÓLEO DIESEL (OUTROS );0
2014;ABR;REGIÃO NORTE;TOCANTINS;ÓLEO DIESEL (OUTROS );0
2014;MAI;REGIÃO NORTE;TOCANTINS;ÓLEO DIESEL (OUTROS );0
2014;JUN;REGIÃO NORTE;TOCANTINS;ÓLEO DIESEL (OUTROS );0
2014;JUL;REGIÃO NORTE;TOCANTINS;ÓLEO DIESEL (OUTROS );0
2014;AGO;REGIÃO NORTE;TOCANTINS;ÓLEO DIESEL (OUTROS );0
2014;SET;REGIÃO NORTE;TOCANTINS;ÓLEO DIESEL (OUTROS );0
2014;OUT;REGIÃO NORTE;TOCANTINS;ÓLEO DIESEL (OUTROS );0
2014;NOV;REGIÃO NORTE;TOCANTINS;ÓLEO DIESEL (OUTROS );0
2014;DEZ;REGIÃO NORTE;TOCANTINS;ÓLEO DIESEL (OUTROS );0
2014;JAN;REGIÃO NORDESTE;MARANHÃO;ÓLEO DIESEL (OUTROS );0
2014;FEV;REGIÃO NORDESTE;MARANHÃO;ÓLEO DIESEL (OUTROS );0
2014;MAR;REGIÃO NORDESTE;MARANHÃO;ÓLEO DIESEL (OUTROS );0
2014;ABR;REGIÃO NORDESTE;MARANHÃO;ÓLEO DIESEL (OUTROS );0
2014;MAI;REGIÃO NORDESTE;MARANHÃO;ÓLEO DIESEL (OUTROS );0
2014;JUN;REGIÃO NORDESTE;MARANHÃO;ÓLEO DIESEL (OUTROS );0
2014;JUL;REGIÃO NORDESTE;MARANHÃO;ÓLEO DIESEL (OUTROS );0
2014;AGO;REGIÃO NORDESTE;MARANHÃO;ÓLEO DIESEL (OUTROS );0
2014;SET;REGIÃO NORDESTE;MARANHÃO;ÓLEO DIESEL (OUTROS );0
2014;OUT;REGIÃO NORDESTE;MARANHÃO;ÓLEO DIESEL (OUTROS );0
2014;NOV;REGIÃO NORDESTE;MARANHÃO;ÓLEO DIESEL (OUTROS );0
2014;DEZ;REGIÃO NORDESTE;MARANHÃO;ÓLEO DIESEL (OUTROS );0
2014;JAN;REGIÃO NORDESTE;PIAUÍ;ÓLEO DIESEL (OUTROS );0
2014;FEV;REGIÃO NORDESTE;PIAUÍ;ÓLEO DIESEL (OUTROS );0
2014;MAR;REGIÃO NORDESTE;PIAUÍ;ÓLEO DIESEL (OUTROS );0
2014;ABR;REGIÃO NORDESTE;PIAUÍ;ÓLEO DIESEL (OUTROS );0
2014;MAI;REGIÃO NORDESTE;PIAUÍ;ÓLEO DIESEL (OUTROS );0
2014;JUN;REGIÃO NORDESTE;PIAUÍ;ÓLEO DIESEL (OUTROS );0
2014;JUL;REGIÃO NORDESTE;PIAUÍ;ÓLEO DIESEL (OUTROS );0
2014;AGO;REGIÃO NORDESTE;PIAUÍ;ÓLEO DIESEL (OUTROS );0
2014;SET;REGIÃO NORDESTE;PIAUÍ;ÓLEO DIESEL (OUTROS );0
2014;OUT;REGIÃO NORDESTE;PIAUÍ;ÓLEO DIESEL (OUTROS );0
2014;NOV;REGIÃO NORDESTE;PIAUÍ;ÓLEO DIESEL (OUTROS );0
2014;DEZ;REGIÃO NORDESTE;PIAUÍ;ÓLEO DIESEL (OUTROS );0
2014;JAN;REGIÃO NORDESTE;CEARÁ;ÓLEO DIESEL (OUTROS );0
2014;FEV;REGIÃO NORDESTE;CEARÁ;ÓLEO DIESEL (OUTROS );0
2014;MAR;REGIÃO NORDESTE;CEARÁ;ÓLEO DIESEL (OUTROS );0
2014;ABR;REGIÃO NORDESTE;CEARÁ;ÓLEO DIESEL (OUTROS );0
2014;MAI;REGIÃO NORDESTE;CEARÁ;ÓLEO DIESEL (OUTROS );0
2014;JUN;REGIÃO NORDESTE;CEARÁ;ÓLEO DIESEL (OUTROS );0
2014;JUL;REGIÃO NORDESTE;CEARÁ;ÓLEO DIESEL (OUTROS );0
2014;AGO;REGIÃO NORDESTE;CEARÁ;ÓLEO DIESEL (OUTROS );0
2014;SET;REGIÃO NORDESTE;CEARÁ;ÓLEO DIESEL (OUTROS );0
2014;OUT;REGIÃO NORDESTE;CEARÁ;ÓLEO DIESEL (OUTROS );0
2014;NOV;REGIÃO NORDESTE;CEARÁ;ÓLEO DIESEL (OUTROS );0
2014;DEZ;REGIÃO NORDESTE;CEARÁ;ÓLEO DIESEL (OUTROS );0
2014;JAN;REGIÃO NORDESTE;RIO GRANDE DO NORTE;ÓLEO DIESEL (OUTROS );0
2014;FEV;REGIÃO NORDESTE;RIO GRANDE DO NORTE;ÓLEO DIESEL (OUTROS );0
2014;MAR;REGIÃO NORDESTE;RIO GRANDE DO NORTE;ÓLEO DIESEL (OUTROS );0
2014;ABR;REGIÃO NORDESTE;RIO GRANDE DO NORTE;ÓLEO DIESEL (OUTROS );0
2014;MAI;REGIÃO NORDESTE;RIO GRANDE DO NORTE;ÓLEO DIESEL (OUTROS );0
2014;JUN;REGIÃO NORDESTE;RIO GRANDE DO NORTE;ÓLEO DIESEL (OUTROS );0
2014;JUL;REGIÃO NORDESTE;RIO GRANDE DO NORTE;ÓLEO DIESEL (OUTROS );0
2014;AGO;REGIÃO NORDESTE;RIO GRANDE DO NORTE;ÓLEO DIESEL (OUTROS );0
2014;SET;REGIÃO NORDESTE;RIO GRANDE DO NORTE;ÓLEO DIESEL (OUTROS );0
2014;OUT;REGIÃO NORDESTE;RIO GRANDE DO NORTE;ÓLEO DIESEL (OUTROS );0
2014;NOV;REGIÃO NORDESTE;RIO GRANDE DO NORTE;ÓLEO DIESEL (OUTROS );0
2014;DEZ;REGIÃO NORDESTE;RIO GRANDE DO NORTE;ÓLEO DIESEL (OUTROS );0
2014;JAN;REGIÃO NORDESTE;PARAÍBA;ÓLEO DIESEL (OUTROS );0
2014;FEV;REGIÃO NORDESTE;PARAÍBA;ÓLEO DIESEL (OUTROS );0
2014;MAR;REGIÃO NORDESTE;PARAÍBA;ÓLEO DIESEL (OUTROS );0
2014;ABR;REGIÃO NORDESTE;PARAÍBA;ÓLEO DIESEL (OUTROS );0
2014;MAI;REGIÃO NORDESTE;PARAÍBA;ÓLEO DIESEL (OUTROS );0
2014;JUN;REGIÃO NORDESTE;PARAÍBA;ÓLEO DIESEL (OUTROS );0
2014;JUL;REGIÃO NORDESTE;PARAÍBA;ÓLEO DIESEL (OUTROS );0
2014;AGO;REGIÃO NORDESTE;PARAÍBA;ÓLEO DIESEL (OUTROS );0
2014;SET;REGIÃO NORDESTE;PARAÍBA;ÓLEO DIESEL (OUTROS );0
2014;OUT;REGIÃO NORDESTE;PARAÍBA;ÓLEO DIESEL (OUTROS );0
2014;NOV;REGIÃO NORDESTE;PARAÍBA;ÓLEO DIESEL (OUTROS );0
2014;DEZ;REGIÃO NORDESTE;PARAÍBA;ÓLEO DIESEL (OUTROS );0
2014;JAN;REGIÃO NORDESTE;PERNAMBUCO;ÓLEO DIESEL (OUTROS );252
2014;FEV;REGIÃO NORDESTE;PERNAMBUCO;ÓLEO DIESEL (OUTROS );297,5
2014;MAR;REGIÃO NORDESTE;PERNAMBUCO;ÓLEO DIESEL (OUTROS );322,5
2014;ABR;REGIÃO NORDESTE;PERNAMBUCO;ÓLEO DIESEL (OUTROS );309
2014;MAI;REGIÃO NORDESTE;PERNAMBUCO;ÓLEO DIESEL (OUTROS );405,5
2014;JUN;REGIÃO NORDESTE;PERNAMBUCO;ÓLEO DIESEL (OUTROS );356
2014;JUL;REGIÃO NORDESTE;PERNAMBUCO;ÓLEO DIESEL (OUTROS );578
2014;AGO;REGIÃO NORDESTE;PERNAMBUCO;ÓLEO DIESEL (OUTROS );583,5
2014;SET;REGIÃO NORDESTE;PERNAMBUCO;ÓLEO DIESEL (OUTROS );506
2014;OUT;REGIÃO NORDESTE;PERNAMBUCO;ÓLEO DIESEL (OUTROS );725
2014;NOV;REGIÃO NORDESTE;PERNAMBUCO;ÓLEO DIESEL (OUTROS );520
2014;DEZ;REGIÃO NORDESTE;PERNAMBUCO;ÓLEO DIESEL (OUTROS );595
2014;JAN;REGIÃO NORDESTE;ALAGOAS;ÓLEO DIESEL (OUTROS );0
2014;FEV;REGIÃO NORDESTE;ALAGOAS;ÓLEO DIESEL (OUTROS );0
2014;MAR;REGIÃO NORDESTE;ALAGOAS;ÓLEO DIESEL (OUTROS );0
2014;ABR;REGIÃO NORDESTE;ALAGOAS;ÓLEO DIESEL (OUTROS );0
2014;MAI;REGIÃO NORDESTE;ALAGOAS;ÓLEO DIESEL (OUTROS );0
2014;JUN;REGIÃO NORDESTE;ALAGOAS;ÓLEO DIESEL (OUTROS );0
2014;JUL;REGIÃO NORDESTE;ALAGOAS;ÓLEO DIESEL (OUTROS );0
2014;AGO;REGIÃO NORDESTE;ALAGOAS;ÓLEO DIESEL (OUTROS );0
2014;SET;REGIÃO NORDESTE;ALAGOAS;ÓLEO DIESEL (OUTROS );0
2014;OUT;REGIÃO NORDESTE;ALAGOAS;ÓLEO DIESEL (OUTROS );0
2014;NOV;REGIÃO NORDESTE;ALAGOAS;ÓLEO DIESEL (OUTROS );0
2014;DEZ;REGIÃO NORDESTE;ALAGOAS;ÓLEO DIESEL (OUTROS );0
2014;JAN;REGIÃO NORDESTE;SERGIPE;ÓLEO DIESEL (OUTROS );0
2014;FEV;REGIÃO NORDESTE;SERGIPE;ÓLEO DIESEL (OUTROS );0
2014;MAR;REGIÃO NORDESTE;SERGIPE;ÓLEO DIESEL (OUTROS );0
2014;ABR;REGIÃO NORDESTE;SERGIPE;ÓLEO DIESEL (OUTROS );0
2014;MAI;REGIÃO NORDESTE;SERGIPE;ÓLEO DIESEL (OUTROS );0
2014;JUN;REGIÃO NORDESTE;SERGIPE;ÓLEO DIESEL (OUTROS );0
2014;JUL;REGIÃO NORDESTE;SERGIPE;ÓLEO DIESEL (OUTROS );0
2014;AGO;REGIÃO NORDESTE;SERGIPE;ÓLEO DIESEL (OUTROS );0
2014;SET;REGIÃO NORDESTE;SERGIPE;ÓLEO DIESEL (OUTROS );0
2014;OUT;REGIÃO NORDESTE;SERGIPE;ÓLEO DIESEL (OUTROS );0
2014;NOV;REGIÃO NORDESTE;SERGIPE;ÓLEO DIESEL (OUTROS );0
2014;DEZ;REGIÃO NORDESTE;SERGIPE;ÓLEO DIESEL (OUTROS );0
2014;JAN;REGIÃO NORDESTE;BAHIA;ÓLEO DIESEL (OUTROS );0
2014;FEV;REGIÃO NORDESTE;BAHIA;ÓLEO DIESEL (OUTROS );0
2014;MAR;REGIÃO NORDESTE;BAHIA;ÓLEO DIESEL (OUTROS );0
2014;ABR;REGIÃO NORDESTE;BAHIA;ÓLEO DIESEL (OUTROS );0
2014;MAI;REGIÃO NORDESTE;BAHIA;ÓLEO DIESEL (OUTROS );0
2014;JUN;REGIÃO NORDESTE;BAHIA;ÓLEO DIESEL (OUTROS );0
2014;JUL;REGIÃO NORDESTE;BAHIA;ÓLEO DIESEL (OUTROS );0
2014;AGO;REGIÃO NORDESTE;BAHIA;ÓLEO DIESEL (OUTROS );0
2014;SET;REGIÃO NORDESTE;BAHIA;ÓLEO DIESEL (OUTROS );0
2014;OUT;REGIÃO NORDESTE;BAHIA;ÓLEO DIESEL (OUTROS );0
2014;NOV;REGIÃO NORDESTE;BAHIA;ÓLEO DIESEL (OUTROS );0
2014;DEZ;REGIÃO NORDESTE;BAHIA;ÓLEO DIESEL (OUTROS );0
2014;JAN;REGIÃO SUDESTE;MINAS GERAIS;ÓLEO DIESEL (OUTROS );11,378
2014;FEV;REGIÃO SUDESTE;MINAS GERAIS;ÓLEO DIESEL (OUTROS );1,997
2014;MAR;REGIÃO SUDESTE;MINAS GERAIS;ÓLEO DIESEL (OUTROS );6,49
2014;ABR;REGIÃO SUDESTE;MINAS GERAIS;ÓLEO DIESEL (OUTROS );1,605
2014;MAI;REGIÃO SUDESTE;MINAS GERAIS;ÓLEO DIESEL (OUTROS );6,861
2014;JUN;REGIÃO SUDESTE;MINAS GERAIS;ÓLEO DIESEL (OUTROS );3,573
2014;JUL;REGIÃO SUDESTE;MINAS GERAIS;ÓLEO DIESEL (OUTROS );4,304
2014;AGO;REGIÃO SUDESTE;MINAS GERAIS;ÓLEO DIESEL (OUTROS );5,545
2014;SET;REGIÃO SUDESTE;MINAS GERAIS;ÓLEO DIESEL (OUTROS );7,452
2014;OUT;REGIÃO SUDESTE;MINAS GERAIS;ÓLEO DIESEL (OUTROS );11,458
2014;NOV;REGIÃO SUDESTE;MINAS GERAIS;ÓLEO DIESEL (OUTROS );0
2014;DEZ;REGIÃO SUDESTE;MINAS GERAIS;ÓLEO DIESEL (OUTROS );4,946
2014;JAN;REGIÃO SUDESTE;ESPÍRITO SANTO;ÓLEO DIESEL (OUTROS );0
2014;FEV;REGIÃO SUDESTE;ESPÍRITO SANTO;ÓLEO DIESEL (OUTROS );0
2014;MAR;REGIÃO SUDESTE;ESPÍRITO SANTO;ÓLEO DIESEL (OUTROS );0
2014;ABR;REGIÃO SUDESTE;ESPÍRITO SANTO;ÓLEO DIESEL (OUTROS );0
2014;MAI;REGIÃO SUDESTE;ESPÍRITO SANTO;ÓLEO DIESEL (OUTROS );0
2014;JUN;REGIÃO SUDESTE;ESPÍRITO SANTO;ÓLEO DIESEL (OUTROS );0
2014;JUL;REGIÃO SUDESTE;ESPÍRITO SANTO;ÓLEO DIESEL (OUTROS );0
2014;AGO;REGIÃO SUDESTE;ESPÍRITO SANTO;ÓLEO DIESEL (OUTROS );0
2014;SET;REGIÃO SUDESTE;ESPÍRITO SANTO;ÓLEO DIESEL (OUTROS );0
2014;OUT;REGIÃO SUDESTE;ESPÍRITO SANTO;ÓLEO DIESEL (OUTROS );0
2014;NOV;REGIÃO SUDESTE;ESPÍRITO SANTO;ÓLEO DIESEL (OUTROS );0
2014;DEZ;REGIÃO SUDESTE;ESPÍRITO SANTO;ÓLEO DIESEL (OUTROS );0
2014;JAN;REGIÃO SUDESTE;RIO DE JANEIRO;ÓLEO DIESEL (OUTROS );1666,628
2014;FEV;REGIÃO SUDESTE;RIO DE JANEIRO;ÓLEO DIESEL (OUTROS );1413,858
2014;MAR;REGIÃO SUDESTE;RIO DE JANEIRO;ÓLEO DIESEL (OUTROS );828,509
2014;ABR;REGIÃO SUDESTE;RIO DE JANEIRO;ÓLEO DIESEL (OUTROS );1213,522
2014;MAI;REGIÃO SUDESTE;RIO DE JANEIRO;ÓLEO DIESEL (OUTROS );687,133
2014;JUN;REGIÃO SUDESTE;RIO DE JANEIRO;ÓLEO DIESEL (OUTROS );808,359
2014;JUL;REGIÃO SUDESTE;RIO DE JANEIRO;ÓLEO DIESEL (OUTROS );689,133
2014;AGO;REGIÃO SUDESTE;RIO DE JANEIRO;ÓLEO DIESEL (OUTROS );759,721
2014;SET;REGIÃO SUDESTE;RIO DE JANEIRO;ÓLEO DIESEL (OUTROS );752,915
2014;OUT;REGIÃO SUDESTE;RIO DE JANEIRO;ÓLEO DIESEL (OUTROS );888,488
2014;NOV;REGIÃO SUDESTE;RIO DE JANEIRO;ÓLEO DIESEL (OUTROS );981,995
2014;DEZ;REGIÃO SUDESTE;RIO DE JANEIRO;ÓLEO DIESEL (OUTROS );1509,203
2014;JAN;REGIÃO SUDESTE;SÃO PAULO;ÓLEO DIESEL (OUTROS );1417,26
2014;FEV;REGIÃO SUDESTE;SÃO PAULO;ÓLEO DIESEL (OUTROS );1224
2014;MAR;REGIÃO SUDESTE;SÃO PAULO;ÓLEO DIESEL (OUTROS );842,905
2014;ABR;REGIÃO SUDESTE;SÃO PAULO;ÓLEO DIESEL (OUTROS );1027
2014;MAI;REGIÃO SUDESTE;SÃO PAULO;ÓLEO DIESEL (OUTROS );636
2014;JUN;REGIÃO SUDESTE;SÃO PAULO;ÓLEO DIESEL (OUTROS );600
2014;JUL;REGIÃO SUDESTE;SÃO PAULO;ÓLEO DIESEL (OUTROS );608
2014;AGO;REGIÃO SUDESTE;SÃO PAULO;ÓLEO DIESEL (OUTROS );729,783
2014;SET;REGIÃO SUDESTE;SÃO PAULO;ÓLEO DIESEL (OUTROS );728
2014;OUT;REGIÃO SUDESTE;SÃO PAULO;ÓLEO DIESEL (OUTROS );973,044
2014;NOV;REGIÃO SUDESTE;SÃO PAULO;ÓLEO DIESEL (OUTROS );1012,19
2014;DEZ;REGIÃO SUDESTE;SÃO PAULO;ÓLEO DIESEL (OUTROS );1480,315
2014;JAN;REGIÃO SUL;PARANÁ;ÓLEO DIESEL (OUTROS );40
2014;FEV;REGIÃO SUL;PARANÁ;ÓLEO DIESEL (OUTROS );65
2014;MAR;REGIÃO SUL;PARANÁ;ÓLEO DIESEL (OUTROS );67,2
2014;ABR;REGIÃO SUL;PARANÁ;ÓLEO DIESEL (OUTROS );61,636
2014;MAI;REGIÃO SUL;PARANÁ;ÓLEO DIESEL (OUTROS );60
2014;JUN;REGIÃO SUL;PARANÁ;ÓLEO DIESEL (OUTROS );64,218
2014;JUL;REGIÃO SUL;PARANÁ;ÓLEO DIESEL (OUTROS );80,155
2014;AGO;REGIÃO SUL;PARANÁ;ÓLEO DIESEL (OUTROS );57,253
2014;SET;REGIÃO SUL;PARANÁ;ÓLEO DIESEL (OUTROS );85
2014;OUT;REGIÃO SUL;PARANÁ;ÓLEO DIESEL (OUTROS );82,43
2014;NOV;REGIÃO SUL;PARANÁ;ÓLEO DIESEL (OUTROS );63,468
2014;DEZ;REGIÃO SUL;PARANÁ;ÓLEO DIESEL (OUTROS );67,087
2014;JAN;REGIÃO SUL;SANTA CATARINA;ÓLEO DIESEL (OUTROS );50
2014;FEV;REGIÃO SUL;SANTA CATARINA;ÓLEO DIESEL (OUTROS );60
2014;MAR;REGIÃO SUL;SANTA CATARINA;ÓLEO DIESEL (OUTROS );50
2014;ABR;REGIÃO SUL;SANTA CATARINA;ÓLEO DIESEL (OUTROS );55
2014;MAI;REGIÃO SUL;SANTA CATARINA;ÓLEO DIESEL (OUTROS );45
2014;JUN;REGIÃO SUL;SANTA CATARINA;ÓLEO DIESEL (OUTROS );60
2014;JUL;REGIÃO SUL;SANTA CATARINA;ÓLEO DIESEL (OUTROS );50
2014;AGO;REGIÃO SUL;SANTA CATARINA;ÓLEO DIESEL (OUTROS );45
2014;SET;REGIÃO SUL;SANTA CATARINA;ÓLEO DIESEL (OUTROS );65
2014;OUT;REGIÃO SUL;SANTA CATARINA;ÓLEO DIESEL (OUTROS );55
2014;NOV;REGIÃO SUL;SANTA CATARINA;ÓLEO DIESEL (OUTROS );50
2014;DEZ;REGIÃO SUL;SANTA CATARINA;ÓLEO DIESEL (OUTROS );65
2014;JAN;REGIÃO SUL;RIO GRANDE DO SUL;ÓLEO DIESEL (OUTROS );539,206
2014;FEV;REGIÃO SUL;RIO GRANDE DO SUL;ÓLEO DIESEL (OUTROS );249,769
2014;MAR;REGIÃO SUL;RIO GRANDE DO SUL;ÓLEO DIESEL (OUTROS );326,412
2014;ABR;REGIÃO SUL;RIO GRANDE DO SUL;ÓLEO DIESEL (OUTROS );0
2014;MAI;REGIÃO SUL;RIO GRANDE DO SUL;ÓLEO DIESEL (OUTROS );162,44
2014;JUN;REGIÃO SUL;RIO GRANDE DO SUL;ÓLEO DIESEL (OUTROS );254,04
2014;JUL;REGIÃO SUL;RIO GRANDE DO SUL;ÓLEO DIESEL (OUTROS );0
2014;AGO;REGIÃO SUL;RIO GRANDE DO SUL;ÓLEO DIESEL (OUTROS );298,194
2014;SET;REGIÃO SUL;RIO GRANDE DO SUL;ÓLEO DIESEL (OUTROS );0
2014;OUT;REGIÃO SUL;RIO GRANDE DO SUL;ÓLEO DIESEL (OUTROS );0
2014;NOV;REGIÃO SUL;RIO GRANDE DO SUL;ÓLEO DIESEL (OUTROS );0
2014;DEZ;REGIÃO SUL;RIO GRANDE DO SUL;ÓLEO DIESEL (OUTROS );0
2014;JAN;REGIÃO CENTRO-OESTE;MATO GROSSO DO SUL;ÓLEO DIESEL (OUTROS );30
2014;FEV;REGIÃO CENTRO-OESTE;MATO GROSSO DO SUL;ÓLEO DIESEL (OUTROS );15
2014;MAR;REGIÃO CENTRO-OESTE;MATO GROSSO DO SUL;ÓLEO DIESEL (OUTROS );30
2014;ABR;REGIÃO CENTRO-OESTE;MATO GROSSO DO SUL;ÓLEO DIESEL (OUTROS );30
2014;MAI;REGIÃO CENTRO-OESTE;MATO GROSSO DO SUL;ÓLEO DIESEL (OUTROS );30
2014;JUN;REGIÃO CENTRO-OESTE;MATO GROSSO DO SUL;ÓLEO DIESEL (OUTROS );25
2014;JUL;REGIÃO CENTRO-OESTE;MATO GROSSO DO SUL;ÓLEO DIESEL (OUTROS );30
2014;AGO;REGIÃO CENTRO-OESTE;MATO GROSSO DO SUL;ÓLEO DIESEL (OUTROS );40
2014;SET;REGIÃO CENTRO-OESTE;MATO GROSSO DO SUL;ÓLEO DIESEL (OUTROS );25
2014;OUT;REGIÃO CENTRO-OESTE;MATO GROSSO DO SUL;ÓLEO DIESEL (OUTROS );30
2014;NOV;REGIÃO CENTRO-OESTE;MATO GROSSO DO SUL;ÓLEO DIESEL (OUTROS );20
2014;DEZ;REGIÃO CENTRO-OESTE;MATO GROSSO DO SUL;ÓLEO DIESEL (OUTROS );0
2014;JAN;REGIÃO CENTRO-OESTE;MATO GROSSO;ÓLEO DIESEL (OUTROS );0
2014;FEV;REGIÃO CENTRO-OESTE;MATO GROSSO;ÓLEO DIESEL (OUTROS );0
2014;MAR;REGIÃO CENTRO-OESTE;MATO GROSSO;ÓLEO DIESEL (OUTROS );0
2014;ABR;REGIÃO CENTRO-OESTE;MATO GROSSO;ÓLEO DIESEL (OUTROS );40
2014;MAI;REGIÃO CENTRO-OESTE;MATO GROSSO;ÓLEO DIESEL (OUTROS );62
2014;JUN;REGIÃO CENTRO-OESTE;MATO GROSSO;ÓLEO DIESEL (OUTROS );0
2014;JUL;REGIÃO CENTRO-OESTE;MATO GROSSO;ÓLEO DIESEL (OUTROS );0
2014;AGO;REGIÃO CENTRO-OESTE;MATO GROSSO;ÓLEO DIESEL (OUTROS );0
2014;SET;REGIÃO CENTRO-OESTE;MATO GROSSO;ÓLEO DIESEL (OUTROS );0
2014;OUT;REGIÃO CENTRO-OESTE;MATO GROSSO;ÓLEO DIESEL (OUTROS );0
2014;NOV;REGIÃO CENTRO-OESTE;MATO GROSSO;ÓLEO DIESEL (OUTROS );0
2014;DEZ;REGIÃO CENTRO-OESTE;MATO GROSSO;ÓLEO DIESEL (OUTROS );0
2014;JAN;REGIÃO CENTRO-OESTE;GOIÁS;ÓLEO DIESEL (OUTROS );0
2014;FEV;REGIÃO CENTRO-OESTE;GOIÁS;ÓLEO DIESEL (OUTROS );0
2014;MAR;REGIÃO CENTRO-OESTE;GOIÁS;ÓLEO DIESEL (OUTROS );0
2014;ABR;REGIÃO CENTRO-OESTE;GOIÁS;ÓLEO DIESEL (OUTROS );0
2014;MAI;REGIÃO CENTRO-OESTE;GOIÁS;ÓLEO DIESEL (OUTROS );0
2014;JUN;REGIÃO CENTRO-OESTE;GOIÁS;ÓLEO DIESEL (OUTROS );0
2014;JUL;REGIÃO CENTRO-OESTE;GOIÁS;ÓLEO DIESEL (OUTROS );0
2014;AGO;REGIÃO CENTRO-OESTE;GOIÁS;ÓLEO DIESEL (OUTROS );0
2014;SET;REGIÃO CENTRO-OESTE;GOIÁS;ÓLEO DIESEL (OUTROS );0
2014;OUT;REGIÃO CENTRO-OESTE;GOIÁS;ÓLEO DIESEL (OUTROS );0
2014;NOV;REGIÃO CENTRO-OESTE;GOIÁS;ÓLEO DIESEL (OUTROS );0,2
2014;DEZ;REGIÃO CENTRO-OESTE;GOIÁS;ÓLEO DIESEL (OUTROS );0
2014;JAN;REGIÃO CENTRO-OESTE;DISTRITO FEDERAL;ÓLEO DIESEL (OUTROS );0
2014;FEV;REGIÃO CENTRO-OESTE;DISTRITO FEDERAL;ÓLEO DIESEL (OUTROS );0
2014;MAR;REGIÃO CENTRO-OESTE;DISTRITO FEDERAL;ÓLEO DIESEL (OUTROS );0
2014;ABR;REGIÃO CENTRO-OESTE;DISTRITO FEDERAL;ÓLEO DIESEL (OUTROS );0
2014;MAI;REGIÃO CENTRO-OESTE;DISTRITO FEDERAL;ÓLEO DIESEL (OUTROS );0
2014;JUN;REGIÃO CENTRO-OESTE;DISTRITO FEDERAL;ÓLEO DIESEL (OUTROS );0
2014;JUL;REGIÃO CENTRO-OESTE;DISTRITO FEDERAL;ÓLEO DIESEL (OUTROS );0
2014;AGO;REGIÃO CENTRO-OESTE;DISTRITO FEDERAL;ÓLEO DIESEL (OUTROS );0
2014;SET;REGIÃO CENTRO-OESTE;DISTRITO FEDERAL;ÓLEO DIESEL (OUTROS );0
2014;OUT;REGIÃO CENTRO-OESTE;DISTRITO FEDERAL;ÓLEO DIESEL (OUTROS );0
2014;NOV;REGIÃO CENTRO-OESTE;DISTRITO FEDERAL;ÓLEO DIESEL (OUTROS );0
2014;DEZ;REGIÃO CENTRO-OESTE;DISTRITO FEDERAL;ÓLEO DIESEL (OUTROS );0
2015;JAN;REGIÃO NORTE;RONDÔNIA;ÓLEO DIESEL S-10;11870,6
2015;FEV;REGIÃO NORTE;RONDÔNIA;ÓLEO DIESEL S-10;10348,1
2015;MAR;REGIÃO NORTE;RONDÔNIA;ÓLEO DIESEL S-10;12499,3
2015;ABR;REGIÃO NORTE;RONDÔNIA;ÓLEO DIESEL S-10;12495,8
2015;MAI;REGIÃO NORTE;RONDÔNIA;ÓLEO DIESEL S-10;12927,6
2015;JUN;REGIÃO NORTE;RONDÔNIA;ÓLEO DIESEL S-10;14027,8
2015;JUL;REGIÃO NORTE;RONDÔNIA;ÓLEO DIESEL S-10;15961,7
2015;AGO;REGIÃO NORTE;RONDÔNIA;ÓLEO DIESEL S-10;15209,6
2015;SET;REGIÃO NORTE;RONDÔNIA;ÓLEO DIESEL S-10;15306,1
2015;OUT;REGIÃO NORTE;RONDÔNIA;ÓLEO DIESEL S-10;16449,25
2015;NOV;REGIÃO NORTE;RONDÔNIA;ÓLEO DIESEL S-10;14434,3
2015;DEZ;REGIÃO NORTE;RONDÔNIA;ÓLEO DIESEL S-10;14506,5
2015;JAN;REGIÃO NORTE;ACRE;ÓLEO DIESEL S-10;2299
2015;FEV;REGIÃO NORTE;ACRE;ÓLEO DIESEL S-10;1917
2015;MAR;REGIÃO NORTE;ACRE;ÓLEO DIESEL S-10;2366
2015;ABR;REGIÃO NORTE;ACRE;ÓLEO DIESEL S-10;2504
2015;MAI;REGIÃO NORTE;ACRE;ÓLEO DIESEL S-10;2584
2015;JUN;REGIÃO NORTE;ACRE;ÓLEO DIESEL S-10;3266
2015;JUL;REGIÃO NORTE;ACRE;ÓLEO DIESEL S-10;3535
2015;AGO;REGIÃO NORTE;ACRE;ÓLEO DIESEL S-10;3730
2015;SET;REGIÃO NORTE;ACRE;ÓLEO DIESEL S-10;3651
2015;OUT;REGIÃO NORTE;ACRE;ÓLEO DIESEL S-10;3625
2015;NOV;REGIÃO NORTE;ACRE;ÓLEO DIESEL S-10;2869
2015;DEZ;REGIÃO NORTE;ACRE;ÓLEO DIESEL S-10;3050,5
2015;JAN;REGIÃO NORTE;AMAZONAS;ÓLEO DIESEL S-10;8884,494
2015;FEV;REGIÃO NORTE;AMAZONAS;ÓLEO DIESEL S-10;7906,926
2015;MAR;REGIÃO NORTE;AMAZONAS;ÓLEO DIESEL S-10;9215,479
2015;ABR;REGIÃO NORTE;AMAZONAS;ÓLEO DIESEL S-10;8745,38
2015;MAI;REGIÃO NORTE;AMAZONAS;ÓLEO DIESEL S-10;8719,116
2015;JUN;REGIÃO NORTE;AMAZONAS;ÓLEO DIESEL S-10;9318,687
2015;JUL;REGIÃO NORTE;AMAZONAS;ÓLEO DIESEL S-10;10130,259
2015;AGO;REGIÃO NORTE;AMAZONAS;ÓLEO DIESEL S-10;10704,132
2015;SET;REGIÃO NORTE;AMAZONAS;ÓLEO DIESEL S-10;10736,241
2015;OUT;REGIÃO NORTE;AMAZONAS;ÓLEO DIESEL S-10;10759,485
2015;NOV;REGIÃO NORTE;AMAZONAS;ÓLEO DIESEL S-10;9501,315
2015;DEZ;REGIÃO NORTE;AMAZONAS;ÓLEO DIESEL S-10;9544,962
2015;JAN;REGIÃO NORTE;RORAIMA;ÓLEO DIESEL S-10;2177,3
2015;FEV;REGIÃO NORTE;RORAIMA;ÓLEO DIESEL S-10;1951,6
2015;MAR;REGIÃO NORTE;RORAIMA;ÓLEO DIESEL S-10;2583,9
2015;ABR;REGIÃO NORTE;RORAIMA;ÓLEO DIESEL S-10;2271,1
2015;MAI;REGIÃO NORTE;RORAIMA;ÓLEO DIESEL S-10;2094,9
2015;JUN;REGIÃO NORTE;RORAIMA;ÓLEO DIESEL S-10;2064
2015;JUL;REGIÃO NORTE;RORAIMA;ÓLEO DIESEL S-10;2049,2
2015;AGO;REGIÃO NORTE;RORAIMA;ÓLEO DIESEL S-10;2021,4
2015;SET;REGIÃO NORTE;RORAIMA;ÓLEO DIESEL S-10;2487
2015;OUT;REGIÃO NORTE;RORAIMA;ÓLEO DIESEL S-10;2528
2015;NOV;REGIÃO NORTE;RORAIMA;ÓLEO DIESEL S-10;2334
2015;DEZ;REGIÃO NORTE;RORAIMA;ÓLEO DIESEL S-10;2432
2015;JAN;REGIÃO NORTE;PARÁ;ÓLEO DIESEL S-10;60413,3
2015;FEV;REGIÃO NORTE;PARÁ;ÓLEO DIESEL S-10;50942,356
2015;MAR;REGIÃO NORTE;PARÁ;ÓLEO DIESEL S-10;57209,046
2015;ABR;REGIÃO NORTE;PARÁ;ÓLEO DIESEL S-10;57920,296
2015;MAI;REGIÃO NORTE;PARÁ;ÓLEO DIESEL S-10;58993,339
2015;JUN;REGIÃO NORTE;PARÁ;ÓLEO DIESEL S-10;65974,211
2015;JUL;REGIÃO NORTE;PARÁ;ÓLEO DIESEL S-10;69987,945
2015;AGO;REGIÃO NORTE;PARÁ;ÓLEO DIESEL S-10;68290,432
2015;SET;REGIÃO NORTE;PARÁ;ÓLEO DIESEL S-10;70545,404
2015;OUT;REGIÃO NORTE;PARÁ;ÓLEO DIESEL S-10;72546,935
2015;NOV;REGIÃO NORTE;PARÁ;ÓLEO DIESEL S-10;66206,468
2015;DEZ;REGIÃO NORTE;PARÁ;ÓLEO DIESEL S-10;68228,665
2015;JAN;REGIÃO NORTE;AMAPÁ;ÓLEO DIESEL S-10;1018,5
2015;FEV;REGIÃO NORTE;AMAPÁ;ÓLEO DIESEL S-10;857
2015;MAR;REGIÃO NORTE;AMAPÁ;ÓLEO DIESEL S-10;927,5
2015;ABR;REGIÃO NORTE;AMAPÁ;ÓLEO DIESEL S-10;950
2015;MAI;REGIÃO NORTE;AMAPÁ;ÓLEO DIESEL S-10;912
2015;JUN;REGIÃO NORTE;AMAPÁ;ÓLEO DIESEL S-10;925,783
2015;JUL;REGIÃO NORTE;AMAPÁ;ÓLEO DIESEL S-10;1117,5
2015;AGO;REGIÃO NORTE;AMAPÁ;ÓLEO DIESEL S-10;1261,5
2015;SET;REGIÃO NORTE;AMAPÁ;ÓLEO DIESEL S-10;1253,5
2015;OUT;REGIÃO NORTE;AMAPÁ;ÓLEO DIESEL S-10;1428,5
2015;NOV;REGIÃO NORTE;AMAPÁ;ÓLEO DIESEL S-10;1180
2015;DEZ;REGIÃO NORTE;AMAPÁ;ÓLEO DIESEL S-10;1337,5
2015;JAN;REGIÃO NORTE;TOCANTINS;ÓLEO DIESEL S-10;19451,9
2015;FEV;REGIÃO NORTE;TOCANTINS;ÓLEO DIESEL S-10;17353,15
2015;MAR;REGIÃO NORTE;TOCANTINS;ÓLEO DIESEL S-10;22366,45
2015;ABR;REGIÃO NORTE;TOCANTINS;ÓLEO DIESEL S-10;21647
2015;MAI;REGIÃO NORTE;TOCANTINS;ÓLEO DIESEL S-10;20626,65
2015;JUN;REGIÃO NORTE;TOCANTINS;ÓLEO DIESEL S-10;21804,6
2015;JUL;REGIÃO NORTE;TOCANTINS;ÓLEO DIESEL S-10;23254,2
2015;AGO;REGIÃO NORTE;TOCANTINS;ÓLEO DIESEL S-10;22217,5
2015;SET;REGIÃO NORTE;TOCANTINS;ÓLEO DIESEL S-10;22380,2
2015;OUT;REGIÃO NORTE;TOCANTINS;ÓLEO DIESEL S-10;24056,6
2015;NOV;REGIÃO NORTE;TOCANTINS;ÓLEO DIESEL S-10;21813,3
2015;DEZ;REGIÃO NORTE;TOCANTINS;ÓLEO DIESEL S-10;22200,797
2015;JAN;REGIÃO NORDESTE;MARANHÃO;ÓLEO DIESEL S-10;30787,845
2015;FEV;REGIÃO NORDESTE;MARANHÃO;ÓLEO DIESEL S-10;25102,2
2015;MAR;REGIÃO NORDESTE;MARANHÃO;ÓLEO DIESEL S-10;29240,5
2015;ABR;REGIÃO NORDESTE;MARANHÃO;ÓLEO DIESEL S-10;31160,7
2015;MAI;REGIÃO NORDESTE;MARANHÃO;ÓLEO DIESEL S-10;31293,2
2015;JUN;REGIÃO NORDESTE;MARANHÃO;ÓLEO DIESEL S-10;33469,9
2015;JUL;REGIÃO NORDESTE;MARANHÃO;ÓLEO DIESEL S-10;37206,7
2015;AGO;REGIÃO NORDESTE;MARANHÃO;ÓLEO DIESEL S-10;36615,9
2015;SET;REGIÃO NORDESTE;MARANHÃO;ÓLEO DIESEL S-10;37213,6
2015;OUT;REGIÃO NORDESTE;MARANHÃO;ÓLEO DIESEL S-10;38714,3
2015;NOV;REGIÃO NORDESTE;MARANHÃO;ÓLEO DIESEL S-10;35104,22
2015;DEZ;REGIÃO NORDESTE;MARANHÃO;ÓLEO DIESEL S-10;36931,7
2015;JAN;REGIÃO NORDESTE;PIAUÍ;ÓLEO DIESEL S-10;16448,5
2015;FEV;REGIÃO NORDESTE;PIAUÍ;ÓLEO DIESEL S-10;13086
2015;MAR;REGIÃO NORDESTE;PIAUÍ;ÓLEO DIESEL S-10;15526,5
2015;ABR;REGIÃO NORDESTE;PIAUÍ;ÓLEO DIESEL S-10;16452
2015;MAI;REGIÃO NORDESTE;PIAUÍ;ÓLEO DIESEL S-10;16858,5
2015;JUN;REGIÃO NORDESTE;PIAUÍ;ÓLEO DIESEL S-10;17442
2015;JUL;REGIÃO NORDESTE;PIAUÍ;ÓLEO DIESEL S-10;19018,3
2015;AGO;REGIÃO NORDESTE;PIAUÍ;ÓLEO DIESEL S-10;17481
2015;SET;REGIÃO NORDESTE;PIAUÍ;ÓLEO DIESEL S-10;16975,42
2015;OUT;REGIÃO NORDESTE;PIAUÍ;ÓLEO DIESEL S-10;17712
2015;NOV;REGIÃO NORDESTE;PIAUÍ;ÓLEO DIESEL S-10;16436,5
2015;DEZ;REGIÃO NORDESTE;PIAUÍ;ÓLEO DIESEL S-10;17548,5
2015;JAN;REGIÃO NORDESTE;CEARÁ;ÓLEO DIESEL S-10;59980,221
2015;FEV;REGIÃO NORDESTE;CEARÁ;ÓLEO DIESEL S-10;48890,011
2015;MAR;REGIÃO NORDESTE;CEARÁ;ÓLEO DIESEL S-10;54581,168
2015;ABR;REGIÃO NORDESTE;CEARÁ;ÓLEO DIESEL S-10;52404,029
2015;MAI;REGIÃO NORDESTE;CEARÁ;ÓLEO DIESEL S-10;54711,723
2015;JUN;REGIÃO NORDESTE;CEARÁ;ÓLEO DIESEL S-10;57288,44
2015;JUL;REGIÃO NORDESTE;CEARÁ;ÓLEO DIESEL S-10;61183,03
2015;AGO;REGIÃO NORDESTE;CEARÁ;ÓLEO DIESEL S-10;58961,423
2015;SET;REGIÃO NORDESTE;CEARÁ;ÓLEO DIESEL S-10;60625,224
2015;OUT;REGIÃO NORDESTE;CEARÁ;ÓLEO DIESEL S-10;62086,738
2015;NOV;REGIÃO NORDESTE;CEARÁ;ÓLEO DIESEL S-10;57284,504
2015;DEZ;REGIÃO NORDESTE;CEARÁ;ÓLEO DIESEL S-10;59454,294
2015;JAN;REGIÃO NORDESTE;RIO GRANDE DO NORTE;ÓLEO DIESEL S-10;8983,5
2015;FEV;REGIÃO NORDESTE;RIO GRANDE DO NORTE;ÓLEO DIESEL S-10;7516,5
2015;MAR;REGIÃO NORDESTE;RIO GRANDE DO NORTE;ÓLEO DIESEL S-10;8577
2015;ABR;REGIÃO NORDESTE;RIO GRANDE DO NORTE;ÓLEO DIESEL S-10;8555
2015;MAI;REGIÃO NORDESTE;RIO GRANDE DO NORTE;ÓLEO DIESEL S-10;8495
2015;JUN;REGIÃO NORDESTE;RIO GRANDE DO NORTE;ÓLEO DIESEL S-10;8785
2015;JUL;REGIÃO NORDESTE;RIO GRANDE DO NORTE;ÓLEO DIESEL S-10;9381,5
2015;AGO;REGIÃO NORDESTE;RIO GRANDE DO NORTE;ÓLEO DIESEL S-10;8715,5
2015;SET;REGIÃO NORDESTE;RIO GRANDE DO NORTE;ÓLEO DIESEL S-10;9251,5
2015;OUT;REGIÃO NORDESTE;RIO GRANDE DO NORTE;ÓLEO DIESEL S-10;9674
2015;NOV;REGIÃO NORDESTE;RIO GRANDE DO NORTE;ÓLEO DIESEL S-10;8994,5
2015;DEZ;REGIÃO NORDESTE;RIO GRANDE DO NORTE;ÓLEO DIESEL S-10;9920
2015;JAN;REGIÃO NORDESTE;PARAÍBA;ÓLEO DIESEL S-10;13244,47
2015;FEV;REGIÃO NORDESTE;PARAÍBA;ÓLEO DIESEL S-10;11526,66
2015;MAR;REGIÃO NORDESTE;PARAÍBA;ÓLEO DIESEL S-10;13216,96
2015;ABR;REGIÃO NORDESTE;PARAÍBA;ÓLEO DIESEL S-10;12870,43
2015;MAI;REGIÃO NORDESTE;PARAÍBA;ÓLEO DIESEL S-10;12635,94
2015;JUN;REGIÃO NORDESTE;PARAÍBA;ÓLEO DIESEL S-10;12715,44
2015;JUL;REGIÃO NORDESTE;PARAÍBA;ÓLEO DIESEL S-10;13255,96
2015;AGO;REGIÃO NORDESTE;PARAÍBA;ÓLEO DIESEL S-10;13078,96
2015;SET;REGIÃO NORDESTE;PARAÍBA;ÓLEO DIESEL S-10;13600,561
2015;OUT;REGIÃO NORDESTE;PARAÍBA;ÓLEO DIESEL S-10;14227,46
2015;NOV;REGIÃO NORDESTE;PARAÍBA;ÓLEO DIESEL S-10;13366,49
2015;DEZ;REGIÃO NORDESTE;PARAÍBA;ÓLEO DIESEL S-10;13921,48
2015;JAN;REGIÃO NORDESTE;PERNAMBUCO;ÓLEO DIESEL S-10;69180,154
2015;FEV;REGIÃO NORDESTE;PERNAMBUCO;ÓLEO DIESEL S-10;58944,355
2015;MAR;REGIÃO NORDESTE;PERNAMBUCO;ÓLEO DIESEL S-10;67298,1
2015;ABR;REGIÃO NORDESTE;PERNAMBUCO;ÓLEO DIESEL S-10;63217,476
2015;MAI;REGIÃO NORDESTE;PERNAMBUCO;ÓLEO DIESEL S-10;63228,93
2015;JUN;REGIÃO NORDESTE;PERNAMBUCO;ÓLEO DIESEL S-10;62814,871
2015;JUL;REGIÃO NORDESTE;PERNAMBUCO;ÓLEO DIESEL S-10;64204,055
2015;AGO;REGIÃO NORDESTE;PERNAMBUCO;ÓLEO DIESEL S-10;63904,85
2015;SET;REGIÃO NORDESTE;PERNAMBUCO;ÓLEO DIESEL S-10;67455,1
2015;OUT;REGIÃO NORDESTE;PERNAMBUCO;ÓLEO DIESEL S-10;71439,678
2015;NOV;REGIÃO NORDESTE;PERNAMBUCO;ÓLEO DIESEL S-10;65433,712
2015;DEZ;REGIÃO NORDESTE;PERNAMBUCO;ÓLEO DIESEL S-10;69437,067
2015;JAN;REGIÃO NORDESTE;ALAGOAS;ÓLEO DIESEL S-10;12666,989
2015;FEV;REGIÃO NORDESTE;ALAGOAS;ÓLEO DIESEL S-10;10108,5
2015;MAR;REGIÃO NORDESTE;ALAGOAS;ÓLEO DIESEL S-10;12299
2015;ABR;REGIÃO NORDESTE;ALAGOAS;ÓLEO DIESEL S-10;11395
2015;MAI;REGIÃO NORDESTE;ALAGOAS;ÓLEO DIESEL S-10;10042,726
2015;JUN;REGIÃO NORDESTE;ALAGOAS;ÓLEO DIESEL S-10;9513
2015;JUL;REGIÃO NORDESTE;ALAGOAS;ÓLEO DIESEL S-10;10210,261
2015;AGO;REGIÃO NORDESTE;ALAGOAS;ÓLEO DIESEL S-10;9967,5
2015;SET;REGIÃO NORDESTE;ALAGOAS;ÓLEO DIESEL S-10;10479,183
2015;OUT;REGIÃO NORDESTE;ALAGOAS;ÓLEO DIESEL S-10;12231
2015;NOV;REGIÃO NORDESTE;ALAGOAS;ÓLEO DIESEL S-10;11720
2015;DEZ;REGIÃO NORDESTE;ALAGOAS;ÓLEO DIESEL S-10;13222,5
2015;JAN;REGIÃO NORDESTE;SERGIPE;ÓLEO DIESEL S-10;12536,8
2015;FEV;REGIÃO NORDESTE;SERGIPE;ÓLEO DIESEL S-10;10528,404
2015;MAR;REGIÃO NORDESTE;SERGIPE;ÓLEO DIESEL S-10;12768,7
2015;ABR;REGIÃO NORDESTE;SERGIPE;ÓLEO DIESEL S-10;11953,016
2015;MAI;REGIÃO NORDESTE;SERGIPE;ÓLEO DIESEL S-10;11775,79
2015;JUN;REGIÃO NORDESTE;SERGIPE;ÓLEO DIESEL S-10;11492,9
2015;JUL;REGIÃO NORDESTE;SERGIPE;ÓLEO DIESEL S-10;11826,8
2015;AGO;REGIÃO NORDESTE;SERGIPE;ÓLEO DIESEL S-10;11376,429
2015;SET;REGIÃO NORDESTE;SERGIPE;ÓLEO DIESEL S-10;12430,4
2015;OUT;REGIÃO NORDESTE;SERGIPE;ÓLEO DIESEL S-10;13382,48
2015;NOV;REGIÃO NORDESTE;SERGIPE;ÓLEO DIESEL S-10;11987,1
2015;DEZ;REGIÃO NORDESTE;SERGIPE;ÓLEO DIESEL S-10;12894,6
2015;JAN;REGIÃO NORDESTE;BAHIA;ÓLEO DIESEL S-10;76403,699
2015;FEV;REGIÃO NORDESTE;BAHIA;ÓLEO DIESEL S-10;61796,598
2015;MAR;REGIÃO NORDESTE;BAHIA;ÓLEO DIESEL S-10;76851,014
2015;ABR;REGIÃO NORDESTE;BAHIA;ÓLEO DIESEL S-10;76813,463
2015;MAI;REGIÃO NORDESTE;BAHIA;ÓLEO DIESEL S-10;74243,386
2015;JUN;REGIÃO NORDESTE;BAHIA;ÓLEO DIESEL S-10;74737,744
2015;JUL;REGIÃO NORDESTE;BAHIA;ÓLEO DIESEL S-10;80986,635
2015;AGO;REGIÃO NORDESTE;BAHIA;ÓLEO DIESEL S-10;80225,945
2015;SET;REGIÃO NORDESTE;BAHIA;ÓLEO DIESEL S-10;81622,043
2015;OUT;REGIÃO NORDESTE;BAHIA;ÓLEO DIESEL S-10;82666,608
2015;NOV;REGIÃO NORDESTE;BAHIA;ÓLEO DIESEL S-10;77747,424
2015;DEZ;REGIÃO NORDESTE;BAHIA;ÓLEO DIESEL S-10;80863,325
2015;JAN;REGIÃO SUDESTE;MINAS GERAIS;ÓLEO DIESEL S-10;131650,376
2015;FEV;REGIÃO SUDESTE;MINAS GERAIS;ÓLEO DIESEL S-10;113045,725
2015;MAR;REGIÃO SUDESTE;MINAS GERAIS;ÓLEO DIESEL S-10;134750,469
2015;ABR;REGIÃO SUDESTE;MINAS GERAIS;ÓLEO DIESEL S-10;134166,6
2015;MAI;REGIÃO SUDESTE;MINAS GERAIS;ÓLEO DIESEL S-10;136406,311
2015;JUN;REGIÃO SUDESTE;MINAS GERAIS;ÓLEO DIESEL S-10;142566,762
2015;JUL;REGIÃO SUDESTE;MINAS GERAIS;ÓLEO DIESEL S-10;152713,661
2015;AGO;REGIÃO SUDESTE;MINAS GERAIS;ÓLEO DIESEL S-10;147039,489
2015;SET;REGIÃO SUDESTE;MINAS GERAIS;ÓLEO DIESEL S-10;150228,453
2015;OUT;REGIÃO SUDESTE;MINAS GERAIS;ÓLEO DIESEL S-10;156692,06
2015;NOV;REGIÃO SUDESTE;MINAS GERAIS;ÓLEO DIESEL S-10;139432,835
2015;DEZ;REGIÃO SUDESTE;MINAS GERAIS;ÓLEO DIESEL S-10;142819,672
2015;JAN;REGIÃO SUDESTE;ESPÍRITO SANTO;ÓLEO DIESEL S-10;26423
2015;FEV;REGIÃO SUDESTE;ESPÍRITO SANTO;ÓLEO DIESEL S-10;22716,5
2015;MAR;REGIÃO SUDESTE;ESPÍRITO SANTO;ÓLEO DIESEL S-10;26673,5
2015;ABR;REGIÃO SUDESTE;ESPÍRITO SANTO;ÓLEO DIESEL S-10;25321,6
2015;MAI;REGIÃO SUDESTE;ESPÍRITO SANTO;ÓLEO DIESEL S-10;25499,5
2015;JUN;REGIÃO SUDESTE;ESPÍRITO SANTO;ÓLEO DIESEL S-10;27196,375
2015;JUL;REGIÃO SUDESTE;ESPÍRITO SANTO;ÓLEO DIESEL S-10;27978
2015;AGO;REGIÃO SUDESTE;ESPÍRITO SANTO;ÓLEO DIESEL S-10;26590,5
2015;SET;REGIÃO SUDESTE;ESPÍRITO SANTO;ÓLEO DIESEL S-10;28036,5
2015;OUT;REGIÃO SUDESTE;ESPÍRITO SANTO;ÓLEO DIESEL S-10;29197
2015;NOV;REGIÃO SUDESTE;ESPÍRITO SANTO;ÓLEO DIESEL S-10;26402
2015;DEZ;REGIÃO SUDESTE;ESPÍRITO SANTO;ÓLEO DIESEL S-10;27764
2015;JAN;REGIÃO SUDESTE;RIO DE JANEIRO;ÓLEO DIESEL S-10;117241,112
2015;FEV;REGIÃO SUDESTE;RIO DE JANEIRO;ÓLEO DIESEL S-10;101419,389
2015;MAR;REGIÃO SUDESTE;RIO DE JANEIRO;ÓLEO DIESEL S-10;118139,159
2015;ABR;REGIÃO SUDESTE;RIO DE JANEIRO;ÓLEO DIESEL S-10;112462,751
2015;MAI;REGIÃO SUDESTE;RIO DE JANEIRO;ÓLEO DIESEL S-10;113385,699
2015;JUN;REGIÃO SUDESTE;RIO DE JANEIRO;ÓLEO DIESEL S-10;116519,973
2015;JUL;REGIÃO SUDESTE;RIO DE JANEIRO;ÓLEO DIESEL S-10;122091,524
2015;AGO;REGIÃO SUDESTE;RIO DE JANEIRO;ÓLEO DIESEL S-10;119739,866
2015;SET;REGIÃO SUDESTE;RIO DE JANEIRO;ÓLEO DIESEL S-10;120655,975
2015;OUT;REGIÃO SUDESTE;RIO DE JANEIRO;ÓLEO DIESEL S-10;125835,841
2015;NOV;REGIÃO SUDESTE;RIO DE JANEIRO;ÓLEO DIESEL S-10;114092,603
2015;DEZ;REGIÃO SUDESTE;RIO DE JANEIRO;ÓLEO DIESEL S-10;123910,593
2015;JAN;REGIÃO SUDESTE;SÃO PAULO;ÓLEO DIESEL S-10;311611,408
2015;FEV;REGIÃO SUDESTE;SÃO PAULO;ÓLEO DIESEL S-10;278208,864
2015;MAR;REGIÃO SUDESTE;SÃO PAULO;ÓLEO DIESEL S-10;330998,828
2015;ABR;REGIÃO SUDESTE;SÃO PAULO;ÓLEO DIESEL S-10;329530,475
2015;MAI;REGIÃO SUDESTE;SÃO PAULO;ÓLEO DIESEL S-10;335650,198
2015;JUN;REGIÃO SUDESTE;SÃO PAULO;ÓLEO DIESEL S-10;345345,603
2015;JUL;REGIÃO SUDESTE;SÃO PAULO;ÓLEO DIESEL S-10;348320,116
2015;AGO;REGIÃO SUDESTE;SÃO PAULO;ÓLEO DIESEL S-10;353999,995
2015;SET;REGIÃO SUDESTE;SÃO PAULO;ÓLEO DIESEL S-10;353981,833
2015;OUT;REGIÃO SUDESTE;SÃO PAULO;ÓLEO DIESEL S-10;375389,017
2015;NOV;REGIÃO SUDESTE;SÃO PAULO;ÓLEO DIESEL S-10;326742,237
2015;DEZ;REGIÃO SUDESTE;SÃO PAULO;ÓLEO DIESEL S-10;333511,209
2015;JAN;REGIÃO SUL;PARANÁ;ÓLEO DIESEL S-10;97339,651
2015;FEV;REGIÃO SUL;PARANÁ;ÓLEO DIESEL S-10;79039,63
2015;MAR;REGIÃO SUL;PARANÁ;ÓLEO DIESEL S-10;105368,171
2015;ABR;REGIÃO SUL;PARANÁ;ÓLEO DIESEL S-10;97256,668
2015;MAI;REGIÃO SUL;PARANÁ;ÓLEO DIESEL S-10;96641,163
2015;JUN;REGIÃO SUL;PARANÁ;ÓLEO DIESEL S-10;101151,307
2015;JUL;REGIÃO SUL;PARANÁ;ÓLEO DIESEL S-10;101083,341
2015;AGO;REGIÃO SUL;PARANÁ;ÓLEO DIESEL S-10;106464,19
2015;SET;REGIÃO SUL;PARANÁ;ÓLEO DIESEL S-10;106952,118
2015;OUT;REGIÃO SUL;PARANÁ;ÓLEO DIESEL S-10;112407,538
2015;NOV;REGIÃO SUL;PARANÁ;ÓLEO DIESEL S-10;99891,125
2015;DEZ;REGIÃO SUL;PARANÁ;ÓLEO DIESEL S-10;101751,471
2015;JAN;REGIÃO SUL;SANTA CATARINA;ÓLEO DIESEL S-10;57388,306
2015;FEV;REGIÃO SUL;SANTA CATARINA;ÓLEO DIESEL S-10;48348,131
2015;MAR;REGIÃO SUL;SANTA CATARINA;ÓLEO DIESEL S-10;60900,998
2015;ABR;REGIÃO SUL;SANTA CATARINA;ÓLEO DIESEL S-10;56328,933
2015;MAI;REGIÃO SUL;SANTA CATARINA;ÓLEO DIESEL S-10;53040,129
2015;JUN;REGIÃO SUL;SANTA CATARINA;ÓLEO DIESEL S-10;56328,85
2015;JUL;REGIÃO SUL;SANTA CATARINA;ÓLEO DIESEL S-10;55460,204
2015;AGO;REGIÃO SUL;SANTA CATARINA;ÓLEO DIESEL S-10;58469,93
2015;SET;REGIÃO SUL;SANTA CATARINA;ÓLEO DIESEL S-10;55507,827
2015;OUT;REGIÃO SUL;SANTA CATARINA;ÓLEO DIESEL S-10;56600,4
2015;NOV;REGIÃO SUL;SANTA CATARINA;ÓLEO DIESEL S-10;55085,784
2015;DEZ;REGIÃO SUL;SANTA CATARINA;ÓLEO DIESEL S-10;57314,059
2015;JAN;REGIÃO SUL;RIO GRANDE DO SUL;ÓLEO DIESEL S-10;60891,09
2015;FEV;REGIÃO SUL;RIO GRANDE DO SUL;ÓLEO DIESEL S-10;47715,656
2015;MAR;REGIÃO SUL;RIO GRANDE DO SUL;ÓLEO DIESEL S-10;67260,186
2015;ABR;REGIÃO SUL;RIO GRANDE DO SUL;ÓLEO DIESEL S-10;62044,15
2015;MAI;REGIÃO SUL;RIO GRANDE DO SUL;ÓLEO DIESEL S-10;59061,162
2015;JUN;REGIÃO SUL;RIO GRANDE DO SUL;ÓLEO DIESEL S-10;61936,556
2015;JUL;REGIÃO SUL;RIO GRANDE DO SUL;ÓLEO DIESEL S-10;61386,93
2015;AGO;REGIÃO SUL;RIO GRANDE DO SUL;ÓLEO DIESEL S-10;63562,92
2015;SET;REGIÃO SUL;RIO GRANDE DO SUL;ÓLEO DIESEL S-10;62950,313
2015;OUT;REGIÃO SUL;RIO GRANDE DO SUL;ÓLEO DIESEL S-10;67351,362
2015;NOV;REGIÃO SUL;RIO GRANDE DO SUL;ÓLEO DIESEL S-10;62543,188
2015;DEZ;REGIÃO SUL;RIO GRANDE DO SUL;ÓLEO DIESEL S-10;68254,505
2015;JAN;REGIÃO CENTRO-OESTE;MATO GROSSO DO SUL;ÓLEO DIESEL S-10;30903,05
2015;FEV;REGIÃO CENTRO-OESTE;MATO GROSSO DO SUL;ÓLEO DIESEL S-10;27201,95
2015;MAR;REGIÃO CENTRO-OESTE;MATO GROSSO DO SUL;ÓLEO DIESEL S-10;31806,4
2015;ABR;REGIÃO CENTRO-OESTE;MATO GROSSO DO SUL;ÓLEO DIESEL S-10;29923,127
2015;MAI;REGIÃO CENTRO-OESTE;MATO GROSSO DO SUL;ÓLEO DIESEL S-10;29407,3
2015;JUN;REGIÃO CENTRO-OESTE;MATO GROSSO DO SUL;ÓLEO DIESEL S-10;31418,25
2015;JUL;REGIÃO CENTRO-OESTE;MATO GROSSO DO SUL;ÓLEO DIESEL S-10;36867
2015;AGO;REGIÃO CENTRO-OESTE;MATO GROSSO DO SUL;ÓLEO DIESEL S-10;40864,7
2015;SET;REGIÃO CENTRO-OESTE;MATO GROSSO DO SUL;ÓLEO DIESEL S-10;36360,306
2015;OUT;REGIÃO CENTRO-OESTE;MATO GROSSO DO SUL;ÓLEO DIESEL S-10;39530,45
2015;NOV;REGIÃO CENTRO-OESTE;MATO GROSSO DO SUL;ÓLEO DIESEL S-10;29336,788
2015;DEZ;REGIÃO CENTRO-OESTE;MATO GROSSO DO SUL;ÓLEO DIESEL S-10;32149,5
2015;JAN;REGIÃO CENTRO-OESTE;MATO GROSSO;ÓLEO DIESEL S-10;35247,647
2015;FEV;REGIÃO CENTRO-OESTE;MATO GROSSO;ÓLEO DIESEL S-10;28703,351
2015;MAR;REGIÃO CENTRO-OESTE;MATO GROSSO;ÓLEO DIESEL S-10;38218,44
2015;ABR;REGIÃO CENTRO-OESTE;MATO GROSSO;ÓLEO DIESEL S-10;32637,46
2015;MAI;REGIÃO CENTRO-OESTE;MATO GROSSO;ÓLEO DIESEL S-10;32228,4
2015;JUN;REGIÃO CENTRO-OESTE;MATO GROSSO;ÓLEO DIESEL S-10;36999,2
2015;JUL;REGIÃO CENTRO-OESTE;MATO GROSSO;ÓLEO DIESEL S-10;40302,435
2015;AGO;REGIÃO CENTRO-OESTE;MATO GROSSO;ÓLEO DIESEL S-10;37623,527
2015;SET;REGIÃO CENTRO-OESTE;MATO GROSSO;ÓLEO DIESEL S-10;39012,02
2015;OUT;REGIÃO CENTRO-OESTE;MATO GROSSO;ÓLEO DIESEL S-10;40986,985
2015;NOV;REGIÃO CENTRO-OESTE;MATO GROSSO;ÓLEO DIESEL S-10;35764,369
2015;DEZ;REGIÃO CENTRO-OESTE;MATO GROSSO;ÓLEO DIESEL S-10;35127,1
2015;JAN;REGIÃO CENTRO-OESTE;GOIÁS;ÓLEO DIESEL S-10;43756,7
2015;FEV;REGIÃO CENTRO-OESTE;GOIÁS;ÓLEO DIESEL S-10;41791,45
2015;MAR;REGIÃO CENTRO-OESTE;GOIÁS;ÓLEO DIESEL S-10;45687,27
2015;ABR;REGIÃO CENTRO-OESTE;GOIÁS;ÓLEO DIESEL S-10;47626,51
2015;MAI;REGIÃO CENTRO-OESTE;GOIÁS;ÓLEO DIESEL S-10;50160,105
2015;JUN;REGIÃO CENTRO-OESTE;GOIÁS;ÓLEO DIESEL S-10;53739,37
2015;JUL;REGIÃO CENTRO-OESTE;GOIÁS;ÓLEO DIESEL S-10;57583,143
2015;AGO;REGIÃO CENTRO-OESTE;GOIÁS;ÓLEO DIESEL S-10;56227,382
2015;SET;REGIÃO CENTRO-OESTE;GOIÁS;ÓLEO DIESEL S-10;55215,168
2015;OUT;REGIÃO CENTRO-OESTE;GOIÁS;ÓLEO DIESEL S-10;58745,23
2015;NOV;REGIÃO CENTRO-OESTE;GOIÁS;ÓLEO DIESEL S-10;50274,52
2015;DEZ;REGIÃO CENTRO-OESTE;GOIÁS;ÓLEO DIESEL S-10;48093,36
2015;JAN;REGIÃO CENTRO-OESTE;DISTRITO FEDERAL;ÓLEO DIESEL S-10;15164,451
2015;FEV;REGIÃO CENTRO-OESTE;DISTRITO FEDERAL;ÓLEO DIESEL S-10;14070,1
2015;MAR;REGIÃO CENTRO-OESTE;DISTRITO FEDERAL;ÓLEO DIESEL S-10;16732,872
2015;ABR;REGIÃO CENTRO-OESTE;DISTRITO FEDERAL;ÓLEO DIESEL S-10;16224,2
2015;MAI;REGIÃO CENTRO-OESTE;DISTRITO FEDERAL;ÓLEO DIESEL S-10;16623,2
2015;JUN;REGIÃO CENTRO-OESTE;DISTRITO FEDERAL;ÓLEO DIESEL S-10;16169,85
2015;JUL;REGIÃO CENTRO-OESTE;DISTRITO FEDERAL;ÓLEO DIESEL S-10;17984,15
2015;AGO;REGIÃO CENTRO-OESTE;DISTRITO FEDERAL;ÓLEO DIESEL S-10;17796,85
2015;SET;REGIÃO CENTRO-OESTE;DISTRITO FEDERAL;ÓLEO DIESEL S-10;18346,792
2015;OUT;REGIÃO CENTRO-OESTE;DISTRITO FEDERAL;ÓLEO DIESEL S-10;18646,8
2015;NOV;REGIÃO CENTRO-OESTE;DISTRITO FEDERAL;ÓLEO DIESEL S-10;16182,388
2015;DEZ;REGIÃO CENTRO-OESTE;DISTRITO FEDERAL;ÓLEO DIESEL S-10;17267,3
2015;JAN;REGIÃO NORTE;RONDÔNIA;ÓLEO DIESEL S-500;46509,4
2015;FEV;REGIÃO NORTE;RONDÔNIA;ÓLEO DIESEL S-500;39391,7
2015;MAR;REGIÃO NORTE;RONDÔNIA;ÓLEO DIESEL S-500;52239,8
2015;ABR;REGIÃO NORTE;RONDÔNIA;ÓLEO DIESEL S-500;50268,079
2015;MAI;REGIÃO NORTE;RONDÔNIA;ÓLEO DIESEL S-500;50489,75
2015;JUN;REGIÃO NORTE;RONDÔNIA;ÓLEO DIESEL S-500;52873,475
2015;JUL;REGIÃO NORTE;RONDÔNIA;ÓLEO DIESEL S-500;59821,1
2015;AGO;REGIÃO NORTE;RONDÔNIA;ÓLEO DIESEL S-500;56468,75
2015;SET;REGIÃO NORTE;RONDÔNIA;ÓLEO DIESEL S-500;55285,5
2015;OUT;REGIÃO NORTE;RONDÔNIA;ÓLEO DIESEL S-500;57493,101
2015;NOV;REGIÃO NORTE;RONDÔNIA;ÓLEO DIESEL S-500;45549,6
2015;DEZ;REGIÃO NORTE;RONDÔNIA;ÓLEO DIESEL S-500;53232
2015;JAN;REGIÃO NORTE;ACRE;ÓLEO DIESEL S-500;9676
2015;FEV;REGIÃO NORTE;ACRE;ÓLEO DIESEL S-500;8025
2015;MAR;REGIÃO NORTE;ACRE;ÓLEO DIESEL S-500;10004,094
2015;ABR;REGIÃO NORTE;ACRE;ÓLEO DIESEL S-500;9146
2015;MAI;REGIÃO NORTE;ACRE;ÓLEO DIESEL S-500;9117
2015;JUN;REGIÃO NORTE;ACRE;ÓLEO DIESEL S-500;10593
2015;JUL;REGIÃO NORTE;ACRE;ÓLEO DIESEL S-500;10586
2015;AGO;REGIÃO NORTE;ACRE;ÓLEO DIESEL S-500;11330,112
2015;SET;REGIÃO NORTE;ACRE;ÓLEO DIESEL S-500;11992
2015;OUT;REGIÃO NORTE;ACRE;ÓLEO DIESEL S-500;12425
2015;NOV;REGIÃO NORTE;ACRE;ÓLEO DIESEL S-500;10811,978
2015;DEZ;REGIÃO NORTE;ACRE;ÓLEO DIESEL S-500;10940
2015;JAN;REGIÃO NORTE;AMAZONAS;ÓLEO DIESEL S-500;19879,726
2015;FEV;REGIÃO NORTE;AMAZONAS;ÓLEO DIESEL S-500;18396,771
2015;MAR;REGIÃO NORTE;AMAZONAS;ÓLEO DIESEL S-500;20381,082
2015;ABR;REGIÃO NORTE;AMAZONAS;ÓLEO DIESEL S-500;18315,403
2015;MAI;REGIÃO NORTE;AMAZONAS;ÓLEO DIESEL S-500;17870,834
2015;JUN;REGIÃO NORTE;AMAZONAS;ÓLEO DIESEL S-500;18696,13
2015;JUL;REGIÃO NORTE;AMAZONAS;ÓLEO DIESEL S-500;21358,937
2015;AGO;REGIÃO NORTE;AMAZONAS;ÓLEO DIESEL S-500;22261,143
2015;SET;REGIÃO NORTE;AMAZONAS;ÓLEO DIESEL S-500;23088,405
2015;OUT;REGIÃO NORTE;AMAZONAS;ÓLEO DIESEL S-500;25059,269
2015;NOV;REGIÃO NORTE;AMAZONAS;ÓLEO DIESEL S-500;17392,223
2015;DEZ;REGIÃO NORTE;AMAZONAS;ÓLEO DIESEL S-500;19329,493
2015;JAN;REGIÃO NORTE;RORAIMA;ÓLEO DIESEL S-500;5979,4
2015;FEV;REGIÃO NORTE;RORAIMA;ÓLEO DIESEL S-500;4596,2
2015;MAR;REGIÃO NORTE;RORAIMA;ÓLEO DIESEL S-500;4691,8
2015;ABR;REGIÃO NORTE;RORAIMA;ÓLEO DIESEL S-500;5676,4
2015;MAI;REGIÃO NORTE;RORAIMA;ÓLEO DIESEL S-500;4595,6
2015;JUN;REGIÃO NORTE;RORAIMA;ÓLEO DIESEL S-500;3567,4
2015;JUL;REGIÃO NORTE;RORAIMA;ÓLEO DIESEL S-500;3973,031
2015;AGO;REGIÃO NORTE;RORAIMA;ÓLEO DIESEL S-500;4638
2015;SET;REGIÃO NORTE;RORAIMA;ÓLEO DIESEL S-500;4206,4
2015;OUT;REGIÃO NORTE;RORAIMA;ÓLEO DIESEL S-500;4497
2015;NOV;REGIÃO NORTE;RORAIMA;ÓLEO DIESEL S-500;6418
2015;DEZ;REGIÃO NORTE;RORAIMA;ÓLEO DIESEL S-500;7214,593
2015;JAN;REGIÃO NORTE;PARÁ;ÓLEO DIESEL S-500;115041,964
2015;FEV;REGIÃO NORTE;PARÁ;ÓLEO DIESEL S-500;96962,764
2015;MAR;REGIÃO NORTE;PARÁ;ÓLEO DIESEL S-500;117139,262
2015;ABR;REGIÃO NORTE;PARÁ;ÓLEO DIESEL S-500;114054,395
2015;MAI;REGIÃO NORTE;PARÁ;ÓLEO DIESEL S-500;115155,348
2015;JUN;REGIÃO NORTE;PARÁ;ÓLEO DIESEL S-500;120705,655
2015;JUL;REGIÃO NORTE;PARÁ;ÓLEO DIESEL S-500;126733,395
2015;AGO;REGIÃO NORTE;PARÁ;ÓLEO DIESEL S-500;122069,577
2015;SET;REGIÃO NORTE;PARÁ;ÓLEO DIESEL S-500;124956,69
2015;OUT;REGIÃO NORTE;PARÁ;ÓLEO DIESEL S-500;121638,939
2015;NOV;REGIÃO NORTE;PARÁ;ÓLEO DIESEL S-500;110251,856
2015;DEZ;REGIÃO NORTE;PARÁ;ÓLEO DIESEL S-500;110778,273
2015;JAN;REGIÃO NORTE;AMAPÁ;ÓLEO DIESEL S-500;40671,98
2015;FEV;REGIÃO NORTE;AMAPÁ;ÓLEO DIESEL S-500;28123,743
2015;MAR;REGIÃO NORTE;AMAPÁ;ÓLEO DIESEL S-500;24828,086
2015;ABR;REGIÃO NORTE;AMAPÁ;ÓLEO DIESEL S-500;17069,467
2015;MAI;REGIÃO NORTE;AMAPÁ;ÓLEO DIESEL S-500;16881,275
2015;JUN;REGIÃO NORTE;AMAPÁ;ÓLEO DIESEL S-500;16557,1
2015;JUL;REGIÃO NORTE;AMAPÁ;ÓLEO DIESEL S-500;20185,8
2015;AGO;REGIÃO NORTE;AMAPÁ;ÓLEO DIESEL S-500;19033
2015;SET;REGIÃO NORTE;AMAPÁ;ÓLEO DIESEL S-500;17108,4
2015;OUT;REGIÃO NORTE;AMAPÁ;ÓLEO DIESEL S-500;15306,4
2015;NOV;REGIÃO NORTE;AMAPÁ;ÓLEO DIESEL S-500;10943,5
2015;DEZ;REGIÃO NORTE;AMAPÁ;ÓLEO DIESEL S-500;11764,5
2015;JAN;REGIÃO NORTE;TOCANTINS;ÓLEO DIESEL S-500;47468,8
2015;FEV;REGIÃO NORTE;TOCANTINS;ÓLEO DIESEL S-500;43738,4
2015;MAR;REGIÃO NORTE;TOCANTINS;ÓLEO DIESEL S-500;54574,95
2015;ABR;REGIÃO NORTE;TOCANTINS;ÓLEO DIESEL S-500;54940,5
2015;MAI;REGIÃO NORTE;TOCANTINS;ÓLEO DIESEL S-500;51105,05
2015;JUN;REGIÃO NORTE;TOCANTINS;ÓLEO DIESEL S-500;52830,078
2015;JUL;REGIÃO NORTE;TOCANTINS;ÓLEO DIESEL S-500;53220,55
2015;AGO;REGIÃO NORTE;TOCANTINS;ÓLEO DIESEL S-500;52158
2015;SET;REGIÃO NORTE;TOCANTINS;ÓLEO DIESEL S-500;54222,25
2015;OUT;REGIÃO NORTE;TOCANTINS;ÓLEO DIESEL S-500;60175,14
2015;NOV;REGIÃO NORTE;TOCANTINS;ÓLEO DIESEL S-500;52666,95
2015;DEZ;REGIÃO NORTE;TOCANTINS;ÓLEO DIESEL S-500;51104,25
2015;JAN;REGIÃO NORDESTE;MARANHÃO;ÓLEO DIESEL S-500;76263,949
2015;FEV;REGIÃO NORDESTE;MARANHÃO;ÓLEO DIESEL S-500;62952,643
2015;MAR;REGIÃO NORDESTE;MARANHÃO;ÓLEO DIESEL S-500;72980,789
2015;ABR;REGIÃO NORDESTE;MARANHÃO;ÓLEO DIESEL S-500;74467,405
2015;MAI;REGIÃO NORDESTE;MARANHÃO;ÓLEO DIESEL S-500;77315,446
2015;JUN;REGIÃO NORDESTE;MARANHÃO;ÓLEO DIESEL S-500;81429,63
2015;JUL;REGIÃO NORDESTE;MARANHÃO;ÓLEO DIESEL S-500;83740,818
2015;AGO;REGIÃO NORDESTE;MARANHÃO;ÓLEO DIESEL S-500;78650,374
2015;SET;REGIÃO NORDESTE;MARANHÃO;ÓLEO DIESEL S-500;82176,083
2015;OUT;REGIÃO NORDESTE;MARANHÃO;ÓLEO DIESEL S-500;85206,383
2015;NOV;REGIÃO NORDESTE;MARANHÃO;ÓLEO DIESEL S-500;75770,877
2015;DEZ;REGIÃO NORDESTE;MARANHÃO;ÓLEO DIESEL S-500;79121,272
2015;JAN;REGIÃO NORDESTE;PIAUÍ;ÓLEO DIESEL S-500;30946
2015;FEV;REGIÃO NORDESTE;PIAUÍ;ÓLEO DIESEL S-500;25793,5
2015;MAR;REGIÃO NORDESTE;PIAUÍ;ÓLEO DIESEL S-500;28563,5
2015;ABR;REGIÃO NORDESTE;PIAUÍ;ÓLEO DIESEL S-500;30764,56
2015;MAI;REGIÃO NORDESTE;PIAUÍ;ÓLEO DIESEL S-500;30529,3
2015;JUN;REGIÃO NORDESTE;PIAUÍ;ÓLEO DIESEL S-500;30465,8
2015;JUL;REGIÃO NORDESTE;PIAUÍ;ÓLEO DIESEL S-500;32544,535
2015;AGO;REGIÃO NORDESTE;PIAUÍ;ÓLEO DIESEL S-500;29383
2015;SET;REGIÃO NORDESTE;PIAUÍ;ÓLEO DIESEL S-500;29475,01
2015;OUT;REGIÃO NORDESTE;PIAUÍ;ÓLEO DIESEL S-500;30856
2015;NOV;REGIÃO NORDESTE;PIAUÍ;ÓLEO DIESEL S-500;28544,35
2015;DEZ;REGIÃO NORDESTE;PIAUÍ;ÓLEO DIESEL S-500;28026
2015;JAN;REGIÃO NORDESTE;CEARÁ;ÓLEO DIESEL S-500;36997
2015;FEV;REGIÃO NORDESTE;CEARÁ;ÓLEO DIESEL S-500;31629
2015;MAR;REGIÃO NORDESTE;CEARÁ;ÓLEO DIESEL S-500;33252
2015;ABR;REGIÃO NORDESTE;CEARÁ;ÓLEO DIESEL S-500;28588,5
2015;MAI;REGIÃO NORDESTE;CEARÁ;ÓLEO DIESEL S-500;30752,203
2015;JUN;REGIÃO NORDESTE;CEARÁ;ÓLEO DIESEL S-500;30919,75
2015;JUL;REGIÃO NORDESTE;CEARÁ;ÓLEO DIESEL S-500;32010,4
2015;AGO;REGIÃO NORDESTE;CEARÁ;ÓLEO DIESEL S-500;30712,5
2015;SET;REGIÃO NORDESTE;CEARÁ;ÓLEO DIESEL S-500;32203
2015;OUT;REGIÃO NORDESTE;CEARÁ;ÓLEO DIESEL S-500;33262,5
2015;NOV;REGIÃO NORDESTE;CEARÁ;ÓLEO DIESEL S-500;29069,5
2015;DEZ;REGIÃO NORDESTE;CEARÁ;ÓLEO DIESEL S-500;30059,782
2015;JAN;REGIÃO NORDESTE;RIO GRANDE DO NORTE;ÓLEO DIESEL S-500;52174,95
2015;FEV;REGIÃO NORDESTE;RIO GRANDE DO NORTE;ÓLEO DIESEL S-500;50640,036
2015;MAR;REGIÃO NORDESTE;RIO GRANDE DO NORTE;ÓLEO DIESEL S-500;49894,131
2015;ABR;REGIÃO NORDESTE;RIO GRANDE DO NORTE;ÓLEO DIESEL S-500;36084,15
2015;MAI;REGIÃO NORDESTE;RIO GRANDE DO NORTE;ÓLEO DIESEL S-500;38282,5
2015;JUN;REGIÃO NORDESTE;RIO GRANDE DO NORTE;ÓLEO DIESEL S-500;42660,05
2015;JUL;REGIÃO NORDESTE;RIO GRANDE DO NORTE;ÓLEO DIESEL S-500;40784,85
2015;AGO;REGIÃO NORDESTE;RIO GRANDE DO NORTE;ÓLEO DIESEL S-500;31101,94
2015;SET;REGIÃO NORDESTE;RIO GRANDE DO NORTE;ÓLEO DIESEL S-500;31391
2015;OUT;REGIÃO NORDESTE;RIO GRANDE DO NORTE;ÓLEO DIESEL S-500;36547,936
2015;NOV;REGIÃO NORDESTE;RIO GRANDE DO NORTE;ÓLEO DIESEL S-500;35641,05
2015;DEZ;REGIÃO NORDESTE;RIO GRANDE DO NORTE;ÓLEO DIESEL S-500;36820,45
2015;JAN;REGIÃO NORDESTE;PARAÍBA;ÓLEO DIESEL S-500;31233,543
2015;FEV;REGIÃO NORDESTE;PARAÍBA;ÓLEO DIESEL S-500;26958,81
2015;MAR;REGIÃO NORDESTE;PARAÍBA;ÓLEO DIESEL S-500;28845,69
2015;ABR;REGIÃO NORDESTE;PARAÍBA;ÓLEO DIESEL S-500;25883,78
2015;MAI;REGIÃO NORDESTE;PARAÍBA;ÓLEO DIESEL S-500;25222,53
2015;JUN;REGIÃO NORDESTE;PARAÍBA;ÓLEO DIESEL S-500;25163,32
2015;JUL;REGIÃO NORDESTE;PARAÍBA;ÓLEO DIESEL S-500;26590,66
2015;AGO;REGIÃO NORDESTE;PARAÍBA;ÓLEO DIESEL S-500;25994,87
2015;SET;REGIÃO NORDESTE;PARAÍBA;ÓLEO DIESEL S-500;27328,65
2015;OUT;REGIÃO NORDESTE;PARAÍBA;ÓLEO DIESEL S-500;28848,04
2015;NOV;REGIÃO NORDESTE;PARAÍBA;ÓLEO DIESEL S-500;26850,89
2015;DEZ;REGIÃO NORDESTE;PARAÍBA;ÓLEO DIESEL S-500;26948,03
2015;JAN;REGIÃO NORDESTE;PERNAMBUCO;ÓLEO DIESEL S-500;92760,26
2015;FEV;REGIÃO NORDESTE;PERNAMBUCO;ÓLEO DIESEL S-500;82973,7
2015;MAR;REGIÃO NORDESTE;PERNAMBUCO;ÓLEO DIESEL S-500;93071,7
2015;ABR;REGIÃO NORDESTE;PERNAMBUCO;ÓLEO DIESEL S-500;59013,68
2015;MAI;REGIÃO NORDESTE;PERNAMBUCO;ÓLEO DIESEL S-500;58973,23
2015;JUN;REGIÃO NORDESTE;PERNAMBUCO;ÓLEO DIESEL S-500;77006,65
2015;JUL;REGIÃO NORDESTE;PERNAMBUCO;ÓLEO DIESEL S-500;62639,75
2015;AGO;REGIÃO NORDESTE;PERNAMBUCO;ÓLEO DIESEL S-500;46375,7
2015;SET;REGIÃO NORDESTE;PERNAMBUCO;ÓLEO DIESEL S-500;47259,35
2015;OUT;REGIÃO NORDESTE;PERNAMBUCO;ÓLEO DIESEL S-500;54051,1
2015;NOV;REGIÃO NORDESTE;PERNAMBUCO;ÓLEO DIESEL S-500;61109,52
2015;DEZ;REGIÃO NORDESTE;PERNAMBUCO;ÓLEO DIESEL S-500;51132,95
2015;JAN;REGIÃO NORDESTE;ALAGOAS;ÓLEO DIESEL S-500;27919
2015;FEV;REGIÃO NORDESTE;ALAGOAS;ÓLEO DIESEL S-500;23369
2015;MAR;REGIÃO NORDESTE;ALAGOAS;ÓLEO DIESEL S-500;26818,5
2015;ABR;REGIÃO NORDESTE;ALAGOAS;ÓLEO DIESEL S-500;23304,5
2015;MAI;REGIÃO NORDESTE;ALAGOAS;ÓLEO DIESEL S-500;19030,5
2015;JUN;REGIÃO NORDESTE;ALAGOAS;ÓLEO DIESEL S-500;17473,5
2015;JUL;REGIÃO NORDESTE;ALAGOAS;ÓLEO DIESEL S-500;17799,5
2015;AGO;REGIÃO NORDESTE;ALAGOAS;ÓLEO DIESEL S-500;18044,999
2015;SET;REGIÃO NORDESTE;ALAGOAS;ÓLEO DIESEL S-500;20271,5
2015;OUT;REGIÃO NORDESTE;ALAGOAS;ÓLEO DIESEL S-500;24279,2
2015;NOV;REGIÃO NORDESTE;ALAGOAS;ÓLEO DIESEL S-500;24257
2015;DEZ;REGIÃO NORDESTE;ALAGOAS;ÓLEO DIESEL S-500;26660,5
2015;JAN;REGIÃO NORDESTE;SERGIPE;ÓLEO DIESEL S-500;19869,4
2015;FEV;REGIÃO NORDESTE;SERGIPE;ÓLEO DIESEL S-500;16069,2
2015;MAR;REGIÃO NORDESTE;SERGIPE;ÓLEO DIESEL S-500;19492
2015;ABR;REGIÃO NORDESTE;SERGIPE;ÓLEO DIESEL S-500;17666,199
2015;MAI;REGIÃO NORDESTE;SERGIPE;ÓLEO DIESEL S-500;17235,7
2015;JUN;REGIÃO NORDESTE;SERGIPE;ÓLEO DIESEL S-500;16486,1
2015;JUL;REGIÃO NORDESTE;SERGIPE;ÓLEO DIESEL S-500;15496,4
2015;AGO;REGIÃO NORDESTE;SERGIPE;ÓLEO DIESEL S-500;15439,3
2015;SET;REGIÃO NORDESTE;SERGIPE;ÓLEO DIESEL S-500;16958,5
2015;OUT;REGIÃO NORDESTE;SERGIPE;ÓLEO DIESEL S-500;18463,367
2015;NOV;REGIÃO NORDESTE;SERGIPE;ÓLEO DIESEL S-500;16852,8
2015;DEZ;REGIÃO NORDESTE;SERGIPE;ÓLEO DIESEL S-500;17544,7
2015;JAN;REGIÃO NORDESTE;BAHIA;ÓLEO DIESEL S-500;192060,26
2015;FEV;REGIÃO NORDESTE;BAHIA;ÓLEO DIESEL S-500;158028,387
2015;MAR;REGIÃO NORDESTE;BAHIA;ÓLEO DIESEL S-500;195852,91
2015;ABR;REGIÃO NORDESTE;BAHIA;ÓLEO DIESEL S-500;196396,385
2015;MAI;REGIÃO NORDESTE;BAHIA;ÓLEO DIESEL S-500;188211,003
2015;JUN;REGIÃO NORDESTE;BAHIA;ÓLEO DIESEL S-500;189188,475
2015;JUL;REGIÃO NORDESTE;BAHIA;ÓLEO DIESEL S-500;200680,057
2015;AGO;REGIÃO NORDESTE;BAHIA;ÓLEO DIESEL S-500;199069,262
2015;SET;REGIÃO NORDESTE;BAHIA;ÓLEO DIESEL S-500;195379,26
2015;OUT;REGIÃO NORDESTE;BAHIA;ÓLEO DIESEL S-500;196121,94
2015;NOV;REGIÃO NORDESTE;BAHIA;ÓLEO DIESEL S-500;179647,16
2015;DEZ;REGIÃO NORDESTE;BAHIA;ÓLEO DIESEL S-500;174520,463
2015;JAN;REGIÃO SUDESTE;MINAS GERAIS;ÓLEO DIESEL S-500;432401,89
2015;FEV;REGIÃO SUDESTE;MINAS GERAIS;ÓLEO DIESEL S-500;375747,046
2015;MAR;REGIÃO SUDESTE;MINAS GERAIS;ÓLEO DIESEL S-500;440833,356
2015;ABR;REGIÃO SUDESTE;MINAS GERAIS;ÓLEO DIESEL S-500;435981,427
2015;MAI;REGIÃO SUDESTE;MINAS GERAIS;ÓLEO DIESEL S-500;432199,015
2015;JUN;REGIÃO SUDESTE;MINAS GERAIS;ÓLEO DIESEL S-500;444774,075
2015;JUL;REGIÃO SUDESTE;MINAS GERAIS;ÓLEO DIESEL S-500;468513,982
2015;AGO;REGIÃO SUDESTE;MINAS GERAIS;ÓLEO DIESEL S-500;455392,13
2015;SET;REGIÃO SUDESTE;MINAS GERAIS;ÓLEO DIESEL S-500;455712,015
2015;OUT;REGIÃO SUDESTE;MINAS GERAIS;ÓLEO DIESEL S-500;478153,01
2015;NOV;REGIÃO SUDESTE;MINAS GERAIS;ÓLEO DIESEL S-500;419843,106
2015;DEZ;REGIÃO SUDESTE;MINAS GERAIS;ÓLEO DIESEL S-500;408005,863
2015;JAN;REGIÃO SUDESTE;ESPÍRITO SANTO;ÓLEO DIESEL S-500;70384,438
2015;FEV;REGIÃO SUDESTE;ESPÍRITO SANTO;ÓLEO DIESEL S-500;58393,019
2015;MAR;REGIÃO SUDESTE;ESPÍRITO SANTO;ÓLEO DIESEL S-500;70179,921
2015;ABR;REGIÃO SUDESTE;ESPÍRITO SANTO;ÓLEO DIESEL S-500;65407,273
2015;MAI;REGIÃO SUDESTE;ESPÍRITO SANTO;ÓLEO DIESEL S-500;64917,093
2015;JUN;REGIÃO SUDESTE;ESPÍRITO SANTO;ÓLEO DIESEL S-500;64649,664
2015;JUL;REGIÃO SUDESTE;ESPÍRITO SANTO;ÓLEO DIESEL S-500;55863,448
2015;AGO;REGIÃO SUDESTE;ESPÍRITO SANTO;ÓLEO DIESEL S-500;56310,236
2015;SET;REGIÃO SUDESTE;ESPÍRITO SANTO;ÓLEO DIESEL S-500;55714,793
2015;OUT;REGIÃO SUDESTE;ESPÍRITO SANTO;ÓLEO DIESEL S-500;61691,064
2015;NOV;REGIÃO SUDESTE;ESPÍRITO SANTO;ÓLEO DIESEL S-500;50399,896
2015;DEZ;REGIÃO SUDESTE;ESPÍRITO SANTO;ÓLEO DIESEL S-500;56368,103
2015;JAN;REGIÃO SUDESTE;RIO DE JANEIRO;ÓLEO DIESEL S-500;113285,019
2015;FEV;REGIÃO SUDESTE;RIO DE JANEIRO;ÓLEO DIESEL S-500;93369,534
2015;MAR;REGIÃO SUDESTE;RIO DE JANEIRO;ÓLEO DIESEL S-500;111589,569
2015;ABR;REGIÃO SUDESTE;RIO DE JANEIRO;ÓLEO DIESEL S-500;101631,889
2015;MAI;REGIÃO SUDESTE;RIO DE JANEIRO;ÓLEO DIESEL S-500;99210,279
2015;JUN;REGIÃO SUDESTE;RIO DE JANEIRO;ÓLEO DIESEL S-500;100287,441
2015;JUL;REGIÃO SUDESTE;RIO DE JANEIRO;ÓLEO DIESEL S-500;105807,825
2015;AGO;REGIÃO SUDESTE;RIO DE JANEIRO;ÓLEO DIESEL S-500;102888,655
2015;SET;REGIÃO SUDESTE;RIO DE JANEIRO;ÓLEO DIESEL S-500;99513,102
2015;OUT;REGIÃO SUDESTE;RIO DE JANEIRO;ÓLEO DIESEL S-500;106226,923
2015;NOV;REGIÃO SUDESTE;RIO DE JANEIRO;ÓLEO DIESEL S-500;93032,007
2015;DEZ;REGIÃO SUDESTE;RIO DE JANEIRO;ÓLEO DIESEL S-500;98075,755
2015;JAN;REGIÃO SUDESTE;SÃO PAULO;ÓLEO DIESEL S-500;605026,107
2015;FEV;REGIÃO SUDESTE;SÃO PAULO;ÓLEO DIESEL S-500;522380,345
2015;MAR;REGIÃO SUDESTE;SÃO PAULO;ÓLEO DIESEL S-500;646715,228
2015;ABR;REGIÃO SUDESTE;SÃO PAULO;ÓLEO DIESEL S-500;676533,644
2015;MAI;REGIÃO SUDESTE;SÃO PAULO;ÓLEO DIESEL S-500;698947,471
2015;JUN;REGIÃO SUDESTE;SÃO PAULO;ÓLEO DIESEL S-500;723927,769
2015;JUL;REGIÃO SUDESTE;SÃO PAULO;ÓLEO DIESEL S-500;743736,902
2015;AGO;REGIÃO SUDESTE;SÃO PAULO;ÓLEO DIESEL S-500;784046,621
2015;SET;REGIÃO SUDESTE;SÃO PAULO;ÓLEO DIESEL S-500;735090,977
2015;OUT;REGIÃO SUDESTE;SÃO PAULO;ÓLEO DIESEL S-500;792833,652
2015;NOV;REGIÃO SUDESTE;SÃO PAULO;ÓLEO DIESEL S-500;644862,525
2015;DEZ;REGIÃO SUDESTE;SÃO PAULO;ÓLEO DIESEL S-500;618292,092
2015;JAN;REGIÃO SUL;PARANÁ;ÓLEO DIESEL S-500;325670,518
2015;FEV;REGIÃO SUL;PARANÁ;ÓLEO DIESEL S-500;274280,043
2015;MAR;REGIÃO SUL;PARANÁ;ÓLEO DIESEL S-500;370440,763
2015;ABR;REGIÃO SUL;PARANÁ;ÓLEO DIESEL S-500;316628,691
2015;MAI;REGIÃO SUL;PARANÁ;ÓLEO DIESEL S-500;315125,161
2015;JUN;REGIÃO SUL;PARANÁ;ÓLEO DIESEL S-500;339893,038
2015;JUL;REGIÃO SUL;PARANÁ;ÓLEO DIESEL S-500;317686,483
2015;AGO;REGIÃO SUL;PARANÁ;ÓLEO DIESEL S-500;363310,026
2015;SET;REGIÃO SUL;PARANÁ;ÓLEO DIESEL S-500;343050,471
2015;OUT;REGIÃO SUL;PARANÁ;ÓLEO DIESEL S-500;356062,24
2015;NOV;REGIÃO SUL;PARANÁ;ÓLEO DIESEL S-500;297387,405
2015;DEZ;REGIÃO SUL;PARANÁ;ÓLEO DIESEL S-500;283064,073
2015;JAN;REGIÃO SUL;SANTA CATARINA;ÓLEO DIESEL S-500;149149,434
2015;FEV;REGIÃO SUL;SANTA CATARINA;ÓLEO DIESEL S-500;122371,09
2015;MAR;REGIÃO SUL;SANTA CATARINA;ÓLEO DIESEL S-500;167063,384
2015;ABR;REGIÃO SUL;SANTA CATARINA;ÓLEO DIESEL S-500;148808,794
2015;MAI;REGIÃO SUL;SANTA CATARINA;ÓLEO DIESEL S-500;139534,808
2015;JUN;REGIÃO SUL;SANTA CATARINA;ÓLEO DIESEL S-500;143649,018
2015;JUL;REGIÃO SUL;SANTA CATARINA;ÓLEO DIESEL S-500;136550,979
2015;AGO;REGIÃO SUL;SANTA CATARINA;ÓLEO DIESEL S-500;149013,164
2015;SET;REGIÃO SUL;SANTA CATARINA;ÓLEO DIESEL S-500;137166,841
2015;OUT;REGIÃO SUL;SANTA CATARINA;ÓLEO DIESEL S-500;136961,848
2015;NOV;REGIÃO SUL;SANTA CATARINA;ÓLEO DIESEL S-500;131244,398
2015;DEZ;REGIÃO SUL;SANTA CATARINA;ÓLEO DIESEL S-500;129078,232
2015;JAN;REGIÃO SUL;RIO GRANDE DO SUL;ÓLEO DIESEL S-500;226605,751
2015;FEV;REGIÃO SUL;RIO GRANDE DO SUL;ÓLEO DIESEL S-500;172671,7
2015;MAR;REGIÃO SUL;RIO GRANDE DO SUL;ÓLEO DIESEL S-500;306047,482
2015;ABR;REGIÃO SUL;RIO GRANDE DO SUL;ÓLEO DIESEL S-500;271515,004
2015;MAI;REGIÃO SUL;RIO GRANDE DO SUL;ÓLEO DIESEL S-500;219653,091
2015;JUN;REGIÃO SUL;RIO GRANDE DO SUL;ÓLEO DIESEL S-500;212169,858
2015;JUL;REGIÃO SUL;RIO GRANDE DO SUL;ÓLEO DIESEL S-500;202888,542
2015;AGO;REGIÃO SUL;RIO GRANDE DO SUL;ÓLEO DIESEL S-500;231052,673
2015;SET;REGIÃO SUL;RIO GRANDE DO SUL;ÓLEO DIESEL S-500;240643,99
2015;OUT;REGIÃO SUL;RIO GRANDE DO SUL;ÓLEO DIESEL S-500;245786,242
2015;NOV;REGIÃO SUL;RIO GRANDE DO SUL;ÓLEO DIESEL S-500;229797,913
2015;DEZ;REGIÃO SUL;RIO GRANDE DO SUL;ÓLEO DIESEL S-500;210221,651
2015;JAN;REGIÃO CENTRO-OESTE;MATO GROSSO DO SUL;ÓLEO DIESEL S-500;80240,4
2015;FEV;REGIÃO CENTRO-OESTE;MATO GROSSO DO SUL;ÓLEO DIESEL S-500;71730,959
2015;MAR;REGIÃO CENTRO-OESTE;MATO GROSSO DO SUL;ÓLEO DIESEL S-500;85946,15
2015;ABR;REGIÃO CENTRO-OESTE;MATO GROSSO DO SUL;ÓLEO DIESEL S-500;72452,892
2015;MAI;REGIÃO CENTRO-OESTE;MATO GROSSO DO SUL;ÓLEO DIESEL S-500;68711,323
2015;JUN;REGIÃO CENTRO-OESTE;MATO GROSSO DO SUL;ÓLEO DIESEL S-500;75404,8
2015;JUL;REGIÃO CENTRO-OESTE;MATO GROSSO DO SUL;ÓLEO DIESEL S-500;87019,765
2015;AGO;REGIÃO CENTRO-OESTE;MATO GROSSO DO SUL;ÓLEO DIESEL S-500;103149,351
2015;SET;REGIÃO CENTRO-OESTE;MATO GROSSO DO SUL;ÓLEO DIESEL S-500;90394,202
2015;OUT;REGIÃO CENTRO-OESTE;MATO GROSSO DO SUL;ÓLEO DIESEL S-500;95283,123
2015;NOV;REGIÃO CENTRO-OESTE;MATO GROSSO DO SUL;ÓLEO DIESEL S-500;75491,683
2015;DEZ;REGIÃO CENTRO-OESTE;MATO GROSSO DO SUL;ÓLEO DIESEL S-500;75218,402
2015;JAN;REGIÃO CENTRO-OESTE;MATO GROSSO;ÓLEO DIESEL S-500;179339,879
2015;FEV;REGIÃO CENTRO-OESTE;MATO GROSSO;ÓLEO DIESEL S-500;173760,444
2015;MAR;REGIÃO CENTRO-OESTE;MATO GROSSO;ÓLEO DIESEL S-500;219470,936
2015;ABR;REGIÃO CENTRO-OESTE;MATO GROSSO;ÓLEO DIESEL S-500;164021,901
2015;MAI;REGIÃO CENTRO-OESTE;MATO GROSSO;ÓLEO DIESEL S-500;150429,547
2015;JUN;REGIÃO CENTRO-OESTE;MATO GROSSO;ÓLEO DIESEL S-500;192767,389
2015;JUL;REGIÃO CENTRO-OESTE;MATO GROSSO;ÓLEO DIESEL S-500;216498,447
2015;AGO;REGIÃO CENTRO-OESTE;MATO GROSSO;ÓLEO DIESEL S-500;194239,679
2015;SET;REGIÃO CENTRO-OESTE;MATO GROSSO;ÓLEO DIESEL S-500;198023,004
2015;OUT;REGIÃO CENTRO-OESTE;MATO GROSSO;ÓLEO DIESEL S-500;209469,972
2015;NOV;REGIÃO CENTRO-OESTE;MATO GROSSO;ÓLEO DIESEL S-500;173641,937
2015;DEZ;REGIÃO CENTRO-OESTE;MATO GROSSO;ÓLEO DIESEL S-500;157696,126
2015;JAN;REGIÃO CENTRO-OESTE;GOIÁS;ÓLEO DIESEL S-500;194409,195
2015;FEV;REGIÃO CENTRO-OESTE;GOIÁS;ÓLEO DIESEL S-500;189683,32
2015;MAR;REGIÃO CENTRO-OESTE;GOIÁS;ÓLEO DIESEL S-500;213939,397
2015;ABR;REGIÃO CENTRO-OESTE;GOIÁS;ÓLEO DIESEL S-500;206413,413
2015;MAI;REGIÃO CENTRO-OESTE;GOIÁS;ÓLEO DIESEL S-500;193768,455
2015;JUN;REGIÃO CENTRO-OESTE;GOIÁS;ÓLEO DIESEL S-500;209466,851
2015;JUL;REGIÃO CENTRO-OESTE;GOIÁS;ÓLEO DIESEL S-500;214347,598
2015;AGO;REGIÃO CENTRO-OESTE;GOIÁS;ÓLEO DIESEL S-500;190734,141
2015;SET;REGIÃO CENTRO-OESTE;GOIÁS;ÓLEO DIESEL S-500;179598,45
2015;OUT;REGIÃO CENTRO-OESTE;GOIÁS;ÓLEO DIESEL S-500;192046,65
2015;NOV;REGIÃO CENTRO-OESTE;GOIÁS;ÓLEO DIESEL S-500;163534,89
2015;DEZ;REGIÃO CENTRO-OESTE;GOIÁS;ÓLEO DIESEL S-500;142231,39
2015;JAN;REGIÃO CENTRO-OESTE;DISTRITO FEDERAL;ÓLEO DIESEL S-500;20262,2
2015;FEV;REGIÃO CENTRO-OESTE;DISTRITO FEDERAL;ÓLEO DIESEL S-500;17887,1
2015;MAR;REGIÃO CENTRO-OESTE;DISTRITO FEDERAL;ÓLEO DIESEL S-500;20543,6
2015;ABR;REGIÃO CENTRO-OESTE;DISTRITO FEDERAL;ÓLEO DIESEL S-500;20251,801
2015;MAI;REGIÃO CENTRO-OESTE;DISTRITO FEDERAL;ÓLEO DIESEL S-500;20169,825
2015;JUN;REGIÃO CENTRO-OESTE;DISTRITO FEDERAL;ÓLEO DIESEL S-500;20739,482
2015;JUL;REGIÃO CENTRO-OESTE;DISTRITO FEDERAL;ÓLEO DIESEL S-500;21662,102
2015;AGO;REGIÃO CENTRO-OESTE;DISTRITO FEDERAL;ÓLEO DIESEL S-500;21450,25
2015;SET;REGIÃO CENTRO-OESTE;DISTRITO FEDERAL;ÓLEO DIESEL S-500;21729,5
2015;OUT;REGIÃO CENTRO-OESTE;DISTRITO FEDERAL;ÓLEO DIESEL S-500;21955,11
2015;NOV;REGIÃO CENTRO-OESTE;DISTRITO FEDERAL;ÓLEO DIESEL S-500;18819,25
2015;DEZ;REGIÃO CENTRO-OESTE;DISTRITO FEDERAL;ÓLEO DIESEL S-500;19753,89
2015;JAN;REGIÃO NORTE;RONDÔNIA;ÓLEO DIESEL S-1800;0
2015;FEV;REGIÃO NORTE;RONDÔNIA;ÓLEO DIESEL S-1800;0
2015;MAR;REGIÃO NORTE;RONDÔNIA;ÓLEO DIESEL S-1800;0
2015;ABR;REGIÃO NORTE;RONDÔNIA;ÓLEO DIESEL S-1800;0
2015;MAI;REGIÃO NORTE;RONDÔNIA;ÓLEO DIESEL S-1800;0
2015;JUN;REGIÃO NORTE;RONDÔNIA;ÓLEO DIESEL S-1800;0
2015;JUL;REGIÃO NORTE;RONDÔNIA;ÓLEO DIESEL S-1800;0
2015;AGO;REGIÃO NORTE;RONDÔNIA;ÓLEO DIESEL S-1800;0
2015;SET;REGIÃO NORTE;RONDÔNIA;ÓLEO DIESEL S-1800;0
2015;OUT;REGIÃO NORTE;RONDÔNIA;ÓLEO DIESEL S-1800;0
2015;NOV;REGIÃO NORTE;RONDÔNIA;ÓLEO DIESEL S-1800;6065
2015;DEZ;REGIÃO NORTE;RONDÔNIA;ÓLEO DIESEL S-1800;0
2015;JAN;REGIÃO NORTE;ACRE;ÓLEO DIESEL S-1800;0
2015;FEV;REGIÃO NORTE;ACRE;ÓLEO DIESEL S-1800;0
2015;MAR;REGIÃO NORTE;ACRE;ÓLEO DIESEL S-1800;0
2015;ABR;REGIÃO NORTE;ACRE;ÓLEO DIESEL S-1800;0
2015;MAI;REGIÃO NORTE;ACRE;ÓLEO DIESEL S-1800;0
2015;JUN;REGIÃO NORTE;ACRE;ÓLEO DIESEL S-1800;0
2015;JUL;REGIÃO NORTE;ACRE;ÓLEO DIESEL S-1800;0
2015;AGO;REGIÃO NORTE;ACRE;ÓLEO DIESEL S-1800;0
2015;SET;REGIÃO NORTE;ACRE;ÓLEO DIESEL S-1800;0
2015;OUT;REGIÃO NORTE;ACRE;ÓLEO DIESEL S-1800;0
2015;NOV;REGIÃO NORTE;ACRE;ÓLEO DIESEL S-1800;0
2015;DEZ;REGIÃO NORTE;ACRE;ÓLEO DIESEL S-1800;0
2015;JAN;REGIÃO NORTE;AMAZONAS;ÓLEO DIESEL S-1800;61995,967
2015;FEV;REGIÃO NORTE;AMAZONAS;ÓLEO DIESEL S-1800;47433,585
2015;MAR;REGIÃO NORTE;AMAZONAS;ÓLEO DIESEL S-1800;52356,733
2015;ABR;REGIÃO NORTE;AMAZONAS;ÓLEO DIESEL S-1800;62752,779
2015;MAI;REGIÃO NORTE;AMAZONAS;ÓLEO DIESEL S-1800;48323,444
2015;JUN;REGIÃO NORTE;AMAZONAS;ÓLEO DIESEL S-1800;47819,386
2015;JUL;REGIÃO NORTE;AMAZONAS;ÓLEO DIESEL S-1800;45884,92
2015;AGO;REGIÃO NORTE;AMAZONAS;ÓLEO DIESEL S-1800;66954,689
2015;SET;REGIÃO NORTE;AMAZONAS;ÓLEO DIESEL S-1800;49308,52
2015;OUT;REGIÃO NORTE;AMAZONAS;ÓLEO DIESEL S-1800;54869,877
2015;NOV;REGIÃO NORTE;AMAZONAS;ÓLEO DIESEL S-1800;60772,346
2015;DEZ;REGIÃO NORTE;AMAZONAS;ÓLEO DIESEL S-1800;60198,836
2015;JAN;REGIÃO NORTE;RORAIMA;ÓLEO DIESEL S-1800;3399
2015;FEV;REGIÃO NORTE;RORAIMA;ÓLEO DIESEL S-1800;5293
2015;MAR;REGIÃO NORTE;RORAIMA;ÓLEO DIESEL S-1800;6799
2015;ABR;REGIÃO NORTE;RORAIMA;ÓLEO DIESEL S-1800;4429
2015;MAI;REGIÃO NORTE;RORAIMA;ÓLEO DIESEL S-1800;4906
2015;JUN;REGIÃO NORTE;RORAIMA;ÓLEO DIESEL S-1800;2624
2015;JUL;REGIÃO NORTE;RORAIMA;ÓLEO DIESEL S-1800;1199
2015;AGO;REGIÃO NORTE;RORAIMA;ÓLEO DIESEL S-1800;337
2015;SET;REGIÃO NORTE;RORAIMA;ÓLEO DIESEL S-1800;7185
2015;OUT;REGIÃO NORTE;RORAIMA;ÓLEO DIESEL S-1800;5181
2015;NOV;REGIÃO NORTE;RORAIMA;ÓLEO DIESEL S-1800;110
2015;DEZ;REGIÃO NORTE;RORAIMA;ÓLEO DIESEL S-1800;0
2015;JAN;REGIÃO NORTE;PARÁ;ÓLEO DIESEL S-1800;7697,283
2015;FEV;REGIÃO NORTE;PARÁ;ÓLEO DIESEL S-1800;5889,127
2015;MAR;REGIÃO NORTE;PARÁ;ÓLEO DIESEL S-1800;6090,68
2015;ABR;REGIÃO NORTE;PARÁ;ÓLEO DIESEL S-1800;5688,191
2015;MAI;REGIÃO NORTE;PARÁ;ÓLEO DIESEL S-1800;4506,456
2015;JUN;REGIÃO NORTE;PARÁ;ÓLEO DIESEL S-1800;4272,716
2015;JUL;REGIÃO NORTE;PARÁ;ÓLEO DIESEL S-1800;4592,606
2015;AGO;REGIÃO NORTE;PARÁ;ÓLEO DIESEL S-1800;5281,012
2015;SET;REGIÃO NORTE;PARÁ;ÓLEO DIESEL S-1800;5850,136
2015;OUT;REGIÃO NORTE;PARÁ;ÓLEO DIESEL S-1800;5961,753
2015;NOV;REGIÃO NORTE;PARÁ;ÓLEO DIESEL S-1800;6540,425
2015;DEZ;REGIÃO NORTE;PARÁ;ÓLEO DIESEL S-1800;6488,754
2015;JAN;REGIÃO NORTE;AMAPÁ;ÓLEO DIESEL S-1800;0
2015;FEV;REGIÃO NORTE;AMAPÁ;ÓLEO DIESEL S-1800;0
2015;MAR;REGIÃO NORTE;AMAPÁ;ÓLEO DIESEL S-1800;0
2015;ABR;REGIÃO NORTE;AMAPÁ;ÓLEO DIESEL S-1800;0
2015;MAI;REGIÃO NORTE;AMAPÁ;ÓLEO DIESEL S-1800;0
2015;JUN;REGIÃO NORTE;AMAPÁ;ÓLEO DIESEL S-1800;-122
2015;JUL;REGIÃO NORTE;AMAPÁ;ÓLEO DIESEL S-1800;0
2015;AGO;REGIÃO NORTE;AMAPÁ;ÓLEO DIESEL S-1800;0
2015;SET;REGIÃO NORTE;AMAPÁ;ÓLEO DIESEL S-1800;0
2015;OUT;REGIÃO NORTE;AMAPÁ;ÓLEO DIESEL S-1800;0
2015;NOV;REGIÃO NORTE;AMAPÁ;ÓLEO DIESEL S-1800;0
2015;DEZ;REGIÃO NORTE;AMAPÁ;ÓLEO DIESEL S-1800;0
2015;JAN;REGIÃO NORTE;TOCANTINS;ÓLEO DIESEL S-1800;0
2015;FEV;REGIÃO NORTE;TOCANTINS;ÓLEO DIESEL S-1800;0
2015;MAR;REGIÃO NORTE;TOCANTINS;ÓLEO DIESEL S-1800;0
2015;ABR;REGIÃO NORTE;TOCANTINS;ÓLEO DIESEL S-1800;0
2015;MAI;REGIÃO NORTE;TOCANTINS;ÓLEO DIESEL S-1800;0
2015;JUN;REGIÃO NORTE;TOCANTINS;ÓLEO DIESEL S-1800;0
2015;JUL;REGIÃO NORTE;TOCANTINS;ÓLEO DIESEL S-1800;0
2015;AGO;REGIÃO NORTE;TOCANTINS;ÓLEO DIESEL S-1800;0
2015;SET;REGIÃO NORTE;TOCANTINS;ÓLEO DIESEL S-1800;0
2015;OUT;REGIÃO NORTE;TOCANTINS;ÓLEO DIESEL S-1800;0
2015;NOV;REGIÃO NORTE;TOCANTINS;ÓLEO DIESEL S-1800;0
2015;DEZ;REGIÃO NORTE;TOCANTINS;ÓLEO DIESEL S-1800;0
2015;JAN;REGIÃO NORDESTE;MARANHÃO;ÓLEO DIESEL S-1800;0
2015;FEV;REGIÃO NORDESTE;MARANHÃO;ÓLEO DIESEL S-1800;0
2015;MAR;REGIÃO NORDESTE;MARANHÃO;ÓLEO DIESEL S-1800;0
2015;ABR;REGIÃO NORDESTE;MARANHÃO;ÓLEO DIESEL S-1800;0
2015;MAI;REGIÃO NORDESTE;MARANHÃO;ÓLEO DIESEL S-1800;0
2015;JUN;REGIÃO NORDESTE;MARANHÃO;ÓLEO DIESEL S-1800;0
2015;JUL;REGIÃO NORDESTE;MARANHÃO;ÓLEO DIESEL S-1800;0
2015;AGO;REGIÃO NORDESTE;MARANHÃO;ÓLEO DIESEL S-1800;0
2015;SET;REGIÃO NORDESTE;MARANHÃO;ÓLEO DIESEL S-1800;0
2015;OUT;REGIÃO NORDESTE;MARANHÃO;ÓLEO DIESEL S-1800;0
2015;NOV;REGIÃO NORDESTE;MARANHÃO;ÓLEO DIESEL S-1800;0
2015;DEZ;REGIÃO NORDESTE;MARANHÃO;ÓLEO DIESEL S-1800;0
2015;JAN;REGIÃO NORDESTE;PIAUÍ;ÓLEO DIESEL S-1800;0
2015;FEV;REGIÃO NORDESTE;PIAUÍ;ÓLEO DIESEL S-1800;0
2015;MAR;REGIÃO NORDESTE;PIAUÍ;ÓLEO DIESEL S-1800;0
2015;ABR;REGIÃO NORDESTE;PIAUÍ;ÓLEO DIESEL S-1800;0
2015;MAI;REGIÃO NORDESTE;PIAUÍ;ÓLEO DIESEL S-1800;0
2015;JUN;REGIÃO NORDESTE;PIAUÍ;ÓLEO DIESEL S-1800;0
2015;JUL;REGIÃO NORDESTE;PIAUÍ;ÓLEO DIESEL S-1800;0
2015;AGO;REGIÃO NORDESTE;PIAUÍ;ÓLEO DIESEL S-1800;0
2015;SET;REGIÃO NORDESTE;PIAUÍ;ÓLEO DIESEL S-1800;0
2015;OUT;REGIÃO NORDESTE;PIAUÍ;ÓLEO DIESEL S-1800;0
2015;NOV;REGIÃO NORDESTE;PIAUÍ;ÓLEO DIESEL S-1800;0
2015;DEZ;REGIÃO NORDESTE;PIAUÍ;ÓLEO DIESEL S-1800;0
2015;JAN;REGIÃO NORDESTE;CEARÁ;ÓLEO DIESEL S-1800;0
2015;FEV;REGIÃO NORDESTE;CEARÁ;ÓLEO DIESEL S-1800;0
2015;MAR;REGIÃO NORDESTE;CEARÁ;ÓLEO DIESEL S-1800;0
2015;ABR;REGIÃO NORDESTE;CEARÁ;ÓLEO DIESEL S-1800;0
2015;MAI;REGIÃO NORDESTE;CEARÁ;ÓLEO DIESEL S-1800;0
2015;JUN;REGIÃO NORDESTE;CEARÁ;ÓLEO DIESEL S-1800;0
2015;JUL;REGIÃO NORDESTE;CEARÁ;ÓLEO DIESEL S-1800;0
2015;AGO;REGIÃO NORDESTE;CEARÁ;ÓLEO DIESEL S-1800;0
2015;SET;REGIÃO NORDESTE;CEARÁ;ÓLEO DIESEL S-1800;0
2015;OUT;REGIÃO NORDESTE;CEARÁ;ÓLEO DIESEL S-1800;0
2015;NOV;REGIÃO NORDESTE;CEARÁ;ÓLEO DIESEL S-1800;0
2015;DEZ;REGIÃO NORDESTE;CEARÁ;ÓLEO DIESEL S-1800;0
2015;JAN;REGIÃO NORDESTE;RIO GRANDE DO NORTE;ÓLEO DIESEL S-1800;0
2015;FEV;REGIÃO NORDESTE;RIO GRANDE DO NORTE;ÓLEO DIESEL S-1800;0
2015;MAR;REGIÃO NORDESTE;RIO GRANDE DO NORTE;ÓLEO DIESEL S-1800;0
2015;ABR;REGIÃO NORDESTE;RIO GRANDE DO NORTE;ÓLEO DIESEL S-1800;0
2015;MAI;REGIÃO NORDESTE;RIO GRANDE DO NORTE;ÓLEO DIESEL S-1800;0
2015;JUN;REGIÃO NORDESTE;RIO GRANDE DO NORTE;ÓLEO DIESEL S-1800;0
2015;JUL;REGIÃO NORDESTE;RIO GRANDE DO NORTE;ÓLEO DIESEL S-1800;0
2015;AGO;REGIÃO NORDESTE;RIO GRANDE DO NORTE;ÓLEO DIESEL S-1800;0
2015;SET;REGIÃO NORDESTE;RIO GRANDE DO NORTE;ÓLEO DIESEL S-1800;0
2015;OUT;REGIÃO NORDESTE;RIO GRANDE DO NORTE;ÓLEO DIESEL S-1800;0
2015;NOV;REGIÃO NORDESTE;RIO GRANDE DO NORTE;ÓLEO DIESEL S-1800;0
2015;DEZ;REGIÃO NORDESTE;RIO GRANDE DO NORTE;ÓLEO DIESEL S-1800;0
2015;JAN;REGIÃO NORDESTE;PARAÍBA;ÓLEO DIESEL S-1800;0
2015;FEV;REGIÃO NORDESTE;PARAÍBA;ÓLEO DIESEL S-1800;0
2015;MAR;REGIÃO NORDESTE;PARAÍBA;ÓLEO DIESEL S-1800;0
2015;ABR;REGIÃO NORDESTE;PARAÍBA;ÓLEO DIESEL S-1800;0
2015;MAI;REGIÃO NORDESTE;PARAÍBA;ÓLEO DIESEL S-1800;0
2015;JUN;REGIÃO NORDESTE;PARAÍBA;ÓLEO DIESEL S-1800;0
2015;JUL;REGIÃO NORDESTE;PARAÍBA;ÓLEO DIESEL S-1800;0
2015;AGO;REGIÃO NORDESTE;PARAÍBA;ÓLEO DIESEL S-1800;0
2015;SET;REGIÃO NORDESTE;PARAÍBA;ÓLEO DIESEL S-1800;0
2015;OUT;REGIÃO NORDESTE;PARAÍBA;ÓLEO DIESEL S-1800;0
2015;NOV;REGIÃO NORDESTE;PARAÍBA;ÓLEO DIESEL S-1800;0
2015;DEZ;REGIÃO NORDESTE;PARAÍBA;ÓLEO DIESEL S-1800;0
2015;JAN;REGIÃO NORDESTE;PERNAMBUCO;ÓLEO DIESEL S-1800;0
2015;FEV;REGIÃO NORDESTE;PERNAMBUCO;ÓLEO DIESEL S-1800;0
2015;MAR;REGIÃO NORDESTE;PERNAMBUCO;ÓLEO DIESEL S-1800;0
2015;ABR;REGIÃO NORDESTE;PERNAMBUCO;ÓLEO DIESEL S-1800;0
2015;MAI;REGIÃO NORDESTE;PERNAMBUCO;ÓLEO DIESEL S-1800;0
2015;JUN;REGIÃO NORDESTE;PERNAMBUCO;ÓLEO DIESEL S-1800;0
2015;JUL;REGIÃO NORDESTE;PERNAMBUCO;ÓLEO DIESEL S-1800;0
2015;AGO;REGIÃO NORDESTE;PERNAMBUCO;ÓLEO DIESEL S-1800;0
2015;SET;REGIÃO NORDESTE;PERNAMBUCO;ÓLEO DIESEL S-1800;0
2015;OUT;REGIÃO NORDESTE;PERNAMBUCO;ÓLEO DIESEL S-1800;0
2015;NOV;REGIÃO NORDESTE;PERNAMBUCO;ÓLEO DIESEL S-1800;0
2015;DEZ;REGIÃO NORDESTE;PERNAMBUCO;ÓLEO DIESEL S-1800;0
2015;JAN;REGIÃO NORDESTE;ALAGOAS;ÓLEO DIESEL S-1800;0
2015;FEV;REGIÃO NORDESTE;ALAGOAS;ÓLEO DIESEL S-1800;0
2015;MAR;REGIÃO NORDESTE;ALAGOAS;ÓLEO DIESEL S-1800;0
2015;ABR;REGIÃO NORDESTE;ALAGOAS;ÓLEO DIESEL S-1800;0
2015;MAI;REGIÃO NORDESTE;ALAGOAS;ÓLEO DIESEL S-1800;0
2015;JUN;REGIÃO NORDESTE;ALAGOAS;ÓLEO DIESEL S-1800;0
2015;JUL;REGIÃO NORDESTE;ALAGOAS;ÓLEO DIESEL S-1800;0
2015;AGO;REGIÃO NORDESTE;ALAGOAS;ÓLEO DIESEL S-1800;0
2015;SET;REGIÃO NORDESTE;ALAGOAS;ÓLEO DIESEL S-1800;0
2015;OUT;REGIÃO NORDESTE;ALAGOAS;ÓLEO DIESEL S-1800;0
2015;NOV;REGIÃO NORDESTE;ALAGOAS;ÓLEO DIESEL S-1800;0
2015;DEZ;REGIÃO NORDESTE;ALAGOAS;ÓLEO DIESEL S-1800;0
2015;JAN;REGIÃO NORDESTE;SERGIPE;ÓLEO DIESEL S-1800;0
2015;FEV;REGIÃO NORDESTE;SERGIPE;ÓLEO DIESEL S-1800;0
2015;MAR;REGIÃO NORDESTE;SERGIPE;ÓLEO DIESEL S-1800;0
2015;ABR;REGIÃO NORDESTE;SERGIPE;ÓLEO DIESEL S-1800;0
2015;MAI;REGIÃO NORDESTE;SERGIPE;ÓLEO DIESEL S-1800;0
2015;JUN;REGIÃO NORDESTE;SERGIPE;ÓLEO DIESEL S-1800;0
2015;JUL;REGIÃO NORDESTE;SERGIPE;ÓLEO DIESEL S-1800;0
2015;AGO;REGIÃO NORDESTE;SERGIPE;ÓLEO DIESEL S-1800;0
2015;SET;REGIÃO NORDESTE;SERGIPE;ÓLEO DIESEL S-1800;0
2015;OUT;REGIÃO NORDESTE;SERGIPE;ÓLEO DIESEL S-1800;0
2015;NOV;REGIÃO NORDESTE;SERGIPE;ÓLEO DIESEL S-1800;0
2015;DEZ;REGIÃO NORDESTE;SERGIPE;ÓLEO DIESEL S-1800;0
2015;JAN;REGIÃO NORDESTE;BAHIA;ÓLEO DIESEL S-1800;0
2015;FEV;REGIÃO NORDESTE;BAHIA;ÓLEO DIESEL S-1800;0
2015;MAR;REGIÃO NORDESTE;BAHIA;ÓLEO DIESEL S-1800;0
2015;ABR;REGIÃO NORDESTE;BAHIA;ÓLEO DIESEL S-1800;0
2015;MAI;REGIÃO NORDESTE;BAHIA;ÓLEO DIESEL S-1800;0
2015;JUN;REGIÃO NORDESTE;BAHIA;ÓLEO DIESEL S-1800;0
2015;JUL;REGIÃO NORDESTE;BAHIA;ÓLEO DIESEL S-1800;0
2015;AGO;REGIÃO NORDESTE;BAHIA;ÓLEO DIESEL S-1800;0
2015;SET;REGIÃO NORDESTE;BAHIA;ÓLEO DIESEL S-1800;0
2015;OUT;REGIÃO NORDESTE;BAHIA;ÓLEO DIESEL S-1800;0
2015;NOV;REGIÃO NORDESTE;BAHIA;ÓLEO DIESEL S-1800;0
2015;DEZ;REGIÃO NORDESTE;BAHIA;ÓLEO DIESEL S-1800;0
2015;JAN;REGIÃO SUDESTE;MINAS GERAIS;ÓLEO DIESEL S-1800;1123,5
2015;FEV;REGIÃO SUDESTE;MINAS GERAIS;ÓLEO DIESEL S-1800;993,5
2015;MAR;REGIÃO SUDESTE;MINAS GERAIS;ÓLEO DIESEL S-1800;1082,5
2015;ABR;REGIÃO SUDESTE;MINAS GERAIS;ÓLEO DIESEL S-1800;941,5
2015;MAI;REGIÃO SUDESTE;MINAS GERAIS;ÓLEO DIESEL S-1800;679
2015;JUN;REGIÃO SUDESTE;MINAS GERAIS;ÓLEO DIESEL S-1800;597,5
2015;JUL;REGIÃO SUDESTE;MINAS GERAIS;ÓLEO DIESEL S-1800;590
2015;AGO;REGIÃO SUDESTE;MINAS GERAIS;ÓLEO DIESEL S-1800;0
2015;SET;REGIÃO SUDESTE;MINAS GERAIS;ÓLEO DIESEL S-1800;0
2015;OUT;REGIÃO SUDESTE;MINAS GERAIS;ÓLEO DIESEL S-1800;0
2015;NOV;REGIÃO SUDESTE;MINAS GERAIS;ÓLEO DIESEL S-1800;0
2015;DEZ;REGIÃO SUDESTE;MINAS GERAIS;ÓLEO DIESEL S-1800;10
2015;JAN;REGIÃO SUDESTE;ESPÍRITO SANTO;ÓLEO DIESEL S-1800;0
2015;FEV;REGIÃO SUDESTE;ESPÍRITO SANTO;ÓLEO DIESEL S-1800;0
2015;MAR;REGIÃO SUDESTE;ESPÍRITO SANTO;ÓLEO DIESEL S-1800;0
2015;ABR;REGIÃO SUDESTE;ESPÍRITO SANTO;ÓLEO DIESEL S-1800;0
2015;MAI;REGIÃO SUDESTE;ESPÍRITO SANTO;ÓLEO DIESEL S-1800;0
2015;JUN;REGIÃO SUDESTE;ESPÍRITO SANTO;ÓLEO DIESEL S-1800;0
2015;JUL;REGIÃO SUDESTE;ESPÍRITO SANTO;ÓLEO DIESEL S-1800;0
2015;AGO;REGIÃO SUDESTE;ESPÍRITO SANTO;ÓLEO DIESEL S-1800;0
2015;SET;REGIÃO SUDESTE;ESPÍRITO SANTO;ÓLEO DIESEL S-1800;0
2015;OUT;REGIÃO SUDESTE;ESPÍRITO SANTO;ÓLEO DIESEL S-1800;0
2015;NOV;REGIÃO SUDESTE;ESPÍRITO SANTO;ÓLEO DIESEL S-1800;0
2015;DEZ;REGIÃO SUDESTE;ESPÍRITO SANTO;ÓLEO DIESEL S-1800;0
2015;JAN;REGIÃO SUDESTE;RIO DE JANEIRO;ÓLEO DIESEL S-1800;0
2015;FEV;REGIÃO SUDESTE;RIO DE JANEIRO;ÓLEO DIESEL S-1800;0
2015;MAR;REGIÃO SUDESTE;RIO DE JANEIRO;ÓLEO DIESEL S-1800;0
2015;ABR;REGIÃO SUDESTE;RIO DE JANEIRO;ÓLEO DIESEL S-1800;0
2015;MAI;REGIÃO SUDESTE;RIO DE JANEIRO;ÓLEO DIESEL S-1800;0
2015;JUN;REGIÃO SUDESTE;RIO DE JANEIRO;ÓLEO DIESEL S-1800;0
2015;JUL;REGIÃO SUDESTE;RIO DE JANEIRO;ÓLEO DIESEL S-1800;0
2015;AGO;REGIÃO SUDESTE;RIO DE JANEIRO;ÓLEO DIESEL S-1800;0
2015;SET;REGIÃO SUDESTE;RIO DE JANEIRO;ÓLEO DIESEL S-1800;0
2015;OUT;REGIÃO SUDESTE;RIO DE JANEIRO;ÓLEO DIESEL S-1800;0
2015;NOV;REGIÃO SUDESTE;RIO DE JANEIRO;ÓLEO DIESEL S-1800;0
2015;DEZ;REGIÃO SUDESTE;RIO DE JANEIRO;ÓLEO DIESEL S-1800;0
2015;JAN;REGIÃO SUDESTE;SÃO PAULO;ÓLEO DIESEL S-1800;14731,942
2015;FEV;REGIÃO SUDESTE;SÃO PAULO;ÓLEO DIESEL S-1800;16782,44
2015;MAR;REGIÃO SUDESTE;SÃO PAULO;ÓLEO DIESEL S-1800;18789,863
2015;ABR;REGIÃO SUDESTE;SÃO PAULO;ÓLEO DIESEL S-1800;22135,32
2015;MAI;REGIÃO SUDESTE;SÃO PAULO;ÓLEO DIESEL S-1800;21205,89
2015;JUN;REGIÃO SUDESTE;SÃO PAULO;ÓLEO DIESEL S-1800;21477,193
2015;JUL;REGIÃO SUDESTE;SÃO PAULO;ÓLEO DIESEL S-1800;2430,205
2015;AGO;REGIÃO SUDESTE;SÃO PAULO;ÓLEO DIESEL S-1800;1485
2015;SET;REGIÃO SUDESTE;SÃO PAULO;ÓLEO DIESEL S-1800;1170
2015;OUT;REGIÃO SUDESTE;SÃO PAULO;ÓLEO DIESEL S-1800;1410
2015;NOV;REGIÃO SUDESTE;SÃO PAULO;ÓLEO DIESEL S-1800;890
2015;DEZ;REGIÃO SUDESTE;SÃO PAULO;ÓLEO DIESEL S-1800;680
2015;JAN;REGIÃO SUL;PARANÁ;ÓLEO DIESEL S-1800;0
2015;FEV;REGIÃO SUL;PARANÁ;ÓLEO DIESEL S-1800;0
2015;MAR;REGIÃO SUL;PARANÁ;ÓLEO DIESEL S-1800;0
2015;ABR;REGIÃO SUL;PARANÁ;ÓLEO DIESEL S-1800;0
2015;MAI;REGIÃO SUL;PARANÁ;ÓLEO DIESEL S-1800;25
2015;JUN;REGIÃO SUL;PARANÁ;ÓLEO DIESEL S-1800;0
2015;JUL;REGIÃO SUL;PARANÁ;ÓLEO DIESEL S-1800;0
2015;AGO;REGIÃO SUL;PARANÁ;ÓLEO DIESEL S-1800;0
2015;SET;REGIÃO SUL;PARANÁ;ÓLEO DIESEL S-1800;0
2015;OUT;REGIÃO SUL;PARANÁ;ÓLEO DIESEL S-1800;0
2015;NOV;REGIÃO SUL;PARANÁ;ÓLEO DIESEL S-1800;20
2015;DEZ;REGIÃO SUL;PARANÁ;ÓLEO DIESEL S-1800;0
2015;JAN;REGIÃO SUL;SANTA CATARINA;ÓLEO DIESEL S-1800;234,5
2015;FEV;REGIÃO SUL;SANTA CATARINA;ÓLEO DIESEL S-1800;132,5
2015;MAR;REGIÃO SUL;SANTA CATARINA;ÓLEO DIESEL S-1800;0
2015;ABR;REGIÃO SUL;SANTA CATARINA;ÓLEO DIESEL S-1800;0
2015;MAI;REGIÃO SUL;SANTA CATARINA;ÓLEO DIESEL S-1800;0
2015;JUN;REGIÃO SUL;SANTA CATARINA;ÓLEO DIESEL S-1800;0
2015;JUL;REGIÃO SUL;SANTA CATARINA;ÓLEO DIESEL S-1800;0
2015;AGO;REGIÃO SUL;SANTA CATARINA;ÓLEO DIESEL S-1800;0
2015;SET;REGIÃO SUL;SANTA CATARINA;ÓLEO DIESEL S-1800;0
2015;OUT;REGIÃO SUL;SANTA CATARINA;ÓLEO DIESEL S-1800;0
2015;NOV;REGIÃO SUL;SANTA CATARINA;ÓLEO DIESEL S-1800;0
2015;DEZ;REGIÃO SUL;SANTA CATARINA;ÓLEO DIESEL S-1800;0
2015;JAN;REGIÃO SUL;RIO GRANDE DO SUL;ÓLEO DIESEL S-1800;0
2015;FEV;REGIÃO SUL;RIO GRANDE DO SUL;ÓLEO DIESEL S-1800;0
2015;MAR;REGIÃO SUL;RIO GRANDE DO SUL;ÓLEO DIESEL S-1800;0
2015;ABR;REGIÃO SUL;RIO GRANDE DO SUL;ÓLEO DIESEL S-1800;0
2015;MAI;REGIÃO SUL;RIO GRANDE DO SUL;ÓLEO DIESEL S-1800;0
2015;JUN;REGIÃO SUL;RIO GRANDE DO SUL;ÓLEO DIESEL S-1800;0
2015;JUL;REGIÃO SUL;RIO GRANDE DO SUL;ÓLEO DIESEL S-1800;0
2015;AGO;REGIÃO SUL;RIO GRANDE DO SUL;ÓLEO DIESEL S-1800;0
2015;SET;REGIÃO SUL;RIO GRANDE DO SUL;ÓLEO DIESEL S-1800;0
2015;OUT;REGIÃO SUL;RIO GRANDE DO SUL;ÓLEO DIESEL S-1800;0
2015;NOV;REGIÃO SUL;RIO GRANDE DO SUL;ÓLEO DIESEL S-1800;0
2015;DEZ;REGIÃO SUL;RIO GRANDE DO SUL;ÓLEO DIESEL S-1800;0
2015;JAN;REGIÃO CENTRO-OESTE;MATO GROSSO DO SUL;ÓLEO DIESEL S-1800;308,58
2015;FEV;REGIÃO CENTRO-OESTE;MATO GROSSO DO SUL;ÓLEO DIESEL S-1800;174,57
2015;MAR;REGIÃO CENTRO-OESTE;MATO GROSSO DO SUL;ÓLEO DIESEL S-1800;126,95
2015;ABR;REGIÃO CENTRO-OESTE;MATO GROSSO DO SUL;ÓLEO DIESEL S-1800;242,1
2015;MAI;REGIÃO CENTRO-OESTE;MATO GROSSO DO SUL;ÓLEO DIESEL S-1800;0
2015;JUN;REGIÃO CENTRO-OESTE;MATO GROSSO DO SUL;ÓLEO DIESEL S-1800;0
2015;JUL;REGIÃO CENTRO-OESTE;MATO GROSSO DO SUL;ÓLEO DIESEL S-1800;0
2015;AGO;REGIÃO CENTRO-OESTE;MATO GROSSO DO SUL;ÓLEO DIESEL S-1800;0
2015;SET;REGIÃO CENTRO-OESTE;MATO GROSSO DO SUL;ÓLEO DIESEL S-1800;0
2015;OUT;REGIÃO CENTRO-OESTE;MATO GROSSO DO SUL;ÓLEO DIESEL S-1800;0
2015;NOV;REGIÃO CENTRO-OESTE;MATO GROSSO DO SUL;ÓLEO DIESEL S-1800;0
2015;DEZ;REGIÃO CENTRO-OESTE;MATO GROSSO DO SUL;ÓLEO DIESEL S-1800;0
2015;JAN;REGIÃO CENTRO-OESTE;MATO GROSSO;ÓLEO DIESEL S-1800;271,7
2015;FEV;REGIÃO CENTRO-OESTE;MATO GROSSO;ÓLEO DIESEL S-1800;1440,42
2015;MAR;REGIÃO CENTRO-OESTE;MATO GROSSO;ÓLEO DIESEL S-1800;873,27
2015;ABR;REGIÃO CENTRO-OESTE;MATO GROSSO;ÓLEO DIESEL S-1800;1528,83
2015;MAI;REGIÃO CENTRO-OESTE;MATO GROSSO;ÓLEO DIESEL S-1800;612,29
2015;JUN;REGIÃO CENTRO-OESTE;MATO GROSSO;ÓLEO DIESEL S-1800;535,45
2015;JUL;REGIÃO CENTRO-OESTE;MATO GROSSO;ÓLEO DIESEL S-1800;507
2015;AGO;REGIÃO CENTRO-OESTE;MATO GROSSO;ÓLEO DIESEL S-1800;653
2015;SET;REGIÃO CENTRO-OESTE;MATO GROSSO;ÓLEO DIESEL S-1800;350
2015;OUT;REGIÃO CENTRO-OESTE;MATO GROSSO;ÓLEO DIESEL S-1800;328
2015;NOV;REGIÃO CENTRO-OESTE;MATO GROSSO;ÓLEO DIESEL S-1800;2469,5
2015;DEZ;REGIÃO CENTRO-OESTE;MATO GROSSO;ÓLEO DIESEL S-1800;784
2015;JAN;REGIÃO CENTRO-OESTE;GOIÁS;ÓLEO DIESEL S-1800;282,44
2015;FEV;REGIÃO CENTRO-OESTE;GOIÁS;ÓLEO DIESEL S-1800;372,4
2015;MAR;REGIÃO CENTRO-OESTE;GOIÁS;ÓLEO DIESEL S-1800;222,11
2015;ABR;REGIÃO CENTRO-OESTE;GOIÁS;ÓLEO DIESEL S-1800;301,81
2015;MAI;REGIÃO CENTRO-OESTE;GOIÁS;ÓLEO DIESEL S-1800;424,67
2015;JUN;REGIÃO CENTRO-OESTE;GOIÁS;ÓLEO DIESEL S-1800;1799,39
2015;JUL;REGIÃO CENTRO-OESTE;GOIÁS;ÓLEO DIESEL S-1800;0
2015;AGO;REGIÃO CENTRO-OESTE;GOIÁS;ÓLEO DIESEL S-1800;0
2015;SET;REGIÃO CENTRO-OESTE;GOIÁS;ÓLEO DIESEL S-1800;0
2015;OUT;REGIÃO CENTRO-OESTE;GOIÁS;ÓLEO DIESEL S-1800;0
2015;NOV;REGIÃO CENTRO-OESTE;GOIÁS;ÓLEO DIESEL S-1800;0
2015;DEZ;REGIÃO CENTRO-OESTE;GOIÁS;ÓLEO DIESEL S-1800;0
2015;JAN;REGIÃO CENTRO-OESTE;DISTRITO FEDERAL;ÓLEO DIESEL S-1800;0
2015;FEV;REGIÃO CENTRO-OESTE;DISTRITO FEDERAL;ÓLEO DIESEL S-1800;0
2015;MAR;REGIÃO CENTRO-OESTE;DISTRITO FEDERAL;ÓLEO DIESEL S-1800;0
2015;ABR;REGIÃO CENTRO-OESTE;DISTRITO FEDERAL;ÓLEO DIESEL S-1800;0
2015;MAI;REGIÃO CENTRO-OESTE;DISTRITO FEDERAL;ÓLEO DIESEL S-1800;0
2015;JUN;REGIÃO CENTRO-OESTE;DISTRITO FEDERAL;ÓLEO DIESEL S-1800;0
2015;JUL;REGIÃO CENTRO-OESTE;DISTRITO FEDERAL;ÓLEO DIESEL S-1800;0
2015;AGO;REGIÃO CENTRO-OESTE;DISTRITO FEDERAL;ÓLEO DIESEL S-1800;0
2015;SET;REGIÃO CENTRO-OESTE;DISTRITO FEDERAL;ÓLEO DIESEL S-1800;0
2015;OUT;REGIÃO CENTRO-OESTE;DISTRITO FEDERAL;ÓLEO DIESEL S-1800;0
2015;NOV;REGIÃO CENTRO-OESTE;DISTRITO FEDERAL;ÓLEO DIESEL S-1800;0
2015;DEZ;REGIÃO CENTRO-OESTE;DISTRITO FEDERAL;ÓLEO DIESEL S-1800;0
2015;JAN;REGIÃO NORTE;RONDÔNIA;ÓLEO DIESEL MARÍTIMO;1559,49
2015;FEV;REGIÃO NORTE;RONDÔNIA;ÓLEO DIESEL MARÍTIMO;1124
2015;MAR;REGIÃO NORTE;RONDÔNIA;ÓLEO DIESEL MARÍTIMO;1307
2015;ABR;REGIÃO NORTE;RONDÔNIA;ÓLEO DIESEL MARÍTIMO;893,1
2015;MAI;REGIÃO NORTE;RONDÔNIA;ÓLEO DIESEL MARÍTIMO;653,7
2015;JUN;REGIÃO NORTE;RONDÔNIA;ÓLEO DIESEL MARÍTIMO;723,9
2015;JUL;REGIÃO NORTE;RONDÔNIA;ÓLEO DIESEL MARÍTIMO;956,6
2015;AGO;REGIÃO NORTE;RONDÔNIA;ÓLEO DIESEL MARÍTIMO;782,5
2015;SET;REGIÃO NORTE;RONDÔNIA;ÓLEO DIESEL MARÍTIMO;874,6
2015;OUT;REGIÃO NORTE;RONDÔNIA;ÓLEO DIESEL MARÍTIMO;1287
2015;NOV;REGIÃO NORTE;RONDÔNIA;ÓLEO DIESEL MARÍTIMO;932,5
2015;DEZ;REGIÃO NORTE;RONDÔNIA;ÓLEO DIESEL MARÍTIMO;956,2
2015;JAN;REGIÃO NORTE;ACRE;ÓLEO DIESEL MARÍTIMO;38
2015;FEV;REGIÃO NORTE;ACRE;ÓLEO DIESEL MARÍTIMO;110
2015;MAR;REGIÃO NORTE;ACRE;ÓLEO DIESEL MARÍTIMO;86
2015;ABR;REGIÃO NORTE;ACRE;ÓLEO DIESEL MARÍTIMO;63
2015;MAI;REGIÃO NORTE;ACRE;ÓLEO DIESEL MARÍTIMO;11
2015;JUN;REGIÃO NORTE;ACRE;ÓLEO DIESEL MARÍTIMO;18
2015;JUL;REGIÃO NORTE;ACRE;ÓLEO DIESEL MARÍTIMO;33
2015;AGO;REGIÃO NORTE;ACRE;ÓLEO DIESEL MARÍTIMO;0
2015;SET;REGIÃO NORTE;ACRE;ÓLEO DIESEL MARÍTIMO;31
2015;OUT;REGIÃO NORTE;ACRE;ÓLEO DIESEL MARÍTIMO;20
2015;NOV;REGIÃO NORTE;ACRE;ÓLEO DIESEL MARÍTIMO;0
2015;DEZ;REGIÃO NORTE;ACRE;ÓLEO DIESEL MARÍTIMO;0
2015;JAN;REGIÃO NORTE;AMAZONAS;ÓLEO DIESEL MARÍTIMO;11139,159
2015;FEV;REGIÃO NORTE;AMAZONAS;ÓLEO DIESEL MARÍTIMO;7977,495
2015;MAR;REGIÃO NORTE;AMAZONAS;ÓLEO DIESEL MARÍTIMO;9898,033
2015;ABR;REGIÃO NORTE;AMAZONAS;ÓLEO DIESEL MARÍTIMO;10262,879
2015;MAI;REGIÃO NORTE;AMAZONAS;ÓLEO DIESEL MARÍTIMO;8901,239
2015;JUN;REGIÃO NORTE;AMAZONAS;ÓLEO DIESEL MARÍTIMO;10514,947
2015;JUL;REGIÃO NORTE;AMAZONAS;ÓLEO DIESEL MARÍTIMO;10444,395
2015;AGO;REGIÃO NORTE;AMAZONAS;ÓLEO DIESEL MARÍTIMO;10974,29
2015;SET;REGIÃO NORTE;AMAZONAS;ÓLEO DIESEL MARÍTIMO;9902,394
2015;OUT;REGIÃO NORTE;AMAZONAS;ÓLEO DIESEL MARÍTIMO;11142,866
2015;NOV;REGIÃO NORTE;AMAZONAS;ÓLEO DIESEL MARÍTIMO;9472,157
2015;DEZ;REGIÃO NORTE;AMAZONAS;ÓLEO DIESEL MARÍTIMO;10201,87
2015;JAN;REGIÃO NORTE;RORAIMA;ÓLEO DIESEL MARÍTIMO;0
2015;FEV;REGIÃO NORTE;RORAIMA;ÓLEO DIESEL MARÍTIMO;0
2015;MAR;REGIÃO NORTE;RORAIMA;ÓLEO DIESEL MARÍTIMO;0
2015;ABR;REGIÃO NORTE;RORAIMA;ÓLEO DIESEL MARÍTIMO;0
2015;MAI;REGIÃO NORTE;RORAIMA;ÓLEO DIESEL MARÍTIMO;0
2015;JUN;REGIÃO NORTE;RORAIMA;ÓLEO DIESEL MARÍTIMO;0
2015;JUL;REGIÃO NORTE;RORAIMA;ÓLEO DIESEL MARÍTIMO;0
2015;AGO;REGIÃO NORTE;RORAIMA;ÓLEO DIESEL MARÍTIMO;0
2015;SET;REGIÃO NORTE;RORAIMA;ÓLEO DIESEL MARÍTIMO;0
2015;OUT;REGIÃO NORTE;RORAIMA;ÓLEO DIESEL MARÍTIMO;0
2015;NOV;REGIÃO NORTE;RORAIMA;ÓLEO DIESEL MARÍTIMO;0
2015;DEZ;REGIÃO NORTE;RORAIMA;ÓLEO DIESEL MARÍTIMO;0
2015;JAN;REGIÃO NORTE;PARÁ;ÓLEO DIESEL MARÍTIMO;5992
2015;FEV;REGIÃO NORTE;PARÁ;ÓLEO DIESEL MARÍTIMO;5445
2015;MAR;REGIÃO NORTE;PARÁ;ÓLEO DIESEL MARÍTIMO;6555
2015;ABR;REGIÃO NORTE;PARÁ;ÓLEO DIESEL MARÍTIMO;6839
2015;MAI;REGIÃO NORTE;PARÁ;ÓLEO DIESEL MARÍTIMO;6493,5
2015;JUN;REGIÃO NORTE;PARÁ;ÓLEO DIESEL MARÍTIMO;6767,4
2015;JUL;REGIÃO NORTE;PARÁ;ÓLEO DIESEL MARÍTIMO;9042,5
2015;AGO;REGIÃO NORTE;PARÁ;ÓLEO DIESEL MARÍTIMO;8953,4
2015;SET;REGIÃO NORTE;PARÁ;ÓLEO DIESEL MARÍTIMO;8222,6
2015;OUT;REGIÃO NORTE;PARÁ;ÓLEO DIESEL MARÍTIMO;8732,8
2015;NOV;REGIÃO NORTE;PARÁ;ÓLEO DIESEL MARÍTIMO;8797,5
2015;DEZ;REGIÃO NORTE;PARÁ;ÓLEO DIESEL MARÍTIMO;7850,8
2015;JAN;REGIÃO NORTE;AMAPÁ;ÓLEO DIESEL MARÍTIMO;204
2015;FEV;REGIÃO NORTE;AMAPÁ;ÓLEO DIESEL MARÍTIMO;140
2015;MAR;REGIÃO NORTE;AMAPÁ;ÓLEO DIESEL MARÍTIMO;240
2015;ABR;REGIÃO NORTE;AMAPÁ;ÓLEO DIESEL MARÍTIMO;225
2015;MAI;REGIÃO NORTE;AMAPÁ;ÓLEO DIESEL MARÍTIMO;228
2015;JUN;REGIÃO NORTE;AMAPÁ;ÓLEO DIESEL MARÍTIMO;217
2015;JUL;REGIÃO NORTE;AMAPÁ;ÓLEO DIESEL MARÍTIMO;128
2015;AGO;REGIÃO NORTE;AMAPÁ;ÓLEO DIESEL MARÍTIMO;140
2015;SET;REGIÃO NORTE;AMAPÁ;ÓLEO DIESEL MARÍTIMO;140
2015;OUT;REGIÃO NORTE;AMAPÁ;ÓLEO DIESEL MARÍTIMO;180
2015;NOV;REGIÃO NORTE;AMAPÁ;ÓLEO DIESEL MARÍTIMO;140
2015;DEZ;REGIÃO NORTE;AMAPÁ;ÓLEO DIESEL MARÍTIMO;145
2015;JAN;REGIÃO NORTE;TOCANTINS;ÓLEO DIESEL MARÍTIMO;0
2015;FEV;REGIÃO NORTE;TOCANTINS;ÓLEO DIESEL MARÍTIMO;0
2015;MAR;REGIÃO NORTE;TOCANTINS;ÓLEO DIESEL MARÍTIMO;0
2015;ABR;REGIÃO NORTE;TOCANTINS;ÓLEO DIESEL MARÍTIMO;0
2015;MAI;REGIÃO NORTE;TOCANTINS;ÓLEO DIESEL MARÍTIMO;0
2015;JUN;REGIÃO NORTE;TOCANTINS;ÓLEO DIESEL MARÍTIMO;0
2015;JUL;REGIÃO NORTE;TOCANTINS;ÓLEO DIESEL MARÍTIMO;0
2015;AGO;REGIÃO NORTE;TOCANTINS;ÓLEO DIESEL MARÍTIMO;0
2015;SET;REGIÃO NORTE;TOCANTINS;ÓLEO DIESEL MARÍTIMO;0
2015;OUT;REGIÃO NORTE;TOCANTINS;ÓLEO DIESEL MARÍTIMO;0
2015;NOV;REGIÃO NORTE;TOCANTINS;ÓLEO DIESEL MARÍTIMO;0
2015;DEZ;REGIÃO NORTE;TOCANTINS;ÓLEO DIESEL MARÍTIMO;0
2015;JAN;REGIÃO NORDESTE;MARANHÃO;ÓLEO DIESEL MARÍTIMO;1232
2015;FEV;REGIÃO NORDESTE;MARANHÃO;ÓLEO DIESEL MARÍTIMO;854
2015;MAR;REGIÃO NORDESTE;MARANHÃO;ÓLEO DIESEL MARÍTIMO;816
2015;ABR;REGIÃO NORDESTE;MARANHÃO;ÓLEO DIESEL MARÍTIMO;558
2015;MAI;REGIÃO NORDESTE;MARANHÃO;ÓLEO DIESEL MARÍTIMO;622
2015;JUN;REGIÃO NORDESTE;MARANHÃO;ÓLEO DIESEL MARÍTIMO;650,8
2015;JUL;REGIÃO NORDESTE;MARANHÃO;ÓLEO DIESEL MARÍTIMO;782
2015;AGO;REGIÃO NORDESTE;MARANHÃO;ÓLEO DIESEL MARÍTIMO;452
2015;SET;REGIÃO NORDESTE;MARANHÃO;ÓLEO DIESEL MARÍTIMO;970,5
2015;OUT;REGIÃO NORDESTE;MARANHÃO;ÓLEO DIESEL MARÍTIMO;490
2015;NOV;REGIÃO NORDESTE;MARANHÃO;ÓLEO DIESEL MARÍTIMO;631
2015;DEZ;REGIÃO NORDESTE;MARANHÃO;ÓLEO DIESEL MARÍTIMO;592
2015;JAN;REGIÃO NORDESTE;PIAUÍ;ÓLEO DIESEL MARÍTIMO;0
2015;FEV;REGIÃO NORDESTE;PIAUÍ;ÓLEO DIESEL MARÍTIMO;0
2015;MAR;REGIÃO NORDESTE;PIAUÍ;ÓLEO DIESEL MARÍTIMO;165
2015;ABR;REGIÃO NORDESTE;PIAUÍ;ÓLEO DIESEL MARÍTIMO;270
2015;MAI;REGIÃO NORDESTE;PIAUÍ;ÓLEO DIESEL MARÍTIMO;195
2015;JUN;REGIÃO NORDESTE;PIAUÍ;ÓLEO DIESEL MARÍTIMO;300
2015;JUL;REGIÃO NORDESTE;PIAUÍ;ÓLEO DIESEL MARÍTIMO;225
2015;AGO;REGIÃO NORDESTE;PIAUÍ;ÓLEO DIESEL MARÍTIMO;330
2015;SET;REGIÃO NORDESTE;PIAUÍ;ÓLEO DIESEL MARÍTIMO;200
2015;OUT;REGIÃO NORDESTE;PIAUÍ;ÓLEO DIESEL MARÍTIMO;95
2015;NOV;REGIÃO NORDESTE;PIAUÍ;ÓLEO DIESEL MARÍTIMO;60
2015;DEZ;REGIÃO NORDESTE;PIAUÍ;ÓLEO DIESEL MARÍTIMO;90
2015;JAN;REGIÃO NORDESTE;CEARÁ;ÓLEO DIESEL MARÍTIMO;835
2015;FEV;REGIÃO NORDESTE;CEARÁ;ÓLEO DIESEL MARÍTIMO;440
2015;MAR;REGIÃO NORDESTE;CEARÁ;ÓLEO DIESEL MARÍTIMO;475
2015;ABR;REGIÃO NORDESTE;CEARÁ;ÓLEO DIESEL MARÍTIMO;1170
2015;MAI;REGIÃO NORDESTE;CEARÁ;ÓLEO DIESEL MARÍTIMO;850
2015;JUN;REGIÃO NORDESTE;CEARÁ;ÓLEO DIESEL MARÍTIMO;805
2015;JUL;REGIÃO NORDESTE;CEARÁ;ÓLEO DIESEL MARÍTIMO;935
2015;AGO;REGIÃO NORDESTE;CEARÁ;ÓLEO DIESEL MARÍTIMO;865
2015;SET;REGIÃO NORDESTE;CEARÁ;ÓLEO DIESEL MARÍTIMO;850
2015;OUT;REGIÃO NORDESTE;CEARÁ;ÓLEO DIESEL MARÍTIMO;955
2015;NOV;REGIÃO NORDESTE;CEARÁ;ÓLEO DIESEL MARÍTIMO;835
2015;DEZ;REGIÃO NORDESTE;CEARÁ;ÓLEO DIESEL MARÍTIMO;795
2015;JAN;REGIÃO NORDESTE;RIO GRANDE DO NORTE;ÓLEO DIESEL MARÍTIMO;690
2015;FEV;REGIÃO NORDESTE;RIO GRANDE DO NORTE;ÓLEO DIESEL MARÍTIMO;620
2015;MAR;REGIÃO NORDESTE;RIO GRANDE DO NORTE;ÓLEO DIESEL MARÍTIMO;760
2015;ABR;REGIÃO NORDESTE;RIO GRANDE DO NORTE;ÓLEO DIESEL MARÍTIMO;675
2015;MAI;REGIÃO NORDESTE;RIO GRANDE DO NORTE;ÓLEO DIESEL MARÍTIMO;720
2015;JUN;REGIÃO NORDESTE;RIO GRANDE DO NORTE;ÓLEO DIESEL MARÍTIMO;560
2015;JUL;REGIÃO NORDESTE;RIO GRANDE DO NORTE;ÓLEO DIESEL MARÍTIMO;783,3
2015;AGO;REGIÃO NORDESTE;RIO GRANDE DO NORTE;ÓLEO DIESEL MARÍTIMO;560
2015;SET;REGIÃO NORDESTE;RIO GRANDE DO NORTE;ÓLEO DIESEL MARÍTIMO;580
2015;OUT;REGIÃO NORDESTE;RIO GRANDE DO NORTE;ÓLEO DIESEL MARÍTIMO;730
2015;NOV;REGIÃO NORDESTE;RIO GRANDE DO NORTE;ÓLEO DIESEL MARÍTIMO;1100
2015;DEZ;REGIÃO NORDESTE;RIO GRANDE DO NORTE;ÓLEO DIESEL MARÍTIMO;745
2015;JAN;REGIÃO NORDESTE;PARAÍBA;ÓLEO DIESEL MARÍTIMO;0
2015;FEV;REGIÃO NORDESTE;PARAÍBA;ÓLEO DIESEL MARÍTIMO;0
2015;MAR;REGIÃO NORDESTE;PARAÍBA;ÓLEO DIESEL MARÍTIMO;10
2015;ABR;REGIÃO NORDESTE;PARAÍBA;ÓLEO DIESEL MARÍTIMO;15
2015;MAI;REGIÃO NORDESTE;PARAÍBA;ÓLEO DIESEL MARÍTIMO;55
2015;JUN;REGIÃO NORDESTE;PARAÍBA;ÓLEO DIESEL MARÍTIMO;0
2015;JUL;REGIÃO NORDESTE;PARAÍBA;ÓLEO DIESEL MARÍTIMO;44
2015;AGO;REGIÃO NORDESTE;PARAÍBA;ÓLEO DIESEL MARÍTIMO;10
2015;SET;REGIÃO NORDESTE;PARAÍBA;ÓLEO DIESEL MARÍTIMO;0
2015;OUT;REGIÃO NORDESTE;PARAÍBA;ÓLEO DIESEL MARÍTIMO;0
2015;NOV;REGIÃO NORDESTE;PARAÍBA;ÓLEO DIESEL MARÍTIMO;0
2015;DEZ;REGIÃO NORDESTE;PARAÍBA;ÓLEO DIESEL MARÍTIMO;0
2015;JAN;REGIÃO NORDESTE;PERNAMBUCO;ÓLEO DIESEL MARÍTIMO;731
2015;FEV;REGIÃO NORDESTE;PERNAMBUCO;ÓLEO DIESEL MARÍTIMO;477
2015;MAR;REGIÃO NORDESTE;PERNAMBUCO;ÓLEO DIESEL MARÍTIMO;327
2015;ABR;REGIÃO NORDESTE;PERNAMBUCO;ÓLEO DIESEL MARÍTIMO;356
2015;MAI;REGIÃO NORDESTE;PERNAMBUCO;ÓLEO DIESEL MARÍTIMO;358
2015;JUN;REGIÃO NORDESTE;PERNAMBUCO;ÓLEO DIESEL MARÍTIMO;163
2015;JUL;REGIÃO NORDESTE;PERNAMBUCO;ÓLEO DIESEL MARÍTIMO;182
2015;AGO;REGIÃO NORDESTE;PERNAMBUCO;ÓLEO DIESEL MARÍTIMO;231
2015;SET;REGIÃO NORDESTE;PERNAMBUCO;ÓLEO DIESEL MARÍTIMO;432
2015;OUT;REGIÃO NORDESTE;PERNAMBUCO;ÓLEO DIESEL MARÍTIMO;360
2015;NOV;REGIÃO NORDESTE;PERNAMBUCO;ÓLEO DIESEL MARÍTIMO;235
2015;DEZ;REGIÃO NORDESTE;PERNAMBUCO;ÓLEO DIESEL MARÍTIMO;390
2015;JAN;REGIÃO NORDESTE;ALAGOAS;ÓLEO DIESEL MARÍTIMO;60
2015;FEV;REGIÃO NORDESTE;ALAGOAS;ÓLEO DIESEL MARÍTIMO;90
2015;MAR;REGIÃO NORDESTE;ALAGOAS;ÓLEO DIESEL MARÍTIMO;37
2015;ABR;REGIÃO NORDESTE;ALAGOAS;ÓLEO DIESEL MARÍTIMO;0
2015;MAI;REGIÃO NORDESTE;ALAGOAS;ÓLEO DIESEL MARÍTIMO;20
2015;JUN;REGIÃO NORDESTE;ALAGOAS;ÓLEO DIESEL MARÍTIMO;0
2015;JUL;REGIÃO NORDESTE;ALAGOAS;ÓLEO DIESEL MARÍTIMO;450
2015;AGO;REGIÃO NORDESTE;ALAGOAS;ÓLEO DIESEL MARÍTIMO;10
2015;SET;REGIÃO NORDESTE;ALAGOAS;ÓLEO DIESEL MARÍTIMO;65
2015;OUT;REGIÃO NORDESTE;ALAGOAS;ÓLEO DIESEL MARÍTIMO;444,468
2015;NOV;REGIÃO NORDESTE;ALAGOAS;ÓLEO DIESEL MARÍTIMO;590
2015;DEZ;REGIÃO NORDESTE;ALAGOAS;ÓLEO DIESEL MARÍTIMO;190
2015;JAN;REGIÃO NORDESTE;SERGIPE;ÓLEO DIESEL MARÍTIMO;165
2015;FEV;REGIÃO NORDESTE;SERGIPE;ÓLEO DIESEL MARÍTIMO;145
2015;MAR;REGIÃO NORDESTE;SERGIPE;ÓLEO DIESEL MARÍTIMO;160
2015;ABR;REGIÃO NORDESTE;SERGIPE;ÓLEO DIESEL MARÍTIMO;150
2015;MAI;REGIÃO NORDESTE;SERGIPE;ÓLEO DIESEL MARÍTIMO;155
2015;JUN;REGIÃO NORDESTE;SERGIPE;ÓLEO DIESEL MARÍTIMO;210
2015;JUL;REGIÃO NORDESTE;SERGIPE;ÓLEO DIESEL MARÍTIMO;280
2015;AGO;REGIÃO NORDESTE;SERGIPE;ÓLEO DIESEL MARÍTIMO;190
2015;SET;REGIÃO NORDESTE;SERGIPE;ÓLEO DIESEL MARÍTIMO;202,29
2015;OUT;REGIÃO NORDESTE;SERGIPE;ÓLEO DIESEL MARÍTIMO;220
2015;NOV;REGIÃO NORDESTE;SERGIPE;ÓLEO DIESEL MARÍTIMO;140
2015;DEZ;REGIÃO NORDESTE;SERGIPE;ÓLEO DIESEL MARÍTIMO;95
2015;JAN;REGIÃO NORDESTE;BAHIA;ÓLEO DIESEL MARÍTIMO;1525,708
2015;FEV;REGIÃO NORDESTE;BAHIA;ÓLEO DIESEL MARÍTIMO;1195
2015;MAR;REGIÃO NORDESTE;BAHIA;ÓLEO DIESEL MARÍTIMO;1543
2015;ABR;REGIÃO NORDESTE;BAHIA;ÓLEO DIESEL MARÍTIMO;1050
2015;MAI;REGIÃO NORDESTE;BAHIA;ÓLEO DIESEL MARÍTIMO;1265
2015;JUN;REGIÃO NORDESTE;BAHIA;ÓLEO DIESEL MARÍTIMO;1173
2015;JUL;REGIÃO NORDESTE;BAHIA;ÓLEO DIESEL MARÍTIMO;1378
2015;AGO;REGIÃO NORDESTE;BAHIA;ÓLEO DIESEL MARÍTIMO;1574,676
2015;SET;REGIÃO NORDESTE;BAHIA;ÓLEO DIESEL MARÍTIMO;1280
2015;OUT;REGIÃO NORDESTE;BAHIA;ÓLEO DIESEL MARÍTIMO;1593
2015;NOV;REGIÃO NORDESTE;BAHIA;ÓLEO DIESEL MARÍTIMO;1820
2015;DEZ;REGIÃO NORDESTE;BAHIA;ÓLEO DIESEL MARÍTIMO;1540
2015;JAN;REGIÃO SUDESTE;MINAS GERAIS;ÓLEO DIESEL MARÍTIMO;0
2015;FEV;REGIÃO SUDESTE;MINAS GERAIS;ÓLEO DIESEL MARÍTIMO;0
2015;MAR;REGIÃO SUDESTE;MINAS GERAIS;ÓLEO DIESEL MARÍTIMO;0
2015;ABR;REGIÃO SUDESTE;MINAS GERAIS;ÓLEO DIESEL MARÍTIMO;0
2015;MAI;REGIÃO SUDESTE;MINAS GERAIS;ÓLEO DIESEL MARÍTIMO;0
2015;JUN;REGIÃO SUDESTE;MINAS GERAIS;ÓLEO DIESEL MARÍTIMO;0
2015;JUL;REGIÃO SUDESTE;MINAS GERAIS;ÓLEO DIESEL MARÍTIMO;0
2015;AGO;REGIÃO SUDESTE;MINAS GERAIS;ÓLEO DIESEL MARÍTIMO;0
2015;SET;REGIÃO SUDESTE;MINAS GERAIS;ÓLEO DIESEL MARÍTIMO;0
2015;OUT;REGIÃO SUDESTE;MINAS GERAIS;ÓLEO DIESEL MARÍTIMO;0
2015;NOV;REGIÃO SUDESTE;MINAS GERAIS;ÓLEO DIESEL MARÍTIMO;0
2015;DEZ;REGIÃO SUDESTE;MINAS GERAIS;ÓLEO DIESEL MARÍTIMO;0
2015;JAN;REGIÃO SUDESTE;ESPÍRITO SANTO;ÓLEO DIESEL MARÍTIMO;3264,697
2015;FEV;REGIÃO SUDESTE;ESPÍRITO SANTO;ÓLEO DIESEL MARÍTIMO;4959,153
2015;MAR;REGIÃO SUDESTE;ESPÍRITO SANTO;ÓLEO DIESEL MARÍTIMO;3473,51
2015;ABR;REGIÃO SUDESTE;ESPÍRITO SANTO;ÓLEO DIESEL MARÍTIMO;3969,499
2015;MAI;REGIÃO SUDESTE;ESPÍRITO SANTO;ÓLEO DIESEL MARÍTIMO;5438,73
2015;JUN;REGIÃO SUDESTE;ESPÍRITO SANTO;ÓLEO DIESEL MARÍTIMO;3434,583
2015;JUL;REGIÃO SUDESTE;ESPÍRITO SANTO;ÓLEO DIESEL MARÍTIMO;3301,495
2015;AGO;REGIÃO SUDESTE;ESPÍRITO SANTO;ÓLEO DIESEL MARÍTIMO;3912,33
2015;SET;REGIÃO SUDESTE;ESPÍRITO SANTO;ÓLEO DIESEL MARÍTIMO;3028,254
2015;OUT;REGIÃO SUDESTE;ESPÍRITO SANTO;ÓLEO DIESEL MARÍTIMO;3089,744
2015;NOV;REGIÃO SUDESTE;ESPÍRITO SANTO;ÓLEO DIESEL MARÍTIMO;3951,721
2015;DEZ;REGIÃO SUDESTE;ESPÍRITO SANTO;ÓLEO DIESEL MARÍTIMO;3579,083
2015;JAN;REGIÃO SUDESTE;RIO DE JANEIRO;ÓLEO DIESEL MARÍTIMO;24679,989
2015;FEV;REGIÃO SUDESTE;RIO DE JANEIRO;ÓLEO DIESEL MARÍTIMO;26600,012
2015;MAR;REGIÃO SUDESTE;RIO DE JANEIRO;ÓLEO DIESEL MARÍTIMO;28891,86
2015;ABR;REGIÃO SUDESTE;RIO DE JANEIRO;ÓLEO DIESEL MARÍTIMO;24747,071
2015;MAI;REGIÃO SUDESTE;RIO DE JANEIRO;ÓLEO DIESEL MARÍTIMO;26766,135
2015;JUN;REGIÃO SUDESTE;RIO DE JANEIRO;ÓLEO DIESEL MARÍTIMO;36996,884
2015;JUL;REGIÃO SUDESTE;RIO DE JANEIRO;ÓLEO DIESEL MARÍTIMO;30275,707
2015;AGO;REGIÃO SUDESTE;RIO DE JANEIRO;ÓLEO DIESEL MARÍTIMO;34468,087
2015;SET;REGIÃO SUDESTE;RIO DE JANEIRO;ÓLEO DIESEL MARÍTIMO;36076,449
2015;OUT;REGIÃO SUDESTE;RIO DE JANEIRO;ÓLEO DIESEL MARÍTIMO;35746,325
2015;NOV;REGIÃO SUDESTE;RIO DE JANEIRO;ÓLEO DIESEL MARÍTIMO;36541,895
2015;DEZ;REGIÃO SUDESTE;RIO DE JANEIRO;ÓLEO DIESEL MARÍTIMO;31316,663
2015;JAN;REGIÃO SUDESTE;SÃO PAULO;ÓLEO DIESEL MARÍTIMO;4032,57
2015;FEV;REGIÃO SUDESTE;SÃO PAULO;ÓLEO DIESEL MARÍTIMO;2056,142
2015;MAR;REGIÃO SUDESTE;SÃO PAULO;ÓLEO DIESEL MARÍTIMO;3618,1
2015;ABR;REGIÃO SUDESTE;SÃO PAULO;ÓLEO DIESEL MARÍTIMO;2102,189
2015;MAI;REGIÃO SUDESTE;SÃO PAULO;ÓLEO DIESEL MARÍTIMO;2309
2015;JUN;REGIÃO SUDESTE;SÃO PAULO;ÓLEO DIESEL MARÍTIMO;3387,024
2015;JUL;REGIÃO SUDESTE;SÃO PAULO;ÓLEO DIESEL MARÍTIMO;4763,285
2015;AGO;REGIÃO SUDESTE;SÃO PAULO;ÓLEO DIESEL MARÍTIMO;3150,3
2015;SET;REGIÃO SUDESTE;SÃO PAULO;ÓLEO DIESEL MARÍTIMO;2787
2015;OUT;REGIÃO SUDESTE;SÃO PAULO;ÓLEO DIESEL MARÍTIMO;3073
2015;NOV;REGIÃO SUDESTE;SÃO PAULO;ÓLEO DIESEL MARÍTIMO;4284,444
2015;DEZ;REGIÃO SUDESTE;SÃO PAULO;ÓLEO DIESEL MARÍTIMO;4293,01
2015;JAN;REGIÃO SUL;PARANÁ;ÓLEO DIESEL MARÍTIMO;779,5
2015;FEV;REGIÃO SUL;PARANÁ;ÓLEO DIESEL MARÍTIMO;395
2015;MAR;REGIÃO SUL;PARANÁ;ÓLEO DIESEL MARÍTIMO;750,702
2015;ABR;REGIÃO SUL;PARANÁ;ÓLEO DIESEL MARÍTIMO;453,5
2015;MAI;REGIÃO SUL;PARANÁ;ÓLEO DIESEL MARÍTIMO;390,5
2015;JUN;REGIÃO SUL;PARANÁ;ÓLEO DIESEL MARÍTIMO;460
2015;JUL;REGIÃO SUL;PARANÁ;ÓLEO DIESEL MARÍTIMO;527,5
2015;AGO;REGIÃO SUL;PARANÁ;ÓLEO DIESEL MARÍTIMO;485
2015;SET;REGIÃO SUL;PARANÁ;ÓLEO DIESEL MARÍTIMO;594
2015;OUT;REGIÃO SUL;PARANÁ;ÓLEO DIESEL MARÍTIMO;506,5
2015;NOV;REGIÃO SUL;PARANÁ;ÓLEO DIESEL MARÍTIMO;432,5
2015;DEZ;REGIÃO SUL;PARANÁ;ÓLEO DIESEL MARÍTIMO;726
2015;JAN;REGIÃO SUL;SANTA CATARINA;ÓLEO DIESEL MARÍTIMO;3294,578
2015;FEV;REGIÃO SUL;SANTA CATARINA;ÓLEO DIESEL MARÍTIMO;5068,767
2015;MAR;REGIÃO SUL;SANTA CATARINA;ÓLEO DIESEL MARÍTIMO;4335,385
2015;ABR;REGIÃO SUL;SANTA CATARINA;ÓLEO DIESEL MARÍTIMO;5458,9
2015;MAI;REGIÃO SUL;SANTA CATARINA;ÓLEO DIESEL MARÍTIMO;5074
2015;JUN;REGIÃO SUL;SANTA CATARINA;ÓLEO DIESEL MARÍTIMO;4705,45
2015;JUL;REGIÃO SUL;SANTA CATARINA;ÓLEO DIESEL MARÍTIMO;5543,261
2015;AGO;REGIÃO SUL;SANTA CATARINA;ÓLEO DIESEL MARÍTIMO;5291,408
2015;SET;REGIÃO SUL;SANTA CATARINA;ÓLEO DIESEL MARÍTIMO;5045,001
2015;OUT;REGIÃO SUL;SANTA CATARINA;ÓLEO DIESEL MARÍTIMO;4799,161
2015;NOV;REGIÃO SUL;SANTA CATARINA;ÓLEO DIESEL MARÍTIMO;4973,965
2015;DEZ;REGIÃO SUL;SANTA CATARINA;ÓLEO DIESEL MARÍTIMO;5948,01
2015;JAN;REGIÃO SUL;RIO GRANDE DO SUL;ÓLEO DIESEL MARÍTIMO;2294
2015;FEV;REGIÃO SUL;RIO GRANDE DO SUL;ÓLEO DIESEL MARÍTIMO;1599
2015;MAR;REGIÃO SUL;RIO GRANDE DO SUL;ÓLEO DIESEL MARÍTIMO;2508
2015;ABR;REGIÃO SUL;RIO GRANDE DO SUL;ÓLEO DIESEL MARÍTIMO;2675
2015;MAI;REGIÃO SUL;RIO GRANDE DO SUL;ÓLEO DIESEL MARÍTIMO;1774
2015;JUN;REGIÃO SUL;RIO GRANDE DO SUL;ÓLEO DIESEL MARÍTIMO;1936
2015;JUL;REGIÃO SUL;RIO GRANDE DO SUL;ÓLEO DIESEL MARÍTIMO;2233
2015;AGO;REGIÃO SUL;RIO GRANDE DO SUL;ÓLEO DIESEL MARÍTIMO;1968
2015;SET;REGIÃO SUL;RIO GRANDE DO SUL;ÓLEO DIESEL MARÍTIMO;1811
2015;OUT;REGIÃO SUL;RIO GRANDE DO SUL;ÓLEO DIESEL MARÍTIMO;2376
2015;NOV;REGIÃO SUL;RIO GRANDE DO SUL;ÓLEO DIESEL MARÍTIMO;2280
2015;DEZ;REGIÃO SUL;RIO GRANDE DO SUL;ÓLEO DIESEL MARÍTIMO;2225
2015;JAN;REGIÃO CENTRO-OESTE;MATO GROSSO DO SUL;ÓLEO DIESEL MARÍTIMO;90
2015;FEV;REGIÃO CENTRO-OESTE;MATO GROSSO DO SUL;ÓLEO DIESEL MARÍTIMO;90
2015;MAR;REGIÃO CENTRO-OESTE;MATO GROSSO DO SUL;ÓLEO DIESEL MARÍTIMO;60
2015;ABR;REGIÃO CENTRO-OESTE;MATO GROSSO DO SUL;ÓLEO DIESEL MARÍTIMO;120
2015;MAI;REGIÃO CENTRO-OESTE;MATO GROSSO DO SUL;ÓLEO DIESEL MARÍTIMO;150
2015;JUN;REGIÃO CENTRO-OESTE;MATO GROSSO DO SUL;ÓLEO DIESEL MARÍTIMO;30
2015;JUL;REGIÃO CENTRO-OESTE;MATO GROSSO DO SUL;ÓLEO DIESEL MARÍTIMO;60
2015;AGO;REGIÃO CENTRO-OESTE;MATO GROSSO DO SUL;ÓLEO DIESEL MARÍTIMO;60
2015;SET;REGIÃO CENTRO-OESTE;MATO GROSSO DO SUL;ÓLEO DIESEL MARÍTIMO;30
2015;OUT;REGIÃO CENTRO-OESTE;MATO GROSSO DO SUL;ÓLEO DIESEL MARÍTIMO;0
2015;NOV;REGIÃO CENTRO-OESTE;MATO GROSSO DO SUL;ÓLEO DIESEL MARÍTIMO;60
2015;DEZ;REGIÃO CENTRO-OESTE;MATO GROSSO DO SUL;ÓLEO DIESEL MARÍTIMO;90
2015;JAN;REGIÃO CENTRO-OESTE;MATO GROSSO;ÓLEO DIESEL MARÍTIMO;0
2015;FEV;REGIÃO CENTRO-OESTE;MATO GROSSO;ÓLEO DIESEL MARÍTIMO;0
2015;MAR;REGIÃO CENTRO-OESTE;MATO GROSSO;ÓLEO DIESEL MARÍTIMO;0
2015;ABR;REGIÃO CENTRO-OESTE;MATO GROSSO;ÓLEO DIESEL MARÍTIMO;0
2015;MAI;REGIÃO CENTRO-OESTE;MATO GROSSO;ÓLEO DIESEL MARÍTIMO;0
2015;JUN;REGIÃO CENTRO-OESTE;MATO GROSSO;ÓLEO DIESEL MARÍTIMO;0
2015;JUL;REGIÃO CENTRO-OESTE;MATO GROSSO;ÓLEO DIESEL MARÍTIMO;0
2015;AGO;REGIÃO CENTRO-OESTE;MATO GROSSO;ÓLEO DIESEL MARÍTIMO;0
2015;SET;REGIÃO CENTRO-OESTE;MATO GROSSO;ÓLEO DIESEL MARÍTIMO;0
2015;OUT;REGIÃO CENTRO-OESTE;MATO GROSSO;ÓLEO DIESEL MARÍTIMO;0
2015;NOV;REGIÃO CENTRO-OESTE;MATO GROSSO;ÓLEO DIESEL MARÍTIMO;0
2015;DEZ;REGIÃO CENTRO-OESTE;MATO GROSSO;ÓLEO DIESEL MARÍTIMO;0
2015;JAN;REGIÃO CENTRO-OESTE;GOIÁS;ÓLEO DIESEL MARÍTIMO;0
2015;FEV;REGIÃO CENTRO-OESTE;GOIÁS;ÓLEO DIESEL MARÍTIMO;0
2015;MAR;REGIÃO CENTRO-OESTE;GOIÁS;ÓLEO DIESEL MARÍTIMO;0
2015;ABR;REGIÃO CENTRO-OESTE;GOIÁS;ÓLEO DIESEL MARÍTIMO;0
2015;MAI;REGIÃO CENTRO-OESTE;GOIÁS;ÓLEO DIESEL MARÍTIMO;0
2015;JUN;REGIÃO CENTRO-OESTE;GOIÁS;ÓLEO DIESEL MARÍTIMO;0
2015;JUL;REGIÃO CENTRO-OESTE;GOIÁS;ÓLEO DIESEL MARÍTIMO;0
2015;AGO;REGIÃO CENTRO-OESTE;GOIÁS;ÓLEO DIESEL MARÍTIMO;0
2015;SET;REGIÃO CENTRO-OESTE;GOIÁS;ÓLEO DIESEL MARÍTIMO;0
2015;OUT;REGIÃO CENTRO-OESTE;GOIÁS;ÓLEO DIESEL MARÍTIMO;0
2015;NOV;REGIÃO CENTRO-OESTE;GOIÁS;ÓLEO DIESEL MARÍTIMO;0
2015;DEZ;REGIÃO CENTRO-OESTE;GOIÁS;ÓLEO DIESEL MARÍTIMO;0
2015;JAN;REGIÃO CENTRO-OESTE;DISTRITO FEDERAL;ÓLEO DIESEL MARÍTIMO;0
2015;FEV;REGIÃO CENTRO-OESTE;DISTRITO FEDERAL;ÓLEO DIESEL MARÍTIMO;0
2015;MAR;REGIÃO CENTRO-OESTE;DISTRITO FEDERAL;ÓLEO DIESEL MARÍTIMO;0
2015;ABR;REGIÃO CENTRO-OESTE;DISTRITO FEDERAL;ÓLEO DIESEL MARÍTIMO;0
2015;MAI;REGIÃO CENTRO-OESTE;DISTRITO FEDERAL;ÓLEO DIESEL MARÍTIMO;0
2015;JUN;REGIÃO CENTRO-OESTE;DISTRITO FEDERAL;ÓLEO DIESEL MARÍTIMO;0
2015;JUL;REGIÃO CENTRO-OESTE;DISTRITO FEDERAL;ÓLEO DIESEL MARÍTIMO;0
2015;AGO;REGIÃO CENTRO-OESTE;DISTRITO FEDERAL;ÓLEO DIESEL MARÍTIMO;0
2015;SET;REGIÃO CENTRO-OESTE;DISTRITO FEDERAL;ÓLEO DIESEL MARÍTIMO;0
2015;OUT;REGIÃO CENTRO-OESTE;DISTRITO FEDERAL;ÓLEO DIESEL MARÍTIMO;0
2015;NOV;REGIÃO CENTRO-OESTE;DISTRITO FEDERAL;ÓLEO DIESEL MARÍTIMO;0
2015;DEZ;REGIÃO CENTRO-OESTE;DISTRITO FEDERAL;ÓLEO DIESEL MARÍTIMO;0
2015;JAN;REGIÃO NORTE;RONDÔNIA;ÓLEO DIESEL (OUTROS );0
2015;FEV;REGIÃO NORTE;RONDÔNIA;ÓLEO DIESEL (OUTROS );10
2015;MAR;REGIÃO NORTE;RONDÔNIA;ÓLEO DIESEL (OUTROS );5
2015;ABR;REGIÃO NORTE;RONDÔNIA;ÓLEO DIESEL (OUTROS );0
2015;MAI;REGIÃO NORTE;RONDÔNIA;ÓLEO DIESEL (OUTROS );10
2015;JUN;REGIÃO NORTE;RONDÔNIA;ÓLEO DIESEL (OUTROS );0
2015;JUL;REGIÃO NORTE;RONDÔNIA;ÓLEO DIESEL (OUTROS );25
2015;AGO;REGIÃO NORTE;RONDÔNIA;ÓLEO DIESEL (OUTROS );10
2015;SET;REGIÃO NORTE;RONDÔNIA;ÓLEO DIESEL (OUTROS );83
2015;OUT;REGIÃO NORTE;RONDÔNIA;ÓLEO DIESEL (OUTROS );126
2015;NOV;REGIÃO NORTE;RONDÔNIA;ÓLEO DIESEL (OUTROS );166
2015;DEZ;REGIÃO NORTE;RONDÔNIA;ÓLEO DIESEL (OUTROS );228,5
2015;JAN;REGIÃO NORTE;ACRE;ÓLEO DIESEL (OUTROS );0
2015;FEV;REGIÃO NORTE;ACRE;ÓLEO DIESEL (OUTROS );0
2015;MAR;REGIÃO NORTE;ACRE;ÓLEO DIESEL (OUTROS );0
2015;ABR;REGIÃO NORTE;ACRE;ÓLEO DIESEL (OUTROS );0
2015;MAI;REGIÃO NORTE;ACRE;ÓLEO DIESEL (OUTROS );0
2015;JUN;REGIÃO NORTE;ACRE;ÓLEO DIESEL (OUTROS );0
2015;JUL;REGIÃO NORTE;ACRE;ÓLEO DIESEL (OUTROS );0
2015;AGO;REGIÃO NORTE;ACRE;ÓLEO DIESEL (OUTROS );0
2015;SET;REGIÃO NORTE;ACRE;ÓLEO DIESEL (OUTROS );0
2015;OUT;REGIÃO NORTE;ACRE;ÓLEO DIESEL (OUTROS );0
2015;NOV;REGIÃO NORTE;ACRE;ÓLEO DIESEL (OUTROS );0
2015;DEZ;REGIÃO NORTE;ACRE;ÓLEO DIESEL (OUTROS );0
2015;JAN;REGIÃO NORTE;AMAZONAS;ÓLEO DIESEL (OUTROS );0
2015;FEV;REGIÃO NORTE;AMAZONAS;ÓLEO DIESEL (OUTROS );0
2015;MAR;REGIÃO NORTE;AMAZONAS;ÓLEO DIESEL (OUTROS );0
2015;ABR;REGIÃO NORTE;AMAZONAS;ÓLEO DIESEL (OUTROS );0
2015;MAI;REGIÃO NORTE;AMAZONAS;ÓLEO DIESEL (OUTROS );0
2015;JUN;REGIÃO NORTE;AMAZONAS;ÓLEO DIESEL (OUTROS );0
2015;JUL;REGIÃO NORTE;AMAZONAS;ÓLEO DIESEL (OUTROS );0
2015;AGO;REGIÃO NORTE;AMAZONAS;ÓLEO DIESEL (OUTROS );0
2015;SET;REGIÃO NORTE;AMAZONAS;ÓLEO DIESEL (OUTROS );0
2015;OUT;REGIÃO NORTE;AMAZONAS;ÓLEO DIESEL (OUTROS );0
2015;NOV;REGIÃO NORTE;AMAZONAS;ÓLEO DIESEL (OUTROS );0
2015;DEZ;REGIÃO NORTE;AMAZONAS;ÓLEO DIESEL (OUTROS );0
2015;JAN;REGIÃO NORTE;RORAIMA;ÓLEO DIESEL (OUTROS );0
2015;FEV;REGIÃO NORTE;RORAIMA;ÓLEO DIESEL (OUTROS );0
2015;MAR;REGIÃO NORTE;RORAIMA;ÓLEO DIESEL (OUTROS );0
2015;ABR;REGIÃO NORTE;RORAIMA;ÓLEO DIESEL (OUTROS );0
2015;MAI;REGIÃO NORTE;RORAIMA;ÓLEO DIESEL (OUTROS );0
2015;JUN;REGIÃO NORTE;RORAIMA;ÓLEO DIESEL (OUTROS );0
2015;JUL;REGIÃO NORTE;RORAIMA;ÓLEO DIESEL (OUTROS );0
2015;AGO;REGIÃO NORTE;RORAIMA;ÓLEO DIESEL (OUTROS );0
2015;SET;REGIÃO NORTE;RORAIMA;ÓLEO DIESEL (OUTROS );0
2015;OUT;REGIÃO NORTE;RORAIMA;ÓLEO DIESEL (OUTROS );0
2015;NOV;REGIÃO NORTE;RORAIMA;ÓLEO DIESEL (OUTROS );0
2015;DEZ;REGIÃO NORTE;RORAIMA;ÓLEO DIESEL (OUTROS );0
2015;JAN;REGIÃO NORTE;PARÁ;ÓLEO DIESEL (OUTROS );0
2015;FEV;REGIÃO NORTE;PARÁ;ÓLEO DIESEL (OUTROS );0
2015;MAR;REGIÃO NORTE;PARÁ;ÓLEO DIESEL (OUTROS );0
2015;ABR;REGIÃO NORTE;PARÁ;ÓLEO DIESEL (OUTROS );0
2015;MAI;REGIÃO NORTE;PARÁ;ÓLEO DIESEL (OUTROS );0
2015;JUN;REGIÃO NORTE;PARÁ;ÓLEO DIESEL (OUTROS );0
2015;JUL;REGIÃO NORTE;PARÁ;ÓLEO DIESEL (OUTROS );0
2015;AGO;REGIÃO NORTE;PARÁ;ÓLEO DIESEL (OUTROS );0
2015;SET;REGIÃO NORTE;PARÁ;ÓLEO DIESEL (OUTROS );0
2015;OUT;REGIÃO NORTE;PARÁ;ÓLEO DIESEL (OUTROS );0
2015;NOV;REGIÃO NORTE;PARÁ;ÓLEO DIESEL (OUTROS );0
2015;DEZ;REGIÃO NORTE;PARÁ;ÓLEO DIESEL (OUTROS );0
2015;JAN;REGIÃO NORTE;AMAPÁ;ÓLEO DIESEL (OUTROS );0
2015;FEV;REGIÃO NORTE;AMAPÁ;ÓLEO DIESEL (OUTROS );0
2015;MAR;REGIÃO NORTE;AMAPÁ;ÓLEO DIESEL (OUTROS );0
2015;ABR;REGIÃO NORTE;AMAPÁ;ÓLEO DIESEL (OUTROS );0
2015;MAI;REGIÃO NORTE;AMAPÁ;ÓLEO DIESEL (OUTROS );0
2015;JUN;REGIÃO NORTE;AMAPÁ;ÓLEO DIESEL (OUTROS );0
2015;JUL;REGIÃO NORTE;AMAPÁ;ÓLEO DIESEL (OUTROS );0
2015;AGO;REGIÃO NORTE;AMAPÁ;ÓLEO DIESEL (OUTROS );0
2015;SET;REGIÃO NORTE;AMAPÁ;ÓLEO DIESEL (OUTROS );0
2015;OUT;REGIÃO NORTE;AMAPÁ;ÓLEO DIESEL (OUTROS );0
2015;NOV;REGIÃO NORTE;AMAPÁ;ÓLEO DIESEL (OUTROS );0
2015;DEZ;REGIÃO NORTE;AMAPÁ;ÓLEO DIESEL (OUTROS );0
2015;JAN;REGIÃO NORTE;TOCANTINS;ÓLEO DIESEL (OUTROS );0
2015;FEV;REGIÃO NORTE;TOCANTINS;ÓLEO DIESEL (OUTROS );0
2015;MAR;REGIÃO NORTE;TOCANTINS;ÓLEO DIESEL (OUTROS );0
2015;ABR;REGIÃO NORTE;TOCANTINS;ÓLEO DIESEL (OUTROS );0
2015;MAI;REGIÃO NORTE;TOCANTINS;ÓLEO DIESEL (OUTROS );0
2015;JUN;REGIÃO NORTE;TOCANTINS;ÓLEO DIESEL (OUTROS );0
2015;JUL;REGIÃO NORTE;TOCANTINS;ÓLEO DIESEL (OUTROS );0
2015;AGO;REGIÃO NORTE;TOCANTINS;ÓLEO DIESEL (OUTROS );0
2015;SET;REGIÃO NORTE;TOCANTINS;ÓLEO DIESEL (OUTROS );0
2015;OUT;REGIÃO NORTE;TOCANTINS;ÓLEO DIESEL (OUTROS );0
2015;NOV;REGIÃO NORTE;TOCANTINS;ÓLEO DIESEL (OUTROS );0
2015;DEZ;REGIÃO NORTE;TOCANTINS;ÓLEO DIESEL (OUTROS );0
2015;JAN;REGIÃO NORDESTE;MARANHÃO;ÓLEO DIESEL (OUTROS );0
2015;FEV;REGIÃO NORDESTE;MARANHÃO;ÓLEO DIESEL (OUTROS );0
2015;MAR;REGIÃO NORDESTE;MARANHÃO;ÓLEO DIESEL (OUTROS );0
2015;ABR;REGIÃO NORDESTE;MARANHÃO;ÓLEO DIESEL (OUTROS );0
2015;MAI;REGIÃO NORDESTE;MARANHÃO;ÓLEO DIESEL (OUTROS );0
2015;JUN;REGIÃO NORDESTE;MARANHÃO;ÓLEO DIESEL (OUTROS );0
2015;JUL;REGIÃO NORDESTE;MARANHÃO;ÓLEO DIESEL (OUTROS );0
2015;AGO;REGIÃO NORDESTE;MARANHÃO;ÓLEO DIESEL (OUTROS );0
2015;SET;REGIÃO NORDESTE;MARANHÃO;ÓLEO DIESEL (OUTROS );0
2015;OUT;REGIÃO NORDESTE;MARANHÃO;ÓLEO DIESEL (OUTROS );0
2015;NOV;REGIÃO NORDESTE;MARANHÃO;ÓLEO DIESEL (OUTROS );0
2015;DEZ;REGIÃO NORDESTE;MARANHÃO;ÓLEO DIESEL (OUTROS );0
2015;JAN;REGIÃO NORDESTE;PIAUÍ;ÓLEO DIESEL (OUTROS );0
2015;FEV;REGIÃO NORDESTE;PIAUÍ;ÓLEO DIESEL (OUTROS );0
2015;MAR;REGIÃO NORDESTE;PIAUÍ;ÓLEO DIESEL (OUTROS );0
2015;ABR;REGIÃO NORDESTE;PIAUÍ;ÓLEO DIESEL (OUTROS );0
2015;MAI;REGIÃO NORDESTE;PIAUÍ;ÓLEO DIESEL (OUTROS );0
2015;JUN;REGIÃO NORDESTE;PIAUÍ;ÓLEO DIESEL (OUTROS );0
2015;JUL;REGIÃO NORDESTE;PIAUÍ;ÓLEO DIESEL (OUTROS );0
2015;AGO;REGIÃO NORDESTE;PIAUÍ;ÓLEO DIESEL (OUTROS );0
2015;SET;REGIÃO NORDESTE;PIAUÍ;ÓLEO DIESEL (OUTROS );0
2015;OUT;REGIÃO NORDESTE;PIAUÍ;ÓLEO DIESEL (OUTROS );0
2015;NOV;REGIÃO NORDESTE;PIAUÍ;ÓLEO DIESEL (OUTROS );0
2015;DEZ;REGIÃO NORDESTE;PIAUÍ;ÓLEO DIESEL (OUTROS );0
2015;JAN;REGIÃO NORDESTE;CEARÁ;ÓLEO DIESEL (OUTROS );0
2015;FEV;REGIÃO NORDESTE;CEARÁ;ÓLEO DIESEL (OUTROS );0
2015;MAR;REGIÃO NORDESTE;CEARÁ;ÓLEO DIESEL (OUTROS );0
2015;ABR;REGIÃO NORDESTE;CEARÁ;ÓLEO DIESEL (OUTROS );0
2015;MAI;REGIÃO NORDESTE;CEARÁ;ÓLEO DIESEL (OUTROS );0
2015;JUN;REGIÃO NORDESTE;CEARÁ;ÓLEO DIESEL (OUTROS );0
2015;JUL;REGIÃO NORDESTE;CEARÁ;ÓLEO DIESEL (OUTROS );0
2015;AGO;REGIÃO NORDESTE;CEARÁ;ÓLEO DIESEL (OUTROS );0
2015;SET;REGIÃO NORDESTE;CEARÁ;ÓLEO DIESEL (OUTROS );0
2015;OUT;REGIÃO NORDESTE;CEARÁ;ÓLEO DIESEL (OUTROS );0
2015;NOV;REGIÃO NORDESTE;CEARÁ;ÓLEO DIESEL (OUTROS );0
2015;DEZ;REGIÃO NORDESTE;CEARÁ;ÓLEO DIESEL (OUTROS );0
2015;JAN;REGIÃO NORDESTE;RIO GRANDE DO NORTE;ÓLEO DIESEL (OUTROS );0
2015;FEV;REGIÃO NORDESTE;RIO GRANDE DO NORTE;ÓLEO DIESEL (OUTROS );0
2015;MAR;REGIÃO NORDESTE;RIO GRANDE DO NORTE;ÓLEO DIESEL (OUTROS );0
2015;ABR;REGIÃO NORDESTE;RIO GRANDE DO NORTE;ÓLEO DIESEL (OUTROS );0
2015;MAI;REGIÃO NORDESTE;RIO GRANDE DO NORTE;ÓLEO DIESEL (OUTROS );0
2015;JUN;REGIÃO NORDESTE;RIO GRANDE DO NORTE;ÓLEO DIESEL (OUTROS );0
2015;JUL;REGIÃO NORDESTE;RIO GRANDE DO NORTE;ÓLEO DIESEL (OUTROS );0
2015;AGO;REGIÃO NORDESTE;RIO GRANDE DO NORTE;ÓLEO DIESEL (OUTROS );0
2015;SET;REGIÃO NORDESTE;RIO GRANDE DO NORTE;ÓLEO DIESEL (OUTROS );0
2015;OUT;REGIÃO NORDESTE;RIO GRANDE DO NORTE;ÓLEO DIESEL (OUTROS );0
2015;NOV;REGIÃO NORDESTE;RIO GRANDE DO NORTE;ÓLEO DIESEL (OUTROS );0
2015;DEZ;REGIÃO NORDESTE;RIO GRANDE DO NORTE;ÓLEO DIESEL (OUTROS );0
2015;JAN;REGIÃO NORDESTE;PARAÍBA;ÓLEO DIESEL (OUTROS );0
2015;FEV;REGIÃO NORDESTE;PARAÍBA;ÓLEO DIESEL (OUTROS );0
2015;MAR;REGIÃO NORDESTE;PARAÍBA;ÓLEO DIESEL (OUTROS );0
2015;ABR;REGIÃO NORDESTE;PARAÍBA;ÓLEO DIESEL (OUTROS );0
2015;MAI;REGIÃO NORDESTE;PARAÍBA;ÓLEO DIESEL (OUTROS );0
2015;JUN;REGIÃO NORDESTE;PARAÍBA;ÓLEO DIESEL (OUTROS );0
2015;JUL;REGIÃO NORDESTE;PARAÍBA;ÓLEO DIESEL (OUTROS );0
2015;AGO;REGIÃO NORDESTE;PARAÍBA;ÓLEO DIESEL (OUTROS );0
2015;SET;REGIÃO NORDESTE;PARAÍBA;ÓLEO DIESEL (OUTROS );0
2015;OUT;REGIÃO NORDESTE;PARAÍBA;ÓLEO DIESEL (OUTROS );0
2015;NOV;REGIÃO NORDESTE;PARAÍBA;ÓLEO DIESEL (OUTROS );0
2015;DEZ;REGIÃO NORDESTE;PARAÍBA;ÓLEO DIESEL (OUTROS );0
2015;JAN;REGIÃO NORDESTE;PERNAMBUCO;ÓLEO DIESEL (OUTROS );473,5
2015;FEV;REGIÃO NORDESTE;PERNAMBUCO;ÓLEO DIESEL (OUTROS );382,5
2015;MAR;REGIÃO NORDESTE;PERNAMBUCO;ÓLEO DIESEL (OUTROS );345,5
2015;ABR;REGIÃO NORDESTE;PERNAMBUCO;ÓLEO DIESEL (OUTROS );341
2015;MAI;REGIÃO NORDESTE;PERNAMBUCO;ÓLEO DIESEL (OUTROS );369
2015;JUN;REGIÃO NORDESTE;PERNAMBUCO;ÓLEO DIESEL (OUTROS );278
2015;JUL;REGIÃO NORDESTE;PERNAMBUCO;ÓLEO DIESEL (OUTROS );245
2015;AGO;REGIÃO NORDESTE;PERNAMBUCO;ÓLEO DIESEL (OUTROS );137,5
2015;SET;REGIÃO NORDESTE;PERNAMBUCO;ÓLEO DIESEL (OUTROS );121,5
2015;OUT;REGIÃO NORDESTE;PERNAMBUCO;ÓLEO DIESEL (OUTROS );92
2015;NOV;REGIÃO NORDESTE;PERNAMBUCO;ÓLEO DIESEL (OUTROS );78,5
2015;DEZ;REGIÃO NORDESTE;PERNAMBUCO;ÓLEO DIESEL (OUTROS );92,5
2015;JAN;REGIÃO NORDESTE;ALAGOAS;ÓLEO DIESEL (OUTROS );0
2015;FEV;REGIÃO NORDESTE;ALAGOAS;ÓLEO DIESEL (OUTROS );0
2015;MAR;REGIÃO NORDESTE;ALAGOAS;ÓLEO DIESEL (OUTROS );0
2015;ABR;REGIÃO NORDESTE;ALAGOAS;ÓLEO DIESEL (OUTROS );0
2015;MAI;REGIÃO NORDESTE;ALAGOAS;ÓLEO DIESEL (OUTROS );0
2015;JUN;REGIÃO NORDESTE;ALAGOAS;ÓLEO DIESEL (OUTROS );0
2015;JUL;REGIÃO NORDESTE;ALAGOAS;ÓLEO DIESEL (OUTROS );0
2015;AGO;REGIÃO NORDESTE;ALAGOAS;ÓLEO DIESEL (OUTROS );0
2015;SET;REGIÃO NORDESTE;ALAGOAS;ÓLEO DIESEL (OUTROS );0
2015;OUT;REGIÃO NORDESTE;ALAGOAS;ÓLEO DIESEL (OUTROS );0
2015;NOV;REGIÃO NORDESTE;ALAGOAS;ÓLEO DIESEL (OUTROS );0
2015;DEZ;REGIÃO NORDESTE;ALAGOAS;ÓLEO DIESEL (OUTROS );0
2015;JAN;REGIÃO NORDESTE;SERGIPE;ÓLEO DIESEL (OUTROS );0
2015;FEV;REGIÃO NORDESTE;SERGIPE;ÓLEO DIESEL (OUTROS );0
2015;MAR;REGIÃO NORDESTE;SERGIPE;ÓLEO DIESEL (OUTROS );0
2015;ABR;REGIÃO NORDESTE;SERGIPE;ÓLEO DIESEL (OUTROS );0
2015;MAI;REGIÃO NORDESTE;SERGIPE;ÓLEO DIESEL (OUTROS );0
2015;JUN;REGIÃO NORDESTE;SERGIPE;ÓLEO DIESEL (OUTROS );0
2015;JUL;REGIÃO NORDESTE;SERGIPE;ÓLEO DIESEL (OUTROS );0
2015;AGO;REGIÃO NORDESTE;SERGIPE;ÓLEO DIESEL (OUTROS );0
2015;SET;REGIÃO NORDESTE;SERGIPE;ÓLEO DIESEL (OUTROS );0
2015;OUT;REGIÃO NORDESTE;SERGIPE;ÓLEO DIESEL (OUTROS );0
2015;NOV;REGIÃO NORDESTE;SERGIPE;ÓLEO DIESEL (OUTROS );0
2015;DEZ;REGIÃO NORDESTE;SERGIPE;ÓLEO DIESEL (OUTROS );0
2015;JAN;REGIÃO NORDESTE;BAHIA;ÓLEO DIESEL (OUTROS );0
2015;FEV;REGIÃO NORDESTE;BAHIA;ÓLEO DIESEL (OUTROS );0
2015;MAR;REGIÃO NORDESTE;BAHIA;ÓLEO DIESEL (OUTROS );0
2015;ABR;REGIÃO NORDESTE;BAHIA;ÓLEO DIESEL (OUTROS );0
2015;MAI;REGIÃO NORDESTE;BAHIA;ÓLEO DIESEL (OUTROS );0
2015;JUN;REGIÃO NORDESTE;BAHIA;ÓLEO DIESEL (OUTROS );0
2015;JUL;REGIÃO NORDESTE;BAHIA;ÓLEO DIESEL (OUTROS );0
2015;AGO;REGIÃO NORDESTE;BAHIA;ÓLEO DIESEL (OUTROS );0
2015;SET;REGIÃO NORDESTE;BAHIA;ÓLEO DIESEL (OUTROS );0
2015;OUT;REGIÃO NORDESTE;BAHIA;ÓLEO DIESEL (OUTROS );0
2015;NOV;REGIÃO NORDESTE;BAHIA;ÓLEO DIESEL (OUTROS );0
2015;DEZ;REGIÃO NORDESTE;BAHIA;ÓLEO DIESEL (OUTROS );0
2015;JAN;REGIÃO SUDESTE;MINAS GERAIS;ÓLEO DIESEL (OUTROS );18,393
2015;FEV;REGIÃO SUDESTE;MINAS GERAIS;ÓLEO DIESEL (OUTROS );4,694
2015;MAR;REGIÃO SUDESTE;MINAS GERAIS;ÓLEO DIESEL (OUTROS );0
2015;ABR;REGIÃO SUDESTE;MINAS GERAIS;ÓLEO DIESEL (OUTROS );13,454
2015;MAI;REGIÃO SUDESTE;MINAS GERAIS;ÓLEO DIESEL (OUTROS );7,106
2015;JUN;REGIÃO SUDESTE;MINAS GERAIS;ÓLEO DIESEL (OUTROS );11,713
2015;JUL;REGIÃO SUDESTE;MINAS GERAIS;ÓLEO DIESEL (OUTROS );5,277
2015;AGO;REGIÃO SUDESTE;MINAS GERAIS;ÓLEO DIESEL (OUTROS );5,892
2015;SET;REGIÃO SUDESTE;MINAS GERAIS;ÓLEO DIESEL (OUTROS );5,271
2015;OUT;REGIÃO SUDESTE;MINAS GERAIS;ÓLEO DIESEL (OUTROS );5,53
2015;NOV;REGIÃO SUDESTE;MINAS GERAIS;ÓLEO DIESEL (OUTROS );5,844
2015;DEZ;REGIÃO SUDESTE;MINAS GERAIS;ÓLEO DIESEL (OUTROS );5,231
2015;JAN;REGIÃO SUDESTE;ESPÍRITO SANTO;ÓLEO DIESEL (OUTROS );0
2015;FEV;REGIÃO SUDESTE;ESPÍRITO SANTO;ÓLEO DIESEL (OUTROS );0
2015;MAR;REGIÃO SUDESTE;ESPÍRITO SANTO;ÓLEO DIESEL (OUTROS );0
2015;ABR;REGIÃO SUDESTE;ESPÍRITO SANTO;ÓLEO DIESEL (OUTROS );0
2015;MAI;REGIÃO SUDESTE;ESPÍRITO SANTO;ÓLEO DIESEL (OUTROS );0
2015;JUN;REGIÃO SUDESTE;ESPÍRITO SANTO;ÓLEO DIESEL (OUTROS );0
2015;JUL;REGIÃO SUDESTE;ESPÍRITO SANTO;ÓLEO DIESEL (OUTROS );0
2015;AGO;REGIÃO SUDESTE;ESPÍRITO SANTO;ÓLEO DIESEL (OUTROS );0
2015;SET;REGIÃO SUDESTE;ESPÍRITO SANTO;ÓLEO DIESEL (OUTROS );0
2015;OUT;REGIÃO SUDESTE;ESPÍRITO SANTO;ÓLEO DIESEL (OUTROS );0
2015;NOV;REGIÃO SUDESTE;ESPÍRITO SANTO;ÓLEO DIESEL (OUTROS );0
2015;DEZ;REGIÃO SUDESTE;ESPÍRITO SANTO;ÓLEO DIESEL (OUTROS );0
2015;JAN;REGIÃO SUDESTE;RIO DE JANEIRO;ÓLEO DIESEL (OUTROS );1983,222
2015;FEV;REGIÃO SUDESTE;RIO DE JANEIRO;ÓLEO DIESEL (OUTROS );1210,28
2015;MAR;REGIÃO SUDESTE;RIO DE JANEIRO;ÓLEO DIESEL (OUTROS );692,486
2015;ABR;REGIÃO SUDESTE;RIO DE JANEIRO;ÓLEO DIESEL (OUTROS );1197,409
2015;MAI;REGIÃO SUDESTE;RIO DE JANEIRO;ÓLEO DIESEL (OUTROS );655,301
2015;JUN;REGIÃO SUDESTE;RIO DE JANEIRO;ÓLEO DIESEL (OUTROS );778,346
2015;JUL;REGIÃO SUDESTE;RIO DE JANEIRO;ÓLEO DIESEL (OUTROS );870,243
2015;AGO;REGIÃO SUDESTE;RIO DE JANEIRO;ÓLEO DIESEL (OUTROS );765,319
2015;SET;REGIÃO SUDESTE;RIO DE JANEIRO;ÓLEO DIESEL (OUTROS );879,103
2015;OUT;REGIÃO SUDESTE;RIO DE JANEIRO;ÓLEO DIESEL (OUTROS );1147,638
2015;NOV;REGIÃO SUDESTE;RIO DE JANEIRO;ÓLEO DIESEL (OUTROS );779,017
2015;DEZ;REGIÃO SUDESTE;RIO DE JANEIRO;ÓLEO DIESEL (OUTROS );2117,938
2015;JAN;REGIÃO SUDESTE;SÃO PAULO;ÓLEO DIESEL (OUTROS );1545,509
2015;FEV;REGIÃO SUDESTE;SÃO PAULO;ÓLEO DIESEL (OUTROS );1059,22
2015;MAR;REGIÃO SUDESTE;SÃO PAULO;ÓLEO DIESEL (OUTROS );804,813
2015;ABR;REGIÃO SUDESTE;SÃO PAULO;ÓLEO DIESEL (OUTROS );1004,226
2015;MAI;REGIÃO SUDESTE;SÃO PAULO;ÓLEO DIESEL (OUTROS );619,218
2015;JUN;REGIÃO SUDESTE;SÃO PAULO;ÓLEO DIESEL (OUTROS );733,785
2015;JUL;REGIÃO SUDESTE;SÃO PAULO;ÓLEO DIESEL (OUTROS );750,445
2015;AGO;REGIÃO SUDESTE;SÃO PAULO;ÓLEO DIESEL (OUTROS );872,343
2015;SET;REGIÃO SUDESTE;SÃO PAULO;ÓLEO DIESEL (OUTROS );724,101
2015;OUT;REGIÃO SUDESTE;SÃO PAULO;ÓLEO DIESEL (OUTROS );847
2015;NOV;REGIÃO SUDESTE;SÃO PAULO;ÓLEO DIESEL (OUTROS );814
2015;DEZ;REGIÃO SUDESTE;SÃO PAULO;ÓLEO DIESEL (OUTROS );1588
2015;JAN;REGIÃO SUL;PARANÁ;ÓLEO DIESEL (OUTROS );81
2015;FEV;REGIÃO SUL;PARANÁ;ÓLEO DIESEL (OUTROS );46,474
2015;MAR;REGIÃO SUL;PARANÁ;ÓLEO DIESEL (OUTROS );78,243
2015;ABR;REGIÃO SUL;PARANÁ;ÓLEO DIESEL (OUTROS );85,596
2015;MAI;REGIÃO SUL;PARANÁ;ÓLEO DIESEL (OUTROS );69,075
2015;JUN;REGIÃO SUL;PARANÁ;ÓLEO DIESEL (OUTROS );71,642
2015;JUL;REGIÃO SUL;PARANÁ;ÓLEO DIESEL (OUTROS );51,304
2015;AGO;REGIÃO SUL;PARANÁ;ÓLEO DIESEL (OUTROS );42,39
2015;SET;REGIÃO SUL;PARANÁ;ÓLEO DIESEL (OUTROS );57,686
2015;OUT;REGIÃO SUL;PARANÁ;ÓLEO DIESEL (OUTROS );23,786
2015;NOV;REGIÃO SUL;PARANÁ;ÓLEO DIESEL (OUTROS );21,086
2015;DEZ;REGIÃO SUL;PARANÁ;ÓLEO DIESEL (OUTROS );21,583
2015;JAN;REGIÃO SUL;SANTA CATARINA;ÓLEO DIESEL (OUTROS );55
2015;FEV;REGIÃO SUL;SANTA CATARINA;ÓLEO DIESEL (OUTROS );51
2015;MAR;REGIÃO SUL;SANTA CATARINA;ÓLEO DIESEL (OUTROS );55
2015;ABR;REGIÃO SUL;SANTA CATARINA;ÓLEO DIESEL (OUTROS );45
2015;MAI;REGIÃO SUL;SANTA CATARINA;ÓLEO DIESEL (OUTROS );35
2015;JUN;REGIÃO SUL;SANTA CATARINA;ÓLEO DIESEL (OUTROS );20
2015;JUL;REGIÃO SUL;SANTA CATARINA;ÓLEO DIESEL (OUTROS );20
2015;AGO;REGIÃO SUL;SANTA CATARINA;ÓLEO DIESEL (OUTROS );15
2015;SET;REGIÃO SUL;SANTA CATARINA;ÓLEO DIESEL (OUTROS );25
2015;OUT;REGIÃO SUL;SANTA CATARINA;ÓLEO DIESEL (OUTROS );15
2015;NOV;REGIÃO SUL;SANTA CATARINA;ÓLEO DIESEL (OUTROS );30
2015;DEZ;REGIÃO SUL;SANTA CATARINA;ÓLEO DIESEL (OUTROS );21,5
2015;JAN;REGIÃO SUL;RIO GRANDE DO SUL;ÓLEO DIESEL (OUTROS );0
2015;FEV;REGIÃO SUL;RIO GRANDE DO SUL;ÓLEO DIESEL (OUTROS );0
2015;MAR;REGIÃO SUL;RIO GRANDE DO SUL;ÓLEO DIESEL (OUTROS );0
2015;ABR;REGIÃO SUL;RIO GRANDE DO SUL;ÓLEO DIESEL (OUTROS );0
2015;MAI;REGIÃO SUL;RIO GRANDE DO SUL;ÓLEO DIESEL (OUTROS );0
2015;JUN;REGIÃO SUL;RIO GRANDE DO SUL;ÓLEO DIESEL (OUTROS );0
2015;JUL;REGIÃO SUL;RIO GRANDE DO SUL;ÓLEO DIESEL (OUTROS );41,888
2015;AGO;REGIÃO SUL;RIO GRANDE DO SUL;ÓLEO DIESEL (OUTROS );184,441
2015;SET;REGIÃO SUL;RIO GRANDE DO SUL;ÓLEO DIESEL (OUTROS );0
2015;OUT;REGIÃO SUL;RIO GRANDE DO SUL;ÓLEO DIESEL (OUTROS );0
2015;NOV;REGIÃO SUL;RIO GRANDE DO SUL;ÓLEO DIESEL (OUTROS );0
2015;DEZ;REGIÃO SUL;RIO GRANDE DO SUL;ÓLEO DIESEL (OUTROS );409,733
2015;JAN;REGIÃO CENTRO-OESTE;MATO GROSSO DO SUL;ÓLEO DIESEL (OUTROS );0
2015;FEV;REGIÃO CENTRO-OESTE;MATO GROSSO DO SUL;ÓLEO DIESEL (OUTROS );0
2015;MAR;REGIÃO CENTRO-OESTE;MATO GROSSO DO SUL;ÓLEO DIESEL (OUTROS );0
2015;ABR;REGIÃO CENTRO-OESTE;MATO GROSSO DO SUL;ÓLEO DIESEL (OUTROS );0
2015;MAI;REGIÃO CENTRO-OESTE;MATO GROSSO DO SUL;ÓLEO DIESEL (OUTROS );0
2015;JUN;REGIÃO CENTRO-OESTE;MATO GROSSO DO SUL;ÓLEO DIESEL (OUTROS );0
2015;JUL;REGIÃO CENTRO-OESTE;MATO GROSSO DO SUL;ÓLEO DIESEL (OUTROS );0
2015;AGO;REGIÃO CENTRO-OESTE;MATO GROSSO DO SUL;ÓLEO DIESEL (OUTROS );0
2015;SET;REGIÃO CENTRO-OESTE;MATO GROSSO DO SUL;ÓLEO DIESEL (OUTROS );0
2015;OUT;REGIÃO CENTRO-OESTE;MATO GROSSO DO SUL;ÓLEO DIESEL (OUTROS );0
2015;NOV;REGIÃO CENTRO-OESTE;MATO GROSSO DO SUL;ÓLEO DIESEL (OUTROS );0
2015;DEZ;REGIÃO CENTRO-OESTE;MATO GROSSO DO SUL;ÓLEO DIESEL (OUTROS );0
2015;JAN;REGIÃO CENTRO-OESTE;MATO GROSSO;ÓLEO DIESEL (OUTROS );0
2015;FEV;REGIÃO CENTRO-OESTE;MATO GROSSO;ÓLEO DIESEL (OUTROS );0
2015;MAR;REGIÃO CENTRO-OESTE;MATO GROSSO;ÓLEO DIESEL (OUTROS );0
2015;ABR;REGIÃO CENTRO-OESTE;MATO GROSSO;ÓLEO DIESEL (OUTROS );0
2015;MAI;REGIÃO CENTRO-OESTE;MATO GROSSO;ÓLEO DIESEL (OUTROS );0
2015;JUN;REGIÃO CENTRO-OESTE;MATO GROSSO;ÓLEO DIESEL (OUTROS );0
2015;JUL;REGIÃO CENTRO-OESTE;MATO GROSSO;ÓLEO DIESEL (OUTROS );0
2015;AGO;REGIÃO CENTRO-OESTE;MATO GROSSO;ÓLEO DIESEL (OUTROS );0
2015;SET;REGIÃO CENTRO-OESTE;MATO GROSSO;ÓLEO DIESEL (OUTROS );0
2015;OUT;REGIÃO CENTRO-OESTE;MATO GROSSO;ÓLEO DIESEL (OUTROS );0
2015;NOV;REGIÃO CENTRO-OESTE;MATO GROSSO;ÓLEO DIESEL (OUTROS );0
2015;DEZ;REGIÃO CENTRO-OESTE;MATO GROSSO;ÓLEO DIESEL (OUTROS );0
2015;JAN;REGIÃO CENTRO-OESTE;GOIÁS;ÓLEO DIESEL (OUTROS );0
2015;FEV;REGIÃO CENTRO-OESTE;GOIÁS;ÓLEO DIESEL (OUTROS );0
2015;MAR;REGIÃO CENTRO-OESTE;GOIÁS;ÓLEO DIESEL (OUTROS );0
2015;ABR;REGIÃO CENTRO-OESTE;GOIÁS;ÓLEO DIESEL (OUTROS );0
2015;MAI;REGIÃO CENTRO-OESTE;GOIÁS;ÓLEO DIESEL (OUTROS );0
2015;JUN;REGIÃO CENTRO-OESTE;GOIÁS;ÓLEO DIESEL (OUTROS );0,6
2015;JUL;REGIÃO CENTRO-OESTE;GOIÁS;ÓLEO DIESEL (OUTROS );0
2015;AGO;REGIÃO CENTRO-OESTE;GOIÁS;ÓLEO DIESEL (OUTROS );0
2015;SET;REGIÃO CENTRO-OESTE;GOIÁS;ÓLEO DIESEL (OUTROS );0
2015;OUT;REGIÃO CENTRO-OESTE;GOIÁS;ÓLEO DIESEL (OUTROS );0
2015;NOV;REGIÃO CENTRO-OESTE;GOIÁS;ÓLEO DIESEL (OUTROS );0
2015;DEZ;REGIÃO CENTRO-OESTE;GOIÁS;ÓLEO DIESEL (OUTROS );0
2015;JAN;REGIÃO CENTRO-OESTE;DISTRITO FEDERAL;ÓLEO DIESEL (OUTROS );0
2015;FEV;REGIÃO CENTRO-OESTE;DISTRITO FEDERAL;ÓLEO DIESEL (OUTROS );0
2015;MAR;REGIÃO CENTRO-OESTE;DISTRITO FEDERAL;ÓLEO DIESEL (OUTROS );0
2015;ABR;REGIÃO CENTRO-OESTE;DISTRITO FEDERAL;ÓLEO DIESEL (OUTROS );0
2015;MAI;REGIÃO CENTRO-OESTE;DISTRITO FEDERAL;ÓLEO DIESEL (OUTROS );0
2015;JUN;REGIÃO CENTRO-OESTE;DISTRITO FEDERAL;ÓLEO DIESEL (OUTROS );0
2015;JUL;REGIÃO CENTRO-OESTE;DISTRITO FEDERAL;ÓLEO DIESEL (OUTROS );0
2015;AGO;REGIÃO CENTRO-OESTE;DISTRITO FEDERAL;ÓLEO DIESEL (OUTROS );0
2015;SET;REGIÃO CENTRO-OESTE;DISTRITO FEDERAL;ÓLEO DIESEL (OUTROS );0
2015;OUT;REGIÃO CENTRO-OESTE;DISTRITO FEDERAL;ÓLEO DIESEL (OUTROS );0
2015;NOV;REGIÃO CENTRO-OESTE;DISTRITO FEDERAL;ÓLEO DIESEL (OUTROS );0
2015;DEZ;REGIÃO CENTRO-OESTE;DISTRITO FEDERAL;ÓLEO DIESEL (OUTROS );0
2016;JAN;REGIÃO NORTE;RONDÔNIA;ÓLEO DIESEL S-10;11912,9
2016;FEV;REGIÃO NORTE;RONDÔNIA;ÓLEO DIESEL S-10;13447,5
2016;MAR;REGIÃO NORTE;RONDÔNIA;ÓLEO DIESEL S-10;15041,3
2016;ABR;REGIÃO NORTE;RONDÔNIA;ÓLEO DIESEL S-10;14389,9
2016;MAI;REGIÃO NORTE;RONDÔNIA;ÓLEO DIESEL S-10;14710,7
2016;JUN;REGIÃO NORTE;RONDÔNIA;ÓLEO DIESEL S-10;15729,821
2016;JUL;REGIÃO NORTE;RONDÔNIA;ÓLEO DIESEL S-10;16313,6
2016;AGO;REGIÃO NORTE;RONDÔNIA;ÓLEO DIESEL S-10;16365,1
2016;SET;REGIÃO NORTE;RONDÔNIA;ÓLEO DIESEL S-10;15051
2016;OUT;REGIÃO NORTE;RONDÔNIA;ÓLEO DIESEL S-10;15114,8
2016;NOV;REGIÃO NORTE;RONDÔNIA;ÓLEO DIESEL S-10;14788,766
2016;DEZ;REGIÃO NORTE;RONDÔNIA;ÓLEO DIESEL S-10;14286,3
2016;JAN;REGIÃO NORTE;ACRE;ÓLEO DIESEL S-10;2458
2016;FEV;REGIÃO NORTE;ACRE;ÓLEO DIESEL S-10;2616
2016;MAR;REGIÃO NORTE;ACRE;ÓLEO DIESEL S-10;3036,5
2016;ABR;REGIÃO NORTE;ACRE;ÓLEO DIESEL S-10;3059,31
2016;MAI;REGIÃO NORTE;ACRE;ÓLEO DIESEL S-10;3275,5
2016;JUN;REGIÃO NORTE;ACRE;ÓLEO DIESEL S-10;3367,75
2016;JUL;REGIÃO NORTE;ACRE;ÓLEO DIESEL S-10;3620,2
2016;AGO;REGIÃO NORTE;ACRE;ÓLEO DIESEL S-10;4081,9
2016;SET;REGIÃO NORTE;ACRE;ÓLEO DIESEL S-10;3487,5
2016;OUT;REGIÃO NORTE;ACRE;ÓLEO DIESEL S-10;3424,6
2016;NOV;REGIÃO NORTE;ACRE;ÓLEO DIESEL S-10;3035,2
2016;DEZ;REGIÃO NORTE;ACRE;ÓLEO DIESEL S-10;3073,2
2016;JAN;REGIÃO NORTE;AMAZONAS;ÓLEO DIESEL S-10;8180,59
2016;FEV;REGIÃO NORTE;AMAZONAS;ÓLEO DIESEL S-10;8131,24
2016;MAR;REGIÃO NORTE;AMAZONAS;ÓLEO DIESEL S-10;9965,076
2016;ABR;REGIÃO NORTE;AMAZONAS;ÓLEO DIESEL S-10;10460,587
2016;MAI;REGIÃO NORTE;AMAZONAS;ÓLEO DIESEL S-10;12206,214
2016;JUN;REGIÃO NORTE;AMAZONAS;ÓLEO DIESEL S-10;14018,129
2016;JUL;REGIÃO NORTE;AMAZONAS;ÓLEO DIESEL S-10;12577,676
2016;AGO;REGIÃO NORTE;AMAZONAS;ÓLEO DIESEL S-10;15811,92
2016;SET;REGIÃO NORTE;AMAZONAS;ÓLEO DIESEL S-10;12491,506
2016;OUT;REGIÃO NORTE;AMAZONAS;ÓLEO DIESEL S-10;10890,977
2016;NOV;REGIÃO NORTE;AMAZONAS;ÓLEO DIESEL S-10;10630,475
2016;DEZ;REGIÃO NORTE;AMAZONAS;ÓLEO DIESEL S-10;9802,999
2016;JAN;REGIÃO NORTE;RORAIMA;ÓLEO DIESEL S-10;2239,6
2016;FEV;REGIÃO NORTE;RORAIMA;ÓLEO DIESEL S-10;2670,9
2016;MAR;REGIÃO NORTE;RORAIMA;ÓLEO DIESEL S-10;2855,4
2016;ABR;REGIÃO NORTE;RORAIMA;ÓLEO DIESEL S-10;2754,4
2016;MAI;REGIÃO NORTE;RORAIMA;ÓLEO DIESEL S-10;2447,2
2016;JUN;REGIÃO NORTE;RORAIMA;ÓLEO DIESEL S-10;2365
2016;JUL;REGIÃO NORTE;RORAIMA;ÓLEO DIESEL S-10;2212,8
2016;AGO;REGIÃO NORTE;RORAIMA;ÓLEO DIESEL S-10;2613,2
2016;SET;REGIÃO NORTE;RORAIMA;ÓLEO DIESEL S-10;2834
2016;OUT;REGIÃO NORTE;RORAIMA;ÓLEO DIESEL S-10;2657,8
2016;NOV;REGIÃO NORTE;RORAIMA;ÓLEO DIESEL S-10;2921,1
2016;DEZ;REGIÃO NORTE;RORAIMA;ÓLEO DIESEL S-10;3163,2
2016;JAN;REGIÃO NORTE;PARÁ;ÓLEO DIESEL S-10;60404,089
2016;FEV;REGIÃO NORTE;PARÁ;ÓLEO DIESEL S-10;60355,35
2016;MAR;REGIÃO NORTE;PARÁ;ÓLEO DIESEL S-10;62345,847
2016;ABR;REGIÃO NORTE;PARÁ;ÓLEO DIESEL S-10;60563,841
2016;MAI;REGIÃO NORTE;PARÁ;ÓLEO DIESEL S-10;64671,828
2016;JUN;REGIÃO NORTE;PARÁ;ÓLEO DIESEL S-10;68240,684
2016;JUL;REGIÃO NORTE;PARÁ;ÓLEO DIESEL S-10;67360,988
2016;AGO;REGIÃO NORTE;PARÁ;ÓLEO DIESEL S-10;72839,57
2016;SET;REGIÃO NORTE;PARÁ;ÓLEO DIESEL S-10;71893,848
2016;OUT;REGIÃO NORTE;PARÁ;ÓLEO DIESEL S-10;70102,517
2016;NOV;REGIÃO NORTE;PARÁ;ÓLEO DIESEL S-10;70570,25
2016;DEZ;REGIÃO NORTE;PARÁ;ÓLEO DIESEL S-10;69481,53
2016;JAN;REGIÃO NORTE;AMAPÁ;ÓLEO DIESEL S-10;946
2016;FEV;REGIÃO NORTE;AMAPÁ;ÓLEO DIESEL S-10;738
2016;MAR;REGIÃO NORTE;AMAPÁ;ÓLEO DIESEL S-10;924
2016;ABR;REGIÃO NORTE;AMAPÁ;ÓLEO DIESEL S-10;976
2016;MAI;REGIÃO NORTE;AMAPÁ;ÓLEO DIESEL S-10;903,5
2016;JUN;REGIÃO NORTE;AMAPÁ;ÓLEO DIESEL S-10;1122,5
2016;JUL;REGIÃO NORTE;AMAPÁ;ÓLEO DIESEL S-10;1012,5
2016;AGO;REGIÃO NORTE;AMAPÁ;ÓLEO DIESEL S-10;1344,5
2016;SET;REGIÃO NORTE;AMAPÁ;ÓLEO DIESEL S-10;1132,5
2016;OUT;REGIÃO NORTE;AMAPÁ;ÓLEO DIESEL S-10;1220
2016;NOV;REGIÃO NORTE;AMAPÁ;ÓLEO DIESEL S-10;1075,5
2016;DEZ;REGIÃO NORTE;AMAPÁ;ÓLEO DIESEL S-10;1201
2016;JAN;REGIÃO NORTE;TOCANTINS;ÓLEO DIESEL S-10;17332,5
2016;FEV;REGIÃO NORTE;TOCANTINS;ÓLEO DIESEL S-10;20867,3
2016;MAR;REGIÃO NORTE;TOCANTINS;ÓLEO DIESEL S-10;24481,1
2016;ABR;REGIÃO NORTE;TOCANTINS;ÓLEO DIESEL S-10;22735,65
2016;MAI;REGIÃO NORTE;TOCANTINS;ÓLEO DIESEL S-10;22577,5
2016;JUN;REGIÃO NORTE;TOCANTINS;ÓLEO DIESEL S-10;23679
2016;JUL;REGIÃO NORTE;TOCANTINS;ÓLEO DIESEL S-10;24610,45
2016;AGO;REGIÃO NORTE;TOCANTINS;ÓLEO DIESEL S-10;25293,9
2016;SET;REGIÃO NORTE;TOCANTINS;ÓLEO DIESEL S-10;23064,1
2016;OUT;REGIÃO NORTE;TOCANTINS;ÓLEO DIESEL S-10;23059,5
2016;NOV;REGIÃO NORTE;TOCANTINS;ÓLEO DIESEL S-10;23667,3
2016;DEZ;REGIÃO NORTE;TOCANTINS;ÓLEO DIESEL S-10;23033,6
2016;JAN;REGIÃO NORDESTE;MARANHÃO;ÓLEO DIESEL S-10;31029
2016;FEV;REGIÃO NORDESTE;MARANHÃO;ÓLEO DIESEL S-10;30191,3
2016;MAR;REGIÃO NORDESTE;MARANHÃO;ÓLEO DIESEL S-10;31989,7
2016;ABR;REGIÃO NORDESTE;MARANHÃO;ÓLEO DIESEL S-10;31433,2
2016;MAI;REGIÃO NORDESTE;MARANHÃO;ÓLEO DIESEL S-10;33229,2
2016;JUN;REGIÃO NORDESTE;MARANHÃO;ÓLEO DIESEL S-10;34603,201
2016;JUL;REGIÃO NORDESTE;MARANHÃO;ÓLEO DIESEL S-10;35500,084
2016;AGO;REGIÃO NORDESTE;MARANHÃO;ÓLEO DIESEL S-10;36943,4
2016;SET;REGIÃO NORDESTE;MARANHÃO;ÓLEO DIESEL S-10;35566
2016;OUT;REGIÃO NORDESTE;MARANHÃO;ÓLEO DIESEL S-10;35933,26
2016;NOV;REGIÃO NORDESTE;MARANHÃO;ÓLEO DIESEL S-10;36151,43
2016;DEZ;REGIÃO NORDESTE;MARANHÃO;ÓLEO DIESEL S-10;37420,3
2016;JAN;REGIÃO NORDESTE;PIAUÍ;ÓLEO DIESEL S-10;15211,5
2016;FEV;REGIÃO NORDESTE;PIAUÍ;ÓLEO DIESEL S-10;14593
2016;MAR;REGIÃO NORDESTE;PIAUÍ;ÓLEO DIESEL S-10;17143,94
2016;ABR;REGIÃO NORDESTE;PIAUÍ;ÓLEO DIESEL S-10;16392,94
2016;MAI;REGIÃO NORDESTE;PIAUÍ;ÓLEO DIESEL S-10;17009,5
2016;JUN;REGIÃO NORDESTE;PIAUÍ;ÓLEO DIESEL S-10;17754
2016;JUL;REGIÃO NORDESTE;PIAUÍ;ÓLEO DIESEL S-10;17936,1
2016;AGO;REGIÃO NORDESTE;PIAUÍ;ÓLEO DIESEL S-10;19048,9
2016;SET;REGIÃO NORDESTE;PIAUÍ;ÓLEO DIESEL S-10;18476,23
2016;OUT;REGIÃO NORDESTE;PIAUÍ;ÓLEO DIESEL S-10;18255,98
2016;NOV;REGIÃO NORDESTE;PIAUÍ;ÓLEO DIESEL S-10;18926,95
2016;DEZ;REGIÃO NORDESTE;PIAUÍ;ÓLEO DIESEL S-10;19173,84
2016;JAN;REGIÃO NORDESTE;CEARÁ;ÓLEO DIESEL S-10;54235,514
2016;FEV;REGIÃO NORDESTE;CEARÁ;ÓLEO DIESEL S-10;53310,252
2016;MAR;REGIÃO NORDESTE;CEARÁ;ÓLEO DIESEL S-10;57682,457
2016;ABR;REGIÃO NORDESTE;CEARÁ;ÓLEO DIESEL S-10;55648,199
2016;MAI;REGIÃO NORDESTE;CEARÁ;ÓLEO DIESEL S-10;57131,193
2016;JUN;REGIÃO NORDESTE;CEARÁ;ÓLEO DIESEL S-10;59863,138
2016;JUL;REGIÃO NORDESTE;CEARÁ;ÓLEO DIESEL S-10;59407,823
2016;AGO;REGIÃO NORDESTE;CEARÁ;ÓLEO DIESEL S-10;62624,686
2016;SET;REGIÃO NORDESTE;CEARÁ;ÓLEO DIESEL S-10;61578,65
2016;OUT;REGIÃO NORDESTE;CEARÁ;ÓLEO DIESEL S-10;60403,068
2016;NOV;REGIÃO NORDESTE;CEARÁ;ÓLEO DIESEL S-10;60883,357
2016;DEZ;REGIÃO NORDESTE;CEARÁ;ÓLEO DIESEL S-10;62664,537
2016;JAN;REGIÃO NORDESTE;RIO GRANDE DO NORTE;ÓLEO DIESEL S-10;8487
2016;FEV;REGIÃO NORDESTE;RIO GRANDE DO NORTE;ÓLEO DIESEL S-10;8518,7
2016;MAR;REGIÃO NORDESTE;RIO GRANDE DO NORTE;ÓLEO DIESEL S-10;9683,5
2016;ABR;REGIÃO NORDESTE;RIO GRANDE DO NORTE;ÓLEO DIESEL S-10;9139
2016;MAI;REGIÃO NORDESTE;RIO GRANDE DO NORTE;ÓLEO DIESEL S-10;9207,473
2016;JUN;REGIÃO NORDESTE;RIO GRANDE DO NORTE;ÓLEO DIESEL S-10;9383,487
2016;JUL;REGIÃO NORDESTE;RIO GRANDE DO NORTE;ÓLEO DIESEL S-10;9589,939
2016;AGO;REGIÃO NORDESTE;RIO GRANDE DO NORTE;ÓLEO DIESEL S-10;10830,4
2016;SET;REGIÃO NORDESTE;RIO GRANDE DO NORTE;ÓLEO DIESEL S-10;10777
2016;OUT;REGIÃO NORDESTE;RIO GRANDE DO NORTE;ÓLEO DIESEL S-10;10279,37
2016;NOV;REGIÃO NORDESTE;RIO GRANDE DO NORTE;ÓLEO DIESEL S-10;10617,5
2016;DEZ;REGIÃO NORDESTE;RIO GRANDE DO NORTE;ÓLEO DIESEL S-10;11193
2016;JAN;REGIÃO NORDESTE;PARAÍBA;ÓLEO DIESEL S-10;13056,46
2016;FEV;REGIÃO NORDESTE;PARAÍBA;ÓLEO DIESEL S-10;12925,2
2016;MAR;REGIÃO NORDESTE;PARAÍBA;ÓLEO DIESEL S-10;14408,52
2016;ABR;REGIÃO NORDESTE;PARAÍBA;ÓLEO DIESEL S-10;13484,88
2016;MAI;REGIÃO NORDESTE;PARAÍBA;ÓLEO DIESEL S-10;14351,98
2016;JUN;REGIÃO NORDESTE;PARAÍBA;ÓLEO DIESEL S-10;14576,68
2016;JUL;REGIÃO NORDESTE;PARAÍBA;ÓLEO DIESEL S-10;14780,241
2016;AGO;REGIÃO NORDESTE;PARAÍBA;ÓLEO DIESEL S-10;17394,07
2016;SET;REGIÃO NORDESTE;PARAÍBA;ÓLEO DIESEL S-10;17807,8
2016;OUT;REGIÃO NORDESTE;PARAÍBA;ÓLEO DIESEL S-10;17413,91
2016;NOV;REGIÃO NORDESTE;PARAÍBA;ÓLEO DIESEL S-10;18049,36
2016;DEZ;REGIÃO NORDESTE;PARAÍBA;ÓLEO DIESEL S-10;18517,38
2016;JAN;REGIÃO NORDESTE;PERNAMBUCO;ÓLEO DIESEL S-10;60028,446
2016;FEV;REGIÃO NORDESTE;PERNAMBUCO;ÓLEO DIESEL S-10;61211,651
2016;MAR;REGIÃO NORDESTE;PERNAMBUCO;ÓLEO DIESEL S-10;66383,332
2016;ABR;REGIÃO NORDESTE;PERNAMBUCO;ÓLEO DIESEL S-10;62890,25
2016;MAI;REGIÃO NORDESTE;PERNAMBUCO;ÓLEO DIESEL S-10;65605,007
2016;JUN;REGIÃO NORDESTE;PERNAMBUCO;ÓLEO DIESEL S-10;67035,8
2016;JUL;REGIÃO NORDESTE;PERNAMBUCO;ÓLEO DIESEL S-10;66454,7
2016;AGO;REGIÃO NORDESTE;PERNAMBUCO;ÓLEO DIESEL S-10;73588,101
2016;SET;REGIÃO NORDESTE;PERNAMBUCO;ÓLEO DIESEL S-10;80396,396
2016;OUT;REGIÃO NORDESTE;PERNAMBUCO;ÓLEO DIESEL S-10;83442,172
2016;NOV;REGIÃO NORDESTE;PERNAMBUCO;ÓLEO DIESEL S-10;82213,46
2016;DEZ;REGIÃO NORDESTE;PERNAMBUCO;ÓLEO DIESEL S-10;91309,449
2016;JAN;REGIÃO NORDESTE;ALAGOAS;ÓLEO DIESEL S-10;11430,008
2016;FEV;REGIÃO NORDESTE;ALAGOAS;ÓLEO DIESEL S-10;10994,5
2016;MAR;REGIÃO NORDESTE;ALAGOAS;ÓLEO DIESEL S-10;11942
2016;ABR;REGIÃO NORDESTE;ALAGOAS;ÓLEO DIESEL S-10;10503,09
2016;MAI;REGIÃO NORDESTE;ALAGOAS;ÓLEO DIESEL S-10;11043
2016;JUN;REGIÃO NORDESTE;ALAGOAS;ÓLEO DIESEL S-10;10735,5
2016;JUL;REGIÃO NORDESTE;ALAGOAS;ÓLEO DIESEL S-10;10812
2016;AGO;REGIÃO NORDESTE;ALAGOAS;ÓLEO DIESEL S-10;12168,5
2016;SET;REGIÃO NORDESTE;ALAGOAS;ÓLEO DIESEL S-10;13200,5
2016;OUT;REGIÃO NORDESTE;ALAGOAS;ÓLEO DIESEL S-10;13819,5
2016;NOV;REGIÃO NORDESTE;ALAGOAS;ÓLEO DIESEL S-10;14048
2016;DEZ;REGIÃO NORDESTE;ALAGOAS;ÓLEO DIESEL S-10;15197,5
2016;JAN;REGIÃO NORDESTE;SERGIPE;ÓLEO DIESEL S-10;11175,7
2016;FEV;REGIÃO NORDESTE;SERGIPE;ÓLEO DIESEL S-10;11201,3
2016;MAR;REGIÃO NORDESTE;SERGIPE;ÓLEO DIESEL S-10;12494,7
2016;ABR;REGIÃO NORDESTE;SERGIPE;ÓLEO DIESEL S-10;12297,2
2016;MAI;REGIÃO NORDESTE;SERGIPE;ÓLEO DIESEL S-10;12515,9
2016;JUN;REGIÃO NORDESTE;SERGIPE;ÓLEO DIESEL S-10;11736,7
2016;JUL;REGIÃO NORDESTE;SERGIPE;ÓLEO DIESEL S-10;11485,3
2016;AGO;REGIÃO NORDESTE;SERGIPE;ÓLEO DIESEL S-10;12879,54
2016;SET;REGIÃO NORDESTE;SERGIPE;ÓLEO DIESEL S-10;12172,2
2016;OUT;REGIÃO NORDESTE;SERGIPE;ÓLEO DIESEL S-10;12940,6
2016;NOV;REGIÃO NORDESTE;SERGIPE;ÓLEO DIESEL S-10;12813,4
2016;DEZ;REGIÃO NORDESTE;SERGIPE;ÓLEO DIESEL S-10;13191,7
2016;JAN;REGIÃO NORDESTE;BAHIA;ÓLEO DIESEL S-10;70358,362
2016;FEV;REGIÃO NORDESTE;BAHIA;ÓLEO DIESEL S-10;72563,185
2016;MAR;REGIÃO NORDESTE;BAHIA;ÓLEO DIESEL S-10;84727,847
2016;ABR;REGIÃO NORDESTE;BAHIA;ÓLEO DIESEL S-10;83383,367
2016;MAI;REGIÃO NORDESTE;BAHIA;ÓLEO DIESEL S-10;80420,052
2016;JUN;REGIÃO NORDESTE;BAHIA;ÓLEO DIESEL S-10;80329,489
2016;JUL;REGIÃO NORDESTE;BAHIA;ÓLEO DIESEL S-10;83749,952
2016;AGO;REGIÃO NORDESTE;BAHIA;ÓLEO DIESEL S-10;92367,454
2016;SET;REGIÃO NORDESTE;BAHIA;ÓLEO DIESEL S-10;88107,347
2016;OUT;REGIÃO NORDESTE;BAHIA;ÓLEO DIESEL S-10;92654,58
2016;NOV;REGIÃO NORDESTE;BAHIA;ÓLEO DIESEL S-10;88017,869
2016;DEZ;REGIÃO NORDESTE;BAHIA;ÓLEO DIESEL S-10;89923,852
2016;JAN;REGIÃO SUDESTE;MINAS GERAIS;ÓLEO DIESEL S-10;121733,565
2016;FEV;REGIÃO SUDESTE;MINAS GERAIS;ÓLEO DIESEL S-10;135914,973
2016;MAR;REGIÃO SUDESTE;MINAS GERAIS;ÓLEO DIESEL S-10;152878,522
2016;ABR;REGIÃO SUDESTE;MINAS GERAIS;ÓLEO DIESEL S-10;150353,602
2016;MAI;REGIÃO SUDESTE;MINAS GERAIS;ÓLEO DIESEL S-10;151815,385
2016;JUN;REGIÃO SUDESTE;MINAS GERAIS;ÓLEO DIESEL S-10;156452,378
2016;JUL;REGIÃO SUDESTE;MINAS GERAIS;ÓLEO DIESEL S-10;159061,496
2016;AGO;REGIÃO SUDESTE;MINAS GERAIS;ÓLEO DIESEL S-10;169526,661
2016;SET;REGIÃO SUDESTE;MINAS GERAIS;ÓLEO DIESEL S-10;167094,822
2016;OUT;REGIÃO SUDESTE;MINAS GERAIS;ÓLEO DIESEL S-10;161759,021
2016;NOV;REGIÃO SUDESTE;MINAS GERAIS;ÓLEO DIESEL S-10;158231,765
2016;DEZ;REGIÃO SUDESTE;MINAS GERAIS;ÓLEO DIESEL S-10;153660,712
2016;JAN;REGIÃO SUDESTE;ESPÍRITO SANTO;ÓLEO DIESEL S-10;25110
2016;FEV;REGIÃO SUDESTE;ESPÍRITO SANTO;ÓLEO DIESEL S-10;26636,5
2016;MAR;REGIÃO SUDESTE;ESPÍRITO SANTO;ÓLEO DIESEL S-10;28178
2016;ABR;REGIÃO SUDESTE;ESPÍRITO SANTO;ÓLEO DIESEL S-10;27189,5
2016;MAI;REGIÃO SUDESTE;ESPÍRITO SANTO;ÓLEO DIESEL S-10;27814,957
2016;JUN;REGIÃO SUDESTE;ESPÍRITO SANTO;ÓLEO DIESEL S-10;28864,128
2016;JUL;REGIÃO SUDESTE;ESPÍRITO SANTO;ÓLEO DIESEL S-10;28506
2016;AGO;REGIÃO SUDESTE;ESPÍRITO SANTO;ÓLEO DIESEL S-10;32959,5
2016;SET;REGIÃO SUDESTE;ESPÍRITO SANTO;ÓLEO DIESEL S-10;30731,5
2016;OUT;REGIÃO SUDESTE;ESPÍRITO SANTO;ÓLEO DIESEL S-10;30528,685
2016;NOV;REGIÃO SUDESTE;ESPÍRITO SANTO;ÓLEO DIESEL S-10;29101,815
2016;DEZ;REGIÃO SUDESTE;ESPÍRITO SANTO;ÓLEO DIESEL S-10;31060,093
2016;JAN;REGIÃO SUDESTE;RIO DE JANEIRO;ÓLEO DIESEL S-10;109317,165
2016;FEV;REGIÃO SUDESTE;RIO DE JANEIRO;ÓLEO DIESEL S-10;111501,511
2016;MAR;REGIÃO SUDESTE;RIO DE JANEIRO;ÓLEO DIESEL S-10;123397,358
2016;ABR;REGIÃO SUDESTE;RIO DE JANEIRO;ÓLEO DIESEL S-10;118845,836
2016;MAI;REGIÃO SUDESTE;RIO DE JANEIRO;ÓLEO DIESEL S-10;115601,453
2016;JUN;REGIÃO SUDESTE;RIO DE JANEIRO;ÓLEO DIESEL S-10;114775,351
2016;JUL;REGIÃO SUDESTE;RIO DE JANEIRO;ÓLEO DIESEL S-10;118485,558
2016;AGO;REGIÃO SUDESTE;RIO DE JANEIRO;ÓLEO DIESEL S-10;118556,6
2016;SET;REGIÃO SUDESTE;RIO DE JANEIRO;ÓLEO DIESEL S-10;117376,731
2016;OUT;REGIÃO SUDESTE;RIO DE JANEIRO;ÓLEO DIESEL S-10;113974,089
2016;NOV;REGIÃO SUDESTE;RIO DE JANEIRO;ÓLEO DIESEL S-10;113397,516
2016;DEZ;REGIÃO SUDESTE;RIO DE JANEIRO;ÓLEO DIESEL S-10;120573,53
2016;JAN;REGIÃO SUDESTE;SÃO PAULO;ÓLEO DIESEL S-10;287464,117
2016;FEV;REGIÃO SUDESTE;SÃO PAULO;ÓLEO DIESEL S-10;314910,79
2016;MAR;REGIÃO SUDESTE;SÃO PAULO;ÓLEO DIESEL S-10;355931,919
2016;ABR;REGIÃO SUDESTE;SÃO PAULO;ÓLEO DIESEL S-10;360647,997
2016;MAI;REGIÃO SUDESTE;SÃO PAULO;ÓLEO DIESEL S-10;355613,934
2016;JUN;REGIÃO SUDESTE;SÃO PAULO;ÓLEO DIESEL S-10;361511,31
2016;JUL;REGIÃO SUDESTE;SÃO PAULO;ÓLEO DIESEL S-10;366242,81
2016;AGO;REGIÃO SUDESTE;SÃO PAULO;ÓLEO DIESEL S-10;393573,192
2016;SET;REGIÃO SUDESTE;SÃO PAULO;ÓLEO DIESEL S-10;386028,789
2016;OUT;REGIÃO SUDESTE;SÃO PAULO;ÓLEO DIESEL S-10;381166,561
2016;NOV;REGIÃO SUDESTE;SÃO PAULO;ÓLEO DIESEL S-10;368988,995
2016;DEZ;REGIÃO SUDESTE;SÃO PAULO;ÓLEO DIESEL S-10;359731,743
2016;JAN;REGIÃO SUL;PARANÁ;ÓLEO DIESEL S-10;98336,894
2016;FEV;REGIÃO SUL;PARANÁ;ÓLEO DIESEL S-10;102850,855
2016;MAR;REGIÃO SUL;PARANÁ;ÓLEO DIESEL S-10;117616,204
2016;ABR;REGIÃO SUL;PARANÁ;ÓLEO DIESEL S-10;111509,21
2016;MAI;REGIÃO SUL;PARANÁ;ÓLEO DIESEL S-10;109109,025
2016;JUN;REGIÃO SUL;PARANÁ;ÓLEO DIESEL S-10;115106,081
2016;JUL;REGIÃO SUL;PARANÁ;ÓLEO DIESEL S-10;118907,335
2016;AGO;REGIÃO SUL;PARANÁ;ÓLEO DIESEL S-10;121828,426
2016;SET;REGIÃO SUL;PARANÁ;ÓLEO DIESEL S-10;121980,794
2016;OUT;REGIÃO SUL;PARANÁ;ÓLEO DIESEL S-10;116882,817
2016;NOV;REGIÃO SUL;PARANÁ;ÓLEO DIESEL S-10;115322,936
2016;DEZ;REGIÃO SUL;PARANÁ;ÓLEO DIESEL S-10;113259,456
2016;JAN;REGIÃO SUL;SANTA CATARINA;ÓLEO DIESEL S-10;56651,58
2016;FEV;REGIÃO SUL;SANTA CATARINA;ÓLEO DIESEL S-10;58995,246
2016;MAR;REGIÃO SUL;SANTA CATARINA;ÓLEO DIESEL S-10;64832,594
2016;ABR;REGIÃO SUL;SANTA CATARINA;ÓLEO DIESEL S-10;60948,748
2016;MAI;REGIÃO SUL;SANTA CATARINA;ÓLEO DIESEL S-10;61303,038
2016;JUN;REGIÃO SUL;SANTA CATARINA;ÓLEO DIESEL S-10;62675,116
2016;JUL;REGIÃO SUL;SANTA CATARINA;ÓLEO DIESEL S-10;62167,249
2016;AGO;REGIÃO SUL;SANTA CATARINA;ÓLEO DIESEL S-10;64900,145
2016;SET;REGIÃO SUL;SANTA CATARINA;ÓLEO DIESEL S-10;64213,862
2016;OUT;REGIÃO SUL;SANTA CATARINA;ÓLEO DIESEL S-10;61442,58
2016;NOV;REGIÃO SUL;SANTA CATARINA;ÓLEO DIESEL S-10;63464,656
2016;DEZ;REGIÃO SUL;SANTA CATARINA;ÓLEO DIESEL S-10;61761,806
2016;JAN;REGIÃO SUL;RIO GRANDE DO SUL;ÓLEO DIESEL S-10;57620,63
2016;FEV;REGIÃO SUL;RIO GRANDE DO SUL;ÓLEO DIESEL S-10;63637,603
2016;MAR;REGIÃO SUL;RIO GRANDE DO SUL;ÓLEO DIESEL S-10;69609,817
2016;ABR;REGIÃO SUL;RIO GRANDE DO SUL;ÓLEO DIESEL S-10;67389,828
2016;MAI;REGIÃO SUL;RIO GRANDE DO SUL;ÓLEO DIESEL S-10;71045,611
2016;JUN;REGIÃO SUL;RIO GRANDE DO SUL;ÓLEO DIESEL S-10;69939,338
2016;JUL;REGIÃO SUL;RIO GRANDE DO SUL;ÓLEO DIESEL S-10;67988,48
2016;AGO;REGIÃO SUL;RIO GRANDE DO SUL;ÓLEO DIESEL S-10;72355,65
2016;SET;REGIÃO SUL;RIO GRANDE DO SUL;ÓLEO DIESEL S-10;70573,96
2016;OUT;REGIÃO SUL;RIO GRANDE DO SUL;ÓLEO DIESEL S-10;70896,24
2016;NOV;REGIÃO SUL;RIO GRANDE DO SUL;ÓLEO DIESEL S-10;72541,364
2016;DEZ;REGIÃO SUL;RIO GRANDE DO SUL;ÓLEO DIESEL S-10;74340,735
2016;JAN;REGIÃO CENTRO-OESTE;MATO GROSSO DO SUL;ÓLEO DIESEL S-10;28554,311
2016;FEV;REGIÃO CENTRO-OESTE;MATO GROSSO DO SUL;ÓLEO DIESEL S-10;34943,05
2016;MAR;REGIÃO CENTRO-OESTE;MATO GROSSO DO SUL;ÓLEO DIESEL S-10;37439,882
2016;ABR;REGIÃO CENTRO-OESTE;MATO GROSSO DO SUL;ÓLEO DIESEL S-10;33209,668
2016;MAI;REGIÃO CENTRO-OESTE;MATO GROSSO DO SUL;ÓLEO DIESEL S-10;30427,65
2016;JUN;REGIÃO CENTRO-OESTE;MATO GROSSO DO SUL;ÓLEO DIESEL S-10;34622,66
2016;JUL;REGIÃO CENTRO-OESTE;MATO GROSSO DO SUL;ÓLEO DIESEL S-10;38922,825
2016;AGO;REGIÃO CENTRO-OESTE;MATO GROSSO DO SUL;ÓLEO DIESEL S-10;40219,066
2016;SET;REGIÃO CENTRO-OESTE;MATO GROSSO DO SUL;ÓLEO DIESEL S-10;40120,628
2016;OUT;REGIÃO CENTRO-OESTE;MATO GROSSO DO SUL;ÓLEO DIESEL S-10;39261,588
2016;NOV;REGIÃO CENTRO-OESTE;MATO GROSSO DO SUL;ÓLEO DIESEL S-10;35397,315
2016;DEZ;REGIÃO CENTRO-OESTE;MATO GROSSO DO SUL;ÓLEO DIESEL S-10;30206,688
2016;JAN;REGIÃO CENTRO-OESTE;MATO GROSSO;ÓLEO DIESEL S-10;32297,079
2016;FEV;REGIÃO CENTRO-OESTE;MATO GROSSO;ÓLEO DIESEL S-10;38298,63
2016;MAR;REGIÃO CENTRO-OESTE;MATO GROSSO;ÓLEO DIESEL S-10;38895,3
2016;ABR;REGIÃO CENTRO-OESTE;MATO GROSSO;ÓLEO DIESEL S-10;35540,35
2016;MAI;REGIÃO CENTRO-OESTE;MATO GROSSO;ÓLEO DIESEL S-10;36015,807
2016;JUN;REGIÃO CENTRO-OESTE;MATO GROSSO;ÓLEO DIESEL S-10;39711,75
2016;JUL;REGIÃO CENTRO-OESTE;MATO GROSSO;ÓLEO DIESEL S-10;41226,98
2016;AGO;REGIÃO CENTRO-OESTE;MATO GROSSO;ÓLEO DIESEL S-10;42628,27
2016;SET;REGIÃO CENTRO-OESTE;MATO GROSSO;ÓLEO DIESEL S-10;41247,79
2016;OUT;REGIÃO CENTRO-OESTE;MATO GROSSO;ÓLEO DIESEL S-10;41469,04
2016;NOV;REGIÃO CENTRO-OESTE;MATO GROSSO;ÓLEO DIESEL S-10;37164,74
2016;DEZ;REGIÃO CENTRO-OESTE;MATO GROSSO;ÓLEO DIESEL S-10;36014,58
2016;JAN;REGIÃO CENTRO-OESTE;GOIÁS;ÓLEO DIESEL S-10;41972,82
2016;FEV;REGIÃO CENTRO-OESTE;GOIÁS;ÓLEO DIESEL S-10;51619,905
2016;MAR;REGIÃO CENTRO-OESTE;GOIÁS;ÓLEO DIESEL S-10;56988,221
2016;ABR;REGIÃO CENTRO-OESTE;GOIÁS;ÓLEO DIESEL S-10;54608,78
2016;MAI;REGIÃO CENTRO-OESTE;GOIÁS;ÓLEO DIESEL S-10;56824,801
2016;JUN;REGIÃO CENTRO-OESTE;GOIÁS;ÓLEO DIESEL S-10;60699,84
2016;JUL;REGIÃO CENTRO-OESTE;GOIÁS;ÓLEO DIESEL S-10;61905,37
2016;AGO;REGIÃO CENTRO-OESTE;GOIÁS;ÓLEO DIESEL S-10;67013,696
2016;SET;REGIÃO CENTRO-OESTE;GOIÁS;ÓLEO DIESEL S-10;64069,01
2016;OUT;REGIÃO CENTRO-OESTE;GOIÁS;ÓLEO DIESEL S-10;62913,07
2016;NOV;REGIÃO CENTRO-OESTE;GOIÁS;ÓLEO DIESEL S-10;53820,65
2016;DEZ;REGIÃO CENTRO-OESTE;GOIÁS;ÓLEO DIESEL S-10;50837,23
2016;JAN;REGIÃO CENTRO-OESTE;DISTRITO FEDERAL;ÓLEO DIESEL S-10;14022,5
2016;FEV;REGIÃO CENTRO-OESTE;DISTRITO FEDERAL;ÓLEO DIESEL S-10;15029,55
2016;MAR;REGIÃO CENTRO-OESTE;DISTRITO FEDERAL;ÓLEO DIESEL S-10;17010,1
2016;ABR;REGIÃO CENTRO-OESTE;DISTRITO FEDERAL;ÓLEO DIESEL S-10;16113,3
2016;MAI;REGIÃO CENTRO-OESTE;DISTRITO FEDERAL;ÓLEO DIESEL S-10;16143,665
2016;JUN;REGIÃO CENTRO-OESTE;DISTRITO FEDERAL;ÓLEO DIESEL S-10;16298,7
2016;JUL;REGIÃO CENTRO-OESTE;DISTRITO FEDERAL;ÓLEO DIESEL S-10;15700,8
2016;AGO;REGIÃO CENTRO-OESTE;DISTRITO FEDERAL;ÓLEO DIESEL S-10;17128,2
2016;SET;REGIÃO CENTRO-OESTE;DISTRITO FEDERAL;ÓLEO DIESEL S-10;16687,4
2016;OUT;REGIÃO CENTRO-OESTE;DISTRITO FEDERAL;ÓLEO DIESEL S-10;16436,522
2016;NOV;REGIÃO CENTRO-OESTE;DISTRITO FEDERAL;ÓLEO DIESEL S-10;15751,5
2016;DEZ;REGIÃO CENTRO-OESTE;DISTRITO FEDERAL;ÓLEO DIESEL S-10;16865,929
2016;JAN;REGIÃO NORTE;RONDÔNIA;ÓLEO DIESEL S-500;45375,7
2016;FEV;REGIÃO NORTE;RONDÔNIA;ÓLEO DIESEL S-500;52252,1
2016;MAR;REGIÃO NORTE;RONDÔNIA;ÓLEO DIESEL S-500;52160,901
2016;ABR;REGIÃO NORTE;RONDÔNIA;ÓLEO DIESEL S-500;51671,689
2016;MAI;REGIÃO NORTE;RONDÔNIA;ÓLEO DIESEL S-500;48486,553
2016;JUN;REGIÃO NORTE;RONDÔNIA;ÓLEO DIESEL S-500;45714,7
2016;JUL;REGIÃO NORTE;RONDÔNIA;ÓLEO DIESEL S-500;50601,8
2016;AGO;REGIÃO NORTE;RONDÔNIA;ÓLEO DIESEL S-500;48363,2
2016;SET;REGIÃO NORTE;RONDÔNIA;ÓLEO DIESEL S-500;44242,5
2016;OUT;REGIÃO NORTE;RONDÔNIA;ÓLEO DIESEL S-500;46229,3
2016;NOV;REGIÃO NORTE;RONDÔNIA;ÓLEO DIESEL S-500;45511,1
2016;DEZ;REGIÃO NORTE;RONDÔNIA;ÓLEO DIESEL S-500;43133,4
2016;JAN;REGIÃO NORTE;ACRE;ÓLEO DIESEL S-500;8714
2016;FEV;REGIÃO NORTE;ACRE;ÓLEO DIESEL S-500;9363
2016;MAR;REGIÃO NORTE;ACRE;ÓLEO DIESEL S-500;9861,3
2016;ABR;REGIÃO NORTE;ACRE;ÓLEO DIESEL S-500;10103,8
2016;MAI;REGIÃO NORTE;ACRE;ÓLEO DIESEL S-500;10155,7
2016;JUN;REGIÃO NORTE;ACRE;ÓLEO DIESEL S-500;10006,7
2016;JUL;REGIÃO NORTE;ACRE;ÓLEO DIESEL S-500;10278,7
2016;AGO;REGIÃO NORTE;ACRE;ÓLEO DIESEL S-500;10612,7
2016;SET;REGIÃO NORTE;ACRE;ÓLEO DIESEL S-500;9815,4
2016;OUT;REGIÃO NORTE;ACRE;ÓLEO DIESEL S-500;10678,5
2016;NOV;REGIÃO NORTE;ACRE;ÓLEO DIESEL S-500;10066,3
2016;DEZ;REGIÃO NORTE;ACRE;ÓLEO DIESEL S-500;8972,6
2016;JAN;REGIÃO NORTE;AMAZONAS;ÓLEO DIESEL S-500;16841,277
2016;FEV;REGIÃO NORTE;AMAZONAS;ÓLEO DIESEL S-500;17711,644
2016;MAR;REGIÃO NORTE;AMAZONAS;ÓLEO DIESEL S-500;23186,635
2016;ABR;REGIÃO NORTE;AMAZONAS;ÓLEO DIESEL S-500;27861,251
2016;MAI;REGIÃO NORTE;AMAZONAS;ÓLEO DIESEL S-500;30016,757
2016;JUN;REGIÃO NORTE;AMAZONAS;ÓLEO DIESEL S-500;31769,963
2016;JUL;REGIÃO NORTE;AMAZONAS;ÓLEO DIESEL S-500;33758,667
2016;AGO;REGIÃO NORTE;AMAZONAS;ÓLEO DIESEL S-500;36398,362
2016;SET;REGIÃO NORTE;AMAZONAS;ÓLEO DIESEL S-500;20671,05
2016;OUT;REGIÃO NORTE;AMAZONAS;ÓLEO DIESEL S-500;18558,852
2016;NOV;REGIÃO NORTE;AMAZONAS;ÓLEO DIESEL S-500;13596,193
2016;DEZ;REGIÃO NORTE;AMAZONAS;ÓLEO DIESEL S-500;14131,356
2016;JAN;REGIÃO NORTE;RORAIMA;ÓLEO DIESEL S-500;6491,8
2016;FEV;REGIÃO NORTE;RORAIMA;ÓLEO DIESEL S-500;6696,2
2016;MAR;REGIÃO NORTE;RORAIMA;ÓLEO DIESEL S-500;15711,058
2016;ABR;REGIÃO NORTE;RORAIMA;ÓLEO DIESEL S-500;6854,8
2016;MAI;REGIÃO NORTE;RORAIMA;ÓLEO DIESEL S-500;5215,4
2016;JUN;REGIÃO NORTE;RORAIMA;ÓLEO DIESEL S-500;4548
2016;JUL;REGIÃO NORTE;RORAIMA;ÓLEO DIESEL S-500;3956,4
2016;AGO;REGIÃO NORTE;RORAIMA;ÓLEO DIESEL S-500;5624,4
2016;SET;REGIÃO NORTE;RORAIMA;ÓLEO DIESEL S-500;5893
2016;OUT;REGIÃO NORTE;RORAIMA;ÓLEO DIESEL S-500;6553,2
2016;NOV;REGIÃO NORTE;RORAIMA;ÓLEO DIESEL S-500;8570,4
2016;DEZ;REGIÃO NORTE;RORAIMA;ÓLEO DIESEL S-500;9632,6
2016;JAN;REGIÃO NORTE;PARÁ;ÓLEO DIESEL S-500;94989,005
2016;FEV;REGIÃO NORTE;PARÁ;ÓLEO DIESEL S-500;98828,576
2016;MAR;REGIÃO NORTE;PARÁ;ÓLEO DIESEL S-500;101637,017
2016;ABR;REGIÃO NORTE;PARÁ;ÓLEO DIESEL S-500;102326,132
2016;MAI;REGIÃO NORTE;PARÁ;ÓLEO DIESEL S-500;103862,448
2016;JUN;REGIÃO NORTE;PARÁ;ÓLEO DIESEL S-500;106823,273
2016;JUL;REGIÃO NORTE;PARÁ;ÓLEO DIESEL S-500;103421,991
2016;AGO;REGIÃO NORTE;PARÁ;ÓLEO DIESEL S-500;104252,186
2016;SET;REGIÃO NORTE;PARÁ;ÓLEO DIESEL S-500;98452,048
2016;OUT;REGIÃO NORTE;PARÁ;ÓLEO DIESEL S-500;92627,539
2016;NOV;REGIÃO NORTE;PARÁ;ÓLEO DIESEL S-500;92749,818
2016;DEZ;REGIÃO NORTE;PARÁ;ÓLEO DIESEL S-500;90980,516
2016;JAN;REGIÃO NORTE;AMAPÁ;ÓLEO DIESEL S-500;10176,8
2016;FEV;REGIÃO NORTE;AMAPÁ;ÓLEO DIESEL S-500;8145,8
2016;MAR;REGIÃO NORTE;AMAPÁ;ÓLEO DIESEL S-500;8399,9
2016;ABR;REGIÃO NORTE;AMAPÁ;ÓLEO DIESEL S-500;8109,2
2016;MAI;REGIÃO NORTE;AMAPÁ;ÓLEO DIESEL S-500;8869,7
2016;JUN;REGIÃO NORTE;AMAPÁ;ÓLEO DIESEL S-500;8565,6
2016;JUL;REGIÃO NORTE;AMAPÁ;ÓLEO DIESEL S-500;8636
2016;AGO;REGIÃO NORTE;AMAPÁ;ÓLEO DIESEL S-500;9604,2
2016;SET;REGIÃO NORTE;AMAPÁ;ÓLEO DIESEL S-500;8947,9
2016;OUT;REGIÃO NORTE;AMAPÁ;ÓLEO DIESEL S-500;8610,5
2016;NOV;REGIÃO NORTE;AMAPÁ;ÓLEO DIESEL S-500;8672,1
2016;DEZ;REGIÃO NORTE;AMAPÁ;ÓLEO DIESEL S-500;8705,56
2016;JAN;REGIÃO NORTE;TOCANTINS;ÓLEO DIESEL S-500;39496
2016;FEV;REGIÃO NORTE;TOCANTINS;ÓLEO DIESEL S-500;44813,59
2016;MAR;REGIÃO NORTE;TOCANTINS;ÓLEO DIESEL S-500;53530,38
2016;ABR;REGIÃO NORTE;TOCANTINS;ÓLEO DIESEL S-500;49419,95
2016;MAI;REGIÃO NORTE;TOCANTINS;ÓLEO DIESEL S-500;49125,85
2016;JUN;REGIÃO NORTE;TOCANTINS;ÓLEO DIESEL S-500;48657,3
2016;JUL;REGIÃO NORTE;TOCANTINS;ÓLEO DIESEL S-500;46564,9
2016;AGO;REGIÃO NORTE;TOCANTINS;ÓLEO DIESEL S-500;48801,8
2016;SET;REGIÃO NORTE;TOCANTINS;ÓLEO DIESEL S-500;45157,25
2016;OUT;REGIÃO NORTE;TOCANTINS;ÓLEO DIESEL S-500;47178,2
2016;NOV;REGIÃO NORTE;TOCANTINS;ÓLEO DIESEL S-500;45984,5
2016;DEZ;REGIÃO NORTE;TOCANTINS;ÓLEO DIESEL S-500;45726,81
2016;JAN;REGIÃO NORDESTE;MARANHÃO;ÓLEO DIESEL S-500;69485,82
2016;FEV;REGIÃO NORDESTE;MARANHÃO;ÓLEO DIESEL S-500;65913,796
2016;MAR;REGIÃO NORDESTE;MARANHÃO;ÓLEO DIESEL S-500;70047,065
2016;ABR;REGIÃO NORDESTE;MARANHÃO;ÓLEO DIESEL S-500;71725,815
2016;MAI;REGIÃO NORDESTE;MARANHÃO;ÓLEO DIESEL S-500;62368,596
2016;JUN;REGIÃO NORDESTE;MARANHÃO;ÓLEO DIESEL S-500;63692,778
2016;JUL;REGIÃO NORDESTE;MARANHÃO;ÓLEO DIESEL S-500;69954,282
2016;AGO;REGIÃO NORDESTE;MARANHÃO;ÓLEO DIESEL S-500;64795,371
2016;SET;REGIÃO NORDESTE;MARANHÃO;ÓLEO DIESEL S-500;70313,783
2016;OUT;REGIÃO NORDESTE;MARANHÃO;ÓLEO DIESEL S-500;69393,305
2016;NOV;REGIÃO NORDESTE;MARANHÃO;ÓLEO DIESEL S-500;72698,643
2016;DEZ;REGIÃO NORDESTE;MARANHÃO;ÓLEO DIESEL S-500;74361,177
2016;JAN;REGIÃO NORDESTE;PIAUÍ;ÓLEO DIESEL S-500;22898,5
2016;FEV;REGIÃO NORDESTE;PIAUÍ;ÓLEO DIESEL S-500;22022
2016;MAR;REGIÃO NORDESTE;PIAUÍ;ÓLEO DIESEL S-500;24358,27
2016;ABR;REGIÃO NORDESTE;PIAUÍ;ÓLEO DIESEL S-500;25176,5
2016;MAI;REGIÃO NORDESTE;PIAUÍ;ÓLEO DIESEL S-500;24917,35
2016;JUN;REGIÃO NORDESTE;PIAUÍ;ÓLEO DIESEL S-500;24453,5
2016;JUL;REGIÃO NORDESTE;PIAUÍ;ÓLEO DIESEL S-500;24498,5
2016;AGO;REGIÃO NORDESTE;PIAUÍ;ÓLEO DIESEL S-500;25662,29
2016;SET;REGIÃO NORDESTE;PIAUÍ;ÓLEO DIESEL S-500;23364,88
2016;OUT;REGIÃO NORDESTE;PIAUÍ;ÓLEO DIESEL S-500;22532,83
2016;NOV;REGIÃO NORDESTE;PIAUÍ;ÓLEO DIESEL S-500;24187,55
2016;DEZ;REGIÃO NORDESTE;PIAUÍ;ÓLEO DIESEL S-500;24437,07
2016;JAN;REGIÃO NORDESTE;CEARÁ;ÓLEO DIESEL S-500;27004,5
2016;FEV;REGIÃO NORDESTE;CEARÁ;ÓLEO DIESEL S-500;26203,6
2016;MAR;REGIÃO NORDESTE;CEARÁ;ÓLEO DIESEL S-500;26404
2016;ABR;REGIÃO NORDESTE;CEARÁ;ÓLEO DIESEL S-500;24523,78
2016;MAI;REGIÃO NORDESTE;CEARÁ;ÓLEO DIESEL S-500;25940,5
2016;JUN;REGIÃO NORDESTE;CEARÁ;ÓLEO DIESEL S-500;26131,783
2016;JUL;REGIÃO NORDESTE;CEARÁ;ÓLEO DIESEL S-500;26548,11
2016;AGO;REGIÃO NORDESTE;CEARÁ;ÓLEO DIESEL S-500;29395
2016;SET;REGIÃO NORDESTE;CEARÁ;ÓLEO DIESEL S-500;27203,35
2016;OUT;REGIÃO NORDESTE;CEARÁ;ÓLEO DIESEL S-500;25729,5
2016;NOV;REGIÃO NORDESTE;CEARÁ;ÓLEO DIESEL S-500;25715
2016;DEZ;REGIÃO NORDESTE;CEARÁ;ÓLEO DIESEL S-500;26113,9
2016;JAN;REGIÃO NORDESTE;RIO GRANDE DO NORTE;ÓLEO DIESEL S-500;33037,9
2016;FEV;REGIÃO NORDESTE;RIO GRANDE DO NORTE;ÓLEO DIESEL S-500;27644,45
2016;MAR;REGIÃO NORDESTE;RIO GRANDE DO NORTE;ÓLEO DIESEL S-500;28968,7
2016;ABR;REGIÃO NORDESTE;RIO GRANDE DO NORTE;ÓLEO DIESEL S-500;27199,533
2016;MAI;REGIÃO NORDESTE;RIO GRANDE DO NORTE;ÓLEO DIESEL S-500;27378,5
2016;JUN;REGIÃO NORDESTE;RIO GRANDE DO NORTE;ÓLEO DIESEL S-500;29365,05
2016;JUL;REGIÃO NORDESTE;RIO GRANDE DO NORTE;ÓLEO DIESEL S-500;28156,35
2016;AGO;REGIÃO NORDESTE;RIO GRANDE DO NORTE;ÓLEO DIESEL S-500;29161,05
2016;SET;REGIÃO NORDESTE;RIO GRANDE DO NORTE;ÓLEO DIESEL S-500;31158
2016;OUT;REGIÃO NORDESTE;RIO GRANDE DO NORTE;ÓLEO DIESEL S-500;31698,05
2016;NOV;REGIÃO NORDESTE;RIO GRANDE DO NORTE;ÓLEO DIESEL S-500;30026,11
2016;DEZ;REGIÃO NORDESTE;RIO GRANDE DO NORTE;ÓLEO DIESEL S-500;30443,2
2016;JAN;REGIÃO NORDESTE;PARAÍBA;ÓLEO DIESEL S-500;24623,93
2016;FEV;REGIÃO NORDESTE;PARAÍBA;ÓLEO DIESEL S-500;23432,35
2016;MAR;REGIÃO NORDESTE;PARAÍBA;ÓLEO DIESEL S-500;24314,47
2016;ABR;REGIÃO NORDESTE;PARAÍBA;ÓLEO DIESEL S-500;22954,252
2016;MAI;REGIÃO NORDESTE;PARAÍBA;ÓLEO DIESEL S-500;23006,03
2016;JUN;REGIÃO NORDESTE;PARAÍBA;ÓLEO DIESEL S-500;22405,03
2016;JUL;REGIÃO NORDESTE;PARAÍBA;ÓLEO DIESEL S-500;23123,18
2016;AGO;REGIÃO NORDESTE;PARAÍBA;ÓLEO DIESEL S-500;24248,19
2016;SET;REGIÃO NORDESTE;PARAÍBA;ÓLEO DIESEL S-500;23076,84
2016;OUT;REGIÃO NORDESTE;PARAÍBA;ÓLEO DIESEL S-500;22161,16
2016;NOV;REGIÃO NORDESTE;PARAÍBA;ÓLEO DIESEL S-500;22647,937
2016;DEZ;REGIÃO NORDESTE;PARAÍBA;ÓLEO DIESEL S-500;23257,91
2016;JAN;REGIÃO NORDESTE;PERNAMBUCO;ÓLEO DIESEL S-500;48047,49
2016;FEV;REGIÃO NORDESTE;PERNAMBUCO;ÓLEO DIESEL S-500;38352,01
2016;MAR;REGIÃO NORDESTE;PERNAMBUCO;ÓLEO DIESEL S-500;39786,218
2016;ABR;REGIÃO NORDESTE;PERNAMBUCO;ÓLEO DIESEL S-500;37336,87
2016;MAI;REGIÃO NORDESTE;PERNAMBUCO;ÓLEO DIESEL S-500;37144,7
2016;JUN;REGIÃO NORDESTE;PERNAMBUCO;ÓLEO DIESEL S-500;37216,2
2016;JUL;REGIÃO NORDESTE;PERNAMBUCO;ÓLEO DIESEL S-500;35220,65
2016;AGO;REGIÃO NORDESTE;PERNAMBUCO;ÓLEO DIESEL S-500;38136,3
2016;SET;REGIÃO NORDESTE;PERNAMBUCO;ÓLEO DIESEL S-500;37000,5
2016;OUT;REGIÃO NORDESTE;PERNAMBUCO;ÓLEO DIESEL S-500;36450,04
2016;NOV;REGIÃO NORDESTE;PERNAMBUCO;ÓLEO DIESEL S-500;36490,729
2016;DEZ;REGIÃO NORDESTE;PERNAMBUCO;ÓLEO DIESEL S-500;33005,28
2016;JAN;REGIÃO NORDESTE;ALAGOAS;ÓLEO DIESEL S-500;22975
2016;FEV;REGIÃO NORDESTE;ALAGOAS;ÓLEO DIESEL S-500;21069,5
2016;MAR;REGIÃO NORDESTE;ALAGOAS;ÓLEO DIESEL S-500;21218,23
2016;ABR;REGIÃO NORDESTE;ALAGOAS;ÓLEO DIESEL S-500;16776,03
2016;MAI;REGIÃO NORDESTE;ALAGOAS;ÓLEO DIESEL S-500;16747
2016;JUN;REGIÃO NORDESTE;ALAGOAS;ÓLEO DIESEL S-500;15527,973
2016;JUL;REGIÃO NORDESTE;ALAGOAS;ÓLEO DIESEL S-500;15496,5
2016;AGO;REGIÃO NORDESTE;ALAGOAS;ÓLEO DIESEL S-500;17552
2016;SET;REGIÃO NORDESTE;ALAGOAS;ÓLEO DIESEL S-500;18796
2016;OUT;REGIÃO NORDESTE;ALAGOAS;ÓLEO DIESEL S-500;20856,5
2016;NOV;REGIÃO NORDESTE;ALAGOAS;ÓLEO DIESEL S-500;22832
2016;DEZ;REGIÃO NORDESTE;ALAGOAS;ÓLEO DIESEL S-500;23595
2016;JAN;REGIÃO NORDESTE;SERGIPE;ÓLEO DIESEL S-500;14388,3
2016;FEV;REGIÃO NORDESTE;SERGIPE;ÓLEO DIESEL S-500;14513,3
2016;MAR;REGIÃO NORDESTE;SERGIPE;ÓLEO DIESEL S-500;15030
2016;ABR;REGIÃO NORDESTE;SERGIPE;ÓLEO DIESEL S-500;14709,4
2016;MAI;REGIÃO NORDESTE;SERGIPE;ÓLEO DIESEL S-500;14917,7
2016;JUN;REGIÃO NORDESTE;SERGIPE;ÓLEO DIESEL S-500;13878,009
2016;JUL;REGIÃO NORDESTE;SERGIPE;ÓLEO DIESEL S-500;13110,18
2016;AGO;REGIÃO NORDESTE;SERGIPE;ÓLEO DIESEL S-500;15107,6
2016;SET;REGIÃO NORDESTE;SERGIPE;ÓLEO DIESEL S-500;13312,3
2016;OUT;REGIÃO NORDESTE;SERGIPE;ÓLEO DIESEL S-500;14124,05
2016;NOV;REGIÃO NORDESTE;SERGIPE;ÓLEO DIESEL S-500;14377,2
2016;DEZ;REGIÃO NORDESTE;SERGIPE;ÓLEO DIESEL S-500;14430,9
2016;JAN;REGIÃO NORDESTE;BAHIA;ÓLEO DIESEL S-500;147283,184
2016;FEV;REGIÃO NORDESTE;BAHIA;ÓLEO DIESEL S-500;149439
2016;MAR;REGIÃO NORDESTE;BAHIA;ÓLEO DIESEL S-500;173853,948
2016;ABR;REGIÃO NORDESTE;BAHIA;ÓLEO DIESEL S-500;178365,279
2016;MAI;REGIÃO NORDESTE;BAHIA;ÓLEO DIESEL S-500;170182,676
2016;JUN;REGIÃO NORDESTE;BAHIA;ÓLEO DIESEL S-500;157417,737
2016;JUL;REGIÃO NORDESTE;BAHIA;ÓLEO DIESEL S-500;160726,921
2016;AGO;REGIÃO NORDESTE;BAHIA;ÓLEO DIESEL S-500;171793,776
2016;SET;REGIÃO NORDESTE;BAHIA;ÓLEO DIESEL S-500;157493,484
2016;OUT;REGIÃO NORDESTE;BAHIA;ÓLEO DIESEL S-500;166732,013
2016;NOV;REGIÃO NORDESTE;BAHIA;ÓLEO DIESEL S-500;157898,793
2016;DEZ;REGIÃO NORDESTE;BAHIA;ÓLEO DIESEL S-500;158030,235
2016;JAN;REGIÃO SUDESTE;MINAS GERAIS;ÓLEO DIESEL S-500;344749,528
2016;FEV;REGIÃO SUDESTE;MINAS GERAIS;ÓLEO DIESEL S-500;394499,163
2016;MAR;REGIÃO SUDESTE;MINAS GERAIS;ÓLEO DIESEL S-500;433208,534
2016;ABR;REGIÃO SUDESTE;MINAS GERAIS;ÓLEO DIESEL S-500;422105,325
2016;MAI;REGIÃO SUDESTE;MINAS GERAIS;ÓLEO DIESEL S-500;420306,691
2016;JUN;REGIÃO SUDESTE;MINAS GERAIS;ÓLEO DIESEL S-500;422821,679
2016;JUL;REGIÃO SUDESTE;MINAS GERAIS;ÓLEO DIESEL S-500;430442,694
2016;AGO;REGIÃO SUDESTE;MINAS GERAIS;ÓLEO DIESEL S-500;459004,138
2016;SET;REGIÃO SUDESTE;MINAS GERAIS;ÓLEO DIESEL S-500;437502,505
2016;OUT;REGIÃO SUDESTE;MINAS GERAIS;ÓLEO DIESEL S-500;425455,425
2016;NOV;REGIÃO SUDESTE;MINAS GERAIS;ÓLEO DIESEL S-500;394358,77
2016;DEZ;REGIÃO SUDESTE;MINAS GERAIS;ÓLEO DIESEL S-500;370941,906
2016;JAN;REGIÃO SUDESTE;ESPÍRITO SANTO;ÓLEO DIESEL S-500;43853,202
2016;FEV;REGIÃO SUDESTE;ESPÍRITO SANTO;ÓLEO DIESEL S-500;48983,64
2016;MAR;REGIÃO SUDESTE;ESPÍRITO SANTO;ÓLEO DIESEL S-500;52016,483
2016;ABR;REGIÃO SUDESTE;ESPÍRITO SANTO;ÓLEO DIESEL S-500;48934,1
2016;MAI;REGIÃO SUDESTE;ESPÍRITO SANTO;ÓLEO DIESEL S-500;53260,204
2016;JUN;REGIÃO SUDESTE;ESPÍRITO SANTO;ÓLEO DIESEL S-500;51319,721
2016;JUL;REGIÃO SUDESTE;ESPÍRITO SANTO;ÓLEO DIESEL S-500;50813,706
2016;AGO;REGIÃO SUDESTE;ESPÍRITO SANTO;ÓLEO DIESEL S-500;55993,162
2016;SET;REGIÃO SUDESTE;ESPÍRITO SANTO;ÓLEO DIESEL S-500;52077,622
2016;OUT;REGIÃO SUDESTE;ESPÍRITO SANTO;ÓLEO DIESEL S-500;52443,663
2016;NOV;REGIÃO SUDESTE;ESPÍRITO SANTO;ÓLEO DIESEL S-500;49380,638
2016;DEZ;REGIÃO SUDESTE;ESPÍRITO SANTO;ÓLEO DIESEL S-500;47905,35
2016;JAN;REGIÃO SUDESTE;RIO DE JANEIRO;ÓLEO DIESEL S-500;84651,559
2016;FEV;REGIÃO SUDESTE;RIO DE JANEIRO;ÓLEO DIESEL S-500;86200,183
2016;MAR;REGIÃO SUDESTE;RIO DE JANEIRO;ÓLEO DIESEL S-500;95475,979
2016;ABR;REGIÃO SUDESTE;RIO DE JANEIRO;ÓLEO DIESEL S-500;85057,696
2016;MAI;REGIÃO SUDESTE;RIO DE JANEIRO;ÓLEO DIESEL S-500;83845,835
2016;JUN;REGIÃO SUDESTE;RIO DE JANEIRO;ÓLEO DIESEL S-500;84378,297
2016;JUL;REGIÃO SUDESTE;RIO DE JANEIRO;ÓLEO DIESEL S-500;86943,085
2016;AGO;REGIÃO SUDESTE;RIO DE JANEIRO;ÓLEO DIESEL S-500;83660,609
2016;SET;REGIÃO SUDESTE;RIO DE JANEIRO;ÓLEO DIESEL S-500;81387,585
2016;OUT;REGIÃO SUDESTE;RIO DE JANEIRO;ÓLEO DIESEL S-500;76219,596
2016;NOV;REGIÃO SUDESTE;RIO DE JANEIRO;ÓLEO DIESEL S-500;73603,69
2016;DEZ;REGIÃO SUDESTE;RIO DE JANEIRO;ÓLEO DIESEL S-500;72432,636
2016;JAN;REGIÃO SUDESTE;SÃO PAULO;ÓLEO DIESEL S-500;497100,323
2016;FEV;REGIÃO SUDESTE;SÃO PAULO;ÓLEO DIESEL S-500;551771,783
2016;MAR;REGIÃO SUDESTE;SÃO PAULO;ÓLEO DIESEL S-500;640952,62
2016;ABR;REGIÃO SUDESTE;SÃO PAULO;ÓLEO DIESEL S-500;684082,217
2016;MAI;REGIÃO SUDESTE;SÃO PAULO;ÓLEO DIESEL S-500;649880,409
2016;JUN;REGIÃO SUDESTE;SÃO PAULO;ÓLEO DIESEL S-500;655589,625
2016;JUL;REGIÃO SUDESTE;SÃO PAULO;ÓLEO DIESEL S-500;705869,329
2016;AGO;REGIÃO SUDESTE;SÃO PAULO;ÓLEO DIESEL S-500;721707,625
2016;SET;REGIÃO SUDESTE;SÃO PAULO;ÓLEO DIESEL S-500;699858,974
2016;OUT;REGIÃO SUDESTE;SÃO PAULO;ÓLEO DIESEL S-500;653829,796
2016;NOV;REGIÃO SUDESTE;SÃO PAULO;ÓLEO DIESEL S-500;600388,575
2016;DEZ;REGIÃO SUDESTE;SÃO PAULO;ÓLEO DIESEL S-500;524380,245
2016;JAN;REGIÃO SUL;PARANÁ;ÓLEO DIESEL S-500;304631,928
2016;FEV;REGIÃO SUL;PARANÁ;ÓLEO DIESEL S-500;323162,017
2016;MAR;REGIÃO SUL;PARANÁ;ÓLEO DIESEL S-500;356980,986
2016;ABR;REGIÃO SUL;PARANÁ;ÓLEO DIESEL S-500;320645,34
2016;MAI;REGIÃO SUL;PARANÁ;ÓLEO DIESEL S-500;298572,093
2016;JUN;REGIÃO SUL;PARANÁ;ÓLEO DIESEL S-500;326803,082
2016;JUL;REGIÃO SUL;PARANÁ;ÓLEO DIESEL S-500;336672,025
2016;AGO;REGIÃO SUL;PARANÁ;ÓLEO DIESEL S-500;325832,774
2016;SET;REGIÃO SUL;PARANÁ;ÓLEO DIESEL S-500;339860,963
2016;OUT;REGIÃO SUL;PARANÁ;ÓLEO DIESEL S-500;305312,363
2016;NOV;REGIÃO SUL;PARANÁ;ÓLEO DIESEL S-500;283624,72
2016;DEZ;REGIÃO SUL;PARANÁ;ÓLEO DIESEL S-500;263468,387
2016;JAN;REGIÃO SUL;SANTA CATARINA;ÓLEO DIESEL S-500;129214,732
2016;FEV;REGIÃO SUL;SANTA CATARINA;ÓLEO DIESEL S-500;133683,582
2016;MAR;REGIÃO SUL;SANTA CATARINA;ÓLEO DIESEL S-500;150008,955
2016;ABR;REGIÃO SUL;SANTA CATARINA;ÓLEO DIESEL S-500;141416,933
2016;MAI;REGIÃO SUL;SANTA CATARINA;ÓLEO DIESEL S-500;137808,713
2016;JUN;REGIÃO SUL;SANTA CATARINA;ÓLEO DIESEL S-500;137843,808
2016;JUL;REGIÃO SUL;SANTA CATARINA;ÓLEO DIESEL S-500;134847,58
2016;AGO;REGIÃO SUL;SANTA CATARINA;ÓLEO DIESEL S-500;138586,542
2016;SET;REGIÃO SUL;SANTA CATARINA;ÓLEO DIESEL S-500;137182,851
2016;OUT;REGIÃO SUL;SANTA CATARINA;ÓLEO DIESEL S-500;127674,374
2016;NOV;REGIÃO SUL;SANTA CATARINA;ÓLEO DIESEL S-500;131618,67
2016;DEZ;REGIÃO SUL;SANTA CATARINA;ÓLEO DIESEL S-500;120477,291
2016;JAN;REGIÃO SUL;RIO GRANDE DO SUL;ÓLEO DIESEL S-500;185325,058
2016;FEV;REGIÃO SUL;RIO GRANDE DO SUL;ÓLEO DIESEL S-500;204709,961
2016;MAR;REGIÃO SUL;RIO GRANDE DO SUL;ÓLEO DIESEL S-500;260186,416
2016;ABR;REGIÃO SUL;RIO GRANDE DO SUL;ÓLEO DIESEL S-500;254347,574
2016;MAI;REGIÃO SUL;RIO GRANDE DO SUL;ÓLEO DIESEL S-500;237446,524
2016;JUN;REGIÃO SUL;RIO GRANDE DO SUL;ÓLEO DIESEL S-500;228567,431
2016;JUL;REGIÃO SUL;RIO GRANDE DO SUL;ÓLEO DIESEL S-500;196078,705
2016;AGO;REGIÃO SUL;RIO GRANDE DO SUL;ÓLEO DIESEL S-500;226542,912
2016;SET;REGIÃO SUL;RIO GRANDE DO SUL;ÓLEO DIESEL S-500;223208,484
2016;OUT;REGIÃO SUL;RIO GRANDE DO SUL;ÓLEO DIESEL S-500;226640,38
2016;NOV;REGIÃO SUL;RIO GRANDE DO SUL;ÓLEO DIESEL S-500;240861,003
2016;DEZ;REGIÃO SUL;RIO GRANDE DO SUL;ÓLEO DIESEL S-500;198756,934
2016;JAN;REGIÃO CENTRO-OESTE;MATO GROSSO DO SUL;ÓLEO DIESEL S-500;64473,59
2016;FEV;REGIÃO CENTRO-OESTE;MATO GROSSO DO SUL;ÓLEO DIESEL S-500;75499,935
2016;MAR;REGIÃO CENTRO-OESTE;MATO GROSSO DO SUL;ÓLEO DIESEL S-500;83122,43
2016;ABR;REGIÃO CENTRO-OESTE;MATO GROSSO DO SUL;ÓLEO DIESEL S-500;74450,027
2016;MAI;REGIÃO CENTRO-OESTE;MATO GROSSO DO SUL;ÓLEO DIESEL S-500;64489,991
2016;JUN;REGIÃO CENTRO-OESTE;MATO GROSSO DO SUL;ÓLEO DIESEL S-500;79046,182
2016;JUL;REGIÃO CENTRO-OESTE;MATO GROSSO DO SUL;ÓLEO DIESEL S-500;86952,944
2016;AGO;REGIÃO CENTRO-OESTE;MATO GROSSO DO SUL;ÓLEO DIESEL S-500;86756,36
2016;SET;REGIÃO CENTRO-OESTE;MATO GROSSO DO SUL;ÓLEO DIESEL S-500;91105,225
2016;OUT;REGIÃO CENTRO-OESTE;MATO GROSSO DO SUL;ÓLEO DIESEL S-500;81750,033
2016;NOV;REGIÃO CENTRO-OESTE;MATO GROSSO DO SUL;ÓLEO DIESEL S-500;71614,882
2016;DEZ;REGIÃO CENTRO-OESTE;MATO GROSSO DO SUL;ÓLEO DIESEL S-500;57106,8
2016;JAN;REGIÃO CENTRO-OESTE;MATO GROSSO;ÓLEO DIESEL S-500;158996,795
2016;FEV;REGIÃO CENTRO-OESTE;MATO GROSSO;ÓLEO DIESEL S-500;217199,113
2016;MAR;REGIÃO CENTRO-OESTE;MATO GROSSO;ÓLEO DIESEL S-500;206414,796
2016;ABR;REGIÃO CENTRO-OESTE;MATO GROSSO;ÓLEO DIESEL S-500;157023,63
2016;MAI;REGIÃO CENTRO-OESTE;MATO GROSSO;ÓLEO DIESEL S-500;154496,124
2016;JUN;REGIÃO CENTRO-OESTE;MATO GROSSO;ÓLEO DIESEL S-500;195034,313
2016;JUL;REGIÃO CENTRO-OESTE;MATO GROSSO;ÓLEO DIESEL S-500;195547,785
2016;AGO;REGIÃO CENTRO-OESTE;MATO GROSSO;ÓLEO DIESEL S-500;190385,616
2016;SET;REGIÃO CENTRO-OESTE;MATO GROSSO;ÓLEO DIESEL S-500;189366,109
2016;OUT;REGIÃO CENTRO-OESTE;MATO GROSSO;ÓLEO DIESEL S-500;182332,54
2016;NOV;REGIÃO CENTRO-OESTE;MATO GROSSO;ÓLEO DIESEL S-500;137821,058
2016;DEZ;REGIÃO CENTRO-OESTE;MATO GROSSO;ÓLEO DIESEL S-500;126013,91
2016;JAN;REGIÃO CENTRO-OESTE;GOIÁS;ÓLEO DIESEL S-500;118644,441
2016;FEV;REGIÃO CENTRO-OESTE;GOIÁS;ÓLEO DIESEL S-500;158173,71
2016;MAR;REGIÃO CENTRO-OESTE;GOIÁS;ÓLEO DIESEL S-500;169196,753
2016;ABR;REGIÃO CENTRO-OESTE;GOIÁS;ÓLEO DIESEL S-500;154402,94
2016;MAI;REGIÃO CENTRO-OESTE;GOIÁS;ÓLEO DIESEL S-500;155228,83
2016;JUN;REGIÃO CENTRO-OESTE;GOIÁS;ÓLEO DIESEL S-500;168109,408
2016;JUL;REGIÃO CENTRO-OESTE;GOIÁS;ÓLEO DIESEL S-500;177607,696
2016;AGO;REGIÃO CENTRO-OESTE;GOIÁS;ÓLEO DIESEL S-500;181143,341
2016;SET;REGIÃO CENTRO-OESTE;GOIÁS;ÓLEO DIESEL S-500;171813,58
2016;OUT;REGIÃO CENTRO-OESTE;GOIÁS;ÓLEO DIESEL S-500;168224,814
2016;NOV;REGIÃO CENTRO-OESTE;GOIÁS;ÓLEO DIESEL S-500;141750,85
2016;DEZ;REGIÃO CENTRO-OESTE;GOIÁS;ÓLEO DIESEL S-500;129191,97
2016;JAN;REGIÃO CENTRO-OESTE;DISTRITO FEDERAL;ÓLEO DIESEL S-500;14774,55
2016;FEV;REGIÃO CENTRO-OESTE;DISTRITO FEDERAL;ÓLEO DIESEL S-500;16309,65
2016;MAR;REGIÃO CENTRO-OESTE;DISTRITO FEDERAL;ÓLEO DIESEL S-500;17341,1
2016;ABR;REGIÃO CENTRO-OESTE;DISTRITO FEDERAL;ÓLEO DIESEL S-500;16387,55
2016;MAI;REGIÃO CENTRO-OESTE;DISTRITO FEDERAL;ÓLEO DIESEL S-500;16368,443
2016;JUN;REGIÃO CENTRO-OESTE;DISTRITO FEDERAL;ÓLEO DIESEL S-500;16464,5
2016;JUL;REGIÃO CENTRO-OESTE;DISTRITO FEDERAL;ÓLEO DIESEL S-500;16082,85
2016;AGO;REGIÃO CENTRO-OESTE;DISTRITO FEDERAL;ÓLEO DIESEL S-500;17062,216
2016;SET;REGIÃO CENTRO-OESTE;DISTRITO FEDERAL;ÓLEO DIESEL S-500;16667,587
2016;OUT;REGIÃO CENTRO-OESTE;DISTRITO FEDERAL;ÓLEO DIESEL S-500;16245,51
2016;NOV;REGIÃO CENTRO-OESTE;DISTRITO FEDERAL;ÓLEO DIESEL S-500;15032,3
2016;DEZ;REGIÃO CENTRO-OESTE;DISTRITO FEDERAL;ÓLEO DIESEL S-500;14717,1
2016;JAN;REGIÃO NORTE;RONDÔNIA;ÓLEO DIESEL S-1800;0
2016;FEV;REGIÃO NORTE;RONDÔNIA;ÓLEO DIESEL S-1800;0
2016;MAR;REGIÃO NORTE;RONDÔNIA;ÓLEO DIESEL S-1800;0
2016;ABR;REGIÃO NORTE;RONDÔNIA;ÓLEO DIESEL S-1800;0
2016;MAI;REGIÃO NORTE;RONDÔNIA;ÓLEO DIESEL S-1800;2721,551
2016;JUN;REGIÃO NORTE;RONDÔNIA;ÓLEO DIESEL S-1800;4696
2016;JUL;REGIÃO NORTE;RONDÔNIA;ÓLEO DIESEL S-1800;4385
2016;AGO;REGIÃO NORTE;RONDÔNIA;ÓLEO DIESEL S-1800;1304
2016;SET;REGIÃO NORTE;RONDÔNIA;ÓLEO DIESEL S-1800;40
2016;OUT;REGIÃO NORTE;RONDÔNIA;ÓLEO DIESEL S-1800;5
2016;NOV;REGIÃO NORTE;RONDÔNIA;ÓLEO DIESEL S-1800;25
2016;DEZ;REGIÃO NORTE;RONDÔNIA;ÓLEO DIESEL S-1800;35
2016;JAN;REGIÃO NORTE;ACRE;ÓLEO DIESEL S-1800;0
2016;FEV;REGIÃO NORTE;ACRE;ÓLEO DIESEL S-1800;0
2016;MAR;REGIÃO NORTE;ACRE;ÓLEO DIESEL S-1800;0
2016;ABR;REGIÃO NORTE;ACRE;ÓLEO DIESEL S-1800;0
2016;MAI;REGIÃO NORTE;ACRE;ÓLEO DIESEL S-1800;0
2016;JUN;REGIÃO NORTE;ACRE;ÓLEO DIESEL S-1800;0
2016;JUL;REGIÃO NORTE;ACRE;ÓLEO DIESEL S-1800;0
2016;AGO;REGIÃO NORTE;ACRE;ÓLEO DIESEL S-1800;0
2016;SET;REGIÃO NORTE;ACRE;ÓLEO DIESEL S-1800;0
2016;OUT;REGIÃO NORTE;ACRE;ÓLEO DIESEL S-1800;0
2016;NOV;REGIÃO NORTE;ACRE;ÓLEO DIESEL S-1800;0
2016;DEZ;REGIÃO NORTE;ACRE;ÓLEO DIESEL S-1800;0
2016;JAN;REGIÃO NORTE;AMAZONAS;ÓLEO DIESEL S-1800;44265,691
2016;FEV;REGIÃO NORTE;AMAZONAS;ÓLEO DIESEL S-1800;41575,734
2016;MAR;REGIÃO NORTE;AMAZONAS;ÓLEO DIESEL S-1800;36637,991
2016;ABR;REGIÃO NORTE;AMAZONAS;ÓLEO DIESEL S-1800;29863,759
2016;MAI;REGIÃO NORTE;AMAZONAS;ÓLEO DIESEL S-1800;39646,659
2016;JUN;REGIÃO NORTE;AMAZONAS;ÓLEO DIESEL S-1800;36368,881
2016;JUL;REGIÃO NORTE;AMAZONAS;ÓLEO DIESEL S-1800;34143,966
2016;AGO;REGIÃO NORTE;AMAZONAS;ÓLEO DIESEL S-1800;46510,241
2016;SET;REGIÃO NORTE;AMAZONAS;ÓLEO DIESEL S-1800;43188,859
2016;OUT;REGIÃO NORTE;AMAZONAS;ÓLEO DIESEL S-1800;37073,593
2016;NOV;REGIÃO NORTE;AMAZONAS;ÓLEO DIESEL S-1800;31246,294
2016;DEZ;REGIÃO NORTE;AMAZONAS;ÓLEO DIESEL S-1800;43930,992
2016;JAN;REGIÃO NORTE;RORAIMA;ÓLEO DIESEL S-1800;0
2016;FEV;REGIÃO NORTE;RORAIMA;ÓLEO DIESEL S-1800;0
2016;MAR;REGIÃO NORTE;RORAIMA;ÓLEO DIESEL S-1800;0
2016;ABR;REGIÃO NORTE;RORAIMA;ÓLEO DIESEL S-1800;0
2016;MAI;REGIÃO NORTE;RORAIMA;ÓLEO DIESEL S-1800;0
2016;JUN;REGIÃO NORTE;RORAIMA;ÓLEO DIESEL S-1800;0
2016;JUL;REGIÃO NORTE;RORAIMA;ÓLEO DIESEL S-1800;0
2016;AGO;REGIÃO NORTE;RORAIMA;ÓLEO DIESEL S-1800;0
2016;SET;REGIÃO NORTE;RORAIMA;ÓLEO DIESEL S-1800;0
2016;OUT;REGIÃO NORTE;RORAIMA;ÓLEO DIESEL S-1800;0
2016;NOV;REGIÃO NORTE;RORAIMA;ÓLEO DIESEL S-1800;0
2016;DEZ;REGIÃO NORTE;RORAIMA;ÓLEO DIESEL S-1800;881
2016;JAN;REGIÃO NORTE;PARÁ;ÓLEO DIESEL S-1800;5611,951
2016;FEV;REGIÃO NORTE;PARÁ;ÓLEO DIESEL S-1800;4843,07
2016;MAR;REGIÃO NORTE;PARÁ;ÓLEO DIESEL S-1800;4485,831
2016;ABR;REGIÃO NORTE;PARÁ;ÓLEO DIESEL S-1800;5181,615
2016;MAI;REGIÃO NORTE;PARÁ;ÓLEO DIESEL S-1800;5045,749
2016;JUN;REGIÃO NORTE;PARÁ;ÓLEO DIESEL S-1800;4929,857
2016;JUL;REGIÃO NORTE;PARÁ;ÓLEO DIESEL S-1800;5442,531
2016;AGO;REGIÃO NORTE;PARÁ;ÓLEO DIESEL S-1800;5405,901
2016;SET;REGIÃO NORTE;PARÁ;ÓLEO DIESEL S-1800;6002,57
2016;OUT;REGIÃO NORTE;PARÁ;ÓLEO DIESEL S-1800;5519,455
2016;NOV;REGIÃO NORTE;PARÁ;ÓLEO DIESEL S-1800;5584,676
2016;DEZ;REGIÃO NORTE;PARÁ;ÓLEO DIESEL S-1800;5730,83
2016;JAN;REGIÃO NORTE;AMAPÁ;ÓLEO DIESEL S-1800;0
2016;FEV;REGIÃO NORTE;AMAPÁ;ÓLEO DIESEL S-1800;0
2016;MAR;REGIÃO NORTE;AMAPÁ;ÓLEO DIESEL S-1800;0
2016;ABR;REGIÃO NORTE;AMAPÁ;ÓLEO DIESEL S-1800;0
2016;MAI;REGIÃO NORTE;AMAPÁ;ÓLEO DIESEL S-1800;0
2016;JUN;REGIÃO NORTE;AMAPÁ;ÓLEO DIESEL S-1800;0
2016;JUL;REGIÃO NORTE;AMAPÁ;ÓLEO DIESEL S-1800;0
2016;AGO;REGIÃO NORTE;AMAPÁ;ÓLEO DIESEL S-1800;0
2016;SET;REGIÃO NORTE;AMAPÁ;ÓLEO DIESEL S-1800;0
2016;OUT;REGIÃO NORTE;AMAPÁ;ÓLEO DIESEL S-1800;0
2016;NOV;REGIÃO NORTE;AMAPÁ;ÓLEO DIESEL S-1800;0
2016;DEZ;REGIÃO NORTE;AMAPÁ;ÓLEO DIESEL S-1800;0
2016;JAN;REGIÃO NORTE;TOCANTINS;ÓLEO DIESEL S-1800;0
2016;FEV;REGIÃO NORTE;TOCANTINS;ÓLEO DIESEL S-1800;0
2016;MAR;REGIÃO NORTE;TOCANTINS;ÓLEO DIESEL S-1800;0
2016;ABR;REGIÃO NORTE;TOCANTINS;ÓLEO DIESEL S-1800;0
2016;MAI;REGIÃO NORTE;TOCANTINS;ÓLEO DIESEL S-1800;0
2016;JUN;REGIÃO NORTE;TOCANTINS;ÓLEO DIESEL S-1800;0
2016;JUL;REGIÃO NORTE;TOCANTINS;ÓLEO DIESEL S-1800;0
2016;AGO;REGIÃO NORTE;TOCANTINS;ÓLEO DIESEL S-1800;0
2016;SET;REGIÃO NORTE;TOCANTINS;ÓLEO DIESEL S-1800;0
2016;OUT;REGIÃO NORTE;TOCANTINS;ÓLEO DIESEL S-1800;0
2016;NOV;REGIÃO NORTE;TOCANTINS;ÓLEO DIESEL S-1800;0
2016;DEZ;REGIÃO NORTE;TOCANTINS;ÓLEO DIESEL S-1800;0
2016;JAN;REGIÃO NORDESTE;MARANHÃO;ÓLEO DIESEL S-1800;0
2016;FEV;REGIÃO NORDESTE;MARANHÃO;ÓLEO DIESEL S-1800;0
2016;MAR;REGIÃO NORDESTE;MARANHÃO;ÓLEO DIESEL S-1800;0
2016;ABR;REGIÃO NORDESTE;MARANHÃO;ÓLEO DIESEL S-1800;0
2016;MAI;REGIÃO NORDESTE;MARANHÃO;ÓLEO DIESEL S-1800;0
2016;JUN;REGIÃO NORDESTE;MARANHÃO;ÓLEO DIESEL S-1800;0
2016;JUL;REGIÃO NORDESTE;MARANHÃO;ÓLEO DIESEL S-1800;0
2016;AGO;REGIÃO NORDESTE;MARANHÃO;ÓLEO DIESEL S-1800;0
2016;SET;REGIÃO NORDESTE;MARANHÃO;ÓLEO DIESEL S-1800;0
2016;OUT;REGIÃO NORDESTE;MARANHÃO;ÓLEO DIESEL S-1800;0
2016;NOV;REGIÃO NORDESTE;MARANHÃO;ÓLEO DIESEL S-1800;0
2016;DEZ;REGIÃO NORDESTE;MARANHÃO;ÓLEO DIESEL S-1800;0
2016;JAN;REGIÃO NORDESTE;PIAUÍ;ÓLEO DIESEL S-1800;0
2016;FEV;REGIÃO NORDESTE;PIAUÍ;ÓLEO DIESEL S-1800;0
2016;MAR;REGIÃO NORDESTE;PIAUÍ;ÓLEO DIESEL S-1800;0
2016;ABR;REGIÃO NORDESTE;PIAUÍ;ÓLEO DIESEL S-1800;0
2016;MAI;REGIÃO NORDESTE;PIAUÍ;ÓLEO DIESEL S-1800;0
2016;JUN;REGIÃO NORDESTE;PIAUÍ;ÓLEO DIESEL S-1800;0
2016;JUL;REGIÃO NORDESTE;PIAUÍ;ÓLEO DIESEL S-1800;0
2016;AGO;REGIÃO NORDESTE;PIAUÍ;ÓLEO DIESEL S-1800;0
2016;SET;REGIÃO NORDESTE;PIAUÍ;ÓLEO DIESEL S-1800;0
2016;OUT;REGIÃO NORDESTE;PIAUÍ;ÓLEO DIESEL S-1800;0
2016;NOV;REGIÃO NORDESTE;PIAUÍ;ÓLEO DIESEL S-1800;0
2016;DEZ;REGIÃO NORDESTE;PIAUÍ;ÓLEO DIESEL S-1800;0
2016;JAN;REGIÃO NORDESTE;CEARÁ;ÓLEO DIESEL S-1800;0
2016;FEV;REGIÃO NORDESTE;CEARÁ;ÓLEO DIESEL S-1800;0
2016;MAR;REGIÃO NORDESTE;CEARÁ;ÓLEO DIESEL S-1800;0
2016;ABR;REGIÃO NORDESTE;CEARÁ;ÓLEO DIESEL S-1800;0
2016;MAI;REGIÃO NORDESTE;CEARÁ;ÓLEO DIESEL S-1800;0
2016;JUN;REGIÃO NORDESTE;CEARÁ;ÓLEO DIESEL S-1800;0
2016;JUL;REGIÃO NORDESTE;CEARÁ;ÓLEO DIESEL S-1800;0
2016;AGO;REGIÃO NORDESTE;CEARÁ;ÓLEO DIESEL S-1800;0
2016;SET;REGIÃO NORDESTE;CEARÁ;ÓLEO DIESEL S-1800;0
2016;OUT;REGIÃO NORDESTE;CEARÁ;ÓLEO DIESEL S-1800;0
2016;NOV;REGIÃO NORDESTE;CEARÁ;ÓLEO DIESEL S-1800;0
2016;DEZ;REGIÃO NORDESTE;CEARÁ;ÓLEO DIESEL S-1800;0
2016;JAN;REGIÃO NORDESTE;RIO GRANDE DO NORTE;ÓLEO DIESEL S-1800;0
2016;FEV;REGIÃO NORDESTE;RIO GRANDE DO NORTE;ÓLEO DIESEL S-1800;0
2016;MAR;REGIÃO NORDESTE;RIO GRANDE DO NORTE;ÓLEO DIESEL S-1800;0
2016;ABR;REGIÃO NORDESTE;RIO GRANDE DO NORTE;ÓLEO DIESEL S-1800;0
2016;MAI;REGIÃO NORDESTE;RIO GRANDE DO NORTE;ÓLEO DIESEL S-1800;0
2016;JUN;REGIÃO NORDESTE;RIO GRANDE DO NORTE;ÓLEO DIESEL S-1800;0
2016;JUL;REGIÃO NORDESTE;RIO GRANDE DO NORTE;ÓLEO DIESEL S-1800;0
2016;AGO;REGIÃO NORDESTE;RIO GRANDE DO NORTE;ÓLEO DIESEL S-1800;0
2016;SET;REGIÃO NORDESTE;RIO GRANDE DO NORTE;ÓLEO DIESEL S-1800;0
2016;OUT;REGIÃO NORDESTE;RIO GRANDE DO NORTE;ÓLEO DIESEL S-1800;0
2016;NOV;REGIÃO NORDESTE;RIO GRANDE DO NORTE;ÓLEO DIESEL S-1800;0
2016;DEZ;REGIÃO NORDESTE;RIO GRANDE DO NORTE;ÓLEO DIESEL S-1800;0
2016;JAN;REGIÃO NORDESTE;PARAÍBA;ÓLEO DIESEL S-1800;0
2016;FEV;REGIÃO NORDESTE;PARAÍBA;ÓLEO DIESEL S-1800;0
2016;MAR;REGIÃO NORDESTE;PARAÍBA;ÓLEO DIESEL S-1800;0
2016;ABR;REGIÃO NORDESTE;PARAÍBA;ÓLEO DIESEL S-1800;0
2016;MAI;REGIÃO NORDESTE;PARAÍBA;ÓLEO DIESEL S-1800;0
2016;JUN;REGIÃO NORDESTE;PARAÍBA;ÓLEO DIESEL S-1800;0
2016;JUL;REGIÃO NORDESTE;PARAÍBA;ÓLEO DIESEL S-1800;0
2016;AGO;REGIÃO NORDESTE;PARAÍBA;ÓLEO DIESEL S-1800;115
2016;SET;REGIÃO NORDESTE;PARAÍBA;ÓLEO DIESEL S-1800;65
2016;OUT;REGIÃO NORDESTE;PARAÍBA;ÓLEO DIESEL S-1800;205
2016;NOV;REGIÃO NORDESTE;PARAÍBA;ÓLEO DIESEL S-1800;135
2016;DEZ;REGIÃO NORDESTE;PARAÍBA;ÓLEO DIESEL S-1800;260
2016;JAN;REGIÃO NORDESTE;PERNAMBUCO;ÓLEO DIESEL S-1800;0
2016;FEV;REGIÃO NORDESTE;PERNAMBUCO;ÓLEO DIESEL S-1800;0
2016;MAR;REGIÃO NORDESTE;PERNAMBUCO;ÓLEO DIESEL S-1800;0
2016;ABR;REGIÃO NORDESTE;PERNAMBUCO;ÓLEO DIESEL S-1800;0
2016;MAI;REGIÃO NORDESTE;PERNAMBUCO;ÓLEO DIESEL S-1800;0
2016;JUN;REGIÃO NORDESTE;PERNAMBUCO;ÓLEO DIESEL S-1800;0
2016;JUL;REGIÃO NORDESTE;PERNAMBUCO;ÓLEO DIESEL S-1800;0
2016;AGO;REGIÃO NORDESTE;PERNAMBUCO;ÓLEO DIESEL S-1800;0
2016;SET;REGIÃO NORDESTE;PERNAMBUCO;ÓLEO DIESEL S-1800;0
2016;OUT;REGIÃO NORDESTE;PERNAMBUCO;ÓLEO DIESEL S-1800;0
2016;NOV;REGIÃO NORDESTE;PERNAMBUCO;ÓLEO DIESEL S-1800;0
2016;DEZ;REGIÃO NORDESTE;PERNAMBUCO;ÓLEO DIESEL S-1800;0
2016;JAN;REGIÃO NORDESTE;ALAGOAS;ÓLEO DIESEL S-1800;0
2016;FEV;REGIÃO NORDESTE;ALAGOAS;ÓLEO DIESEL S-1800;0
2016;MAR;REGIÃO NORDESTE;ALAGOAS;ÓLEO DIESEL S-1800;17,5
2016;ABR;REGIÃO NORDESTE;ALAGOAS;ÓLEO DIESEL S-1800;0
2016;MAI;REGIÃO NORDESTE;ALAGOAS;ÓLEO DIESEL S-1800;0
2016;JUN;REGIÃO NORDESTE;ALAGOAS;ÓLEO DIESEL S-1800;3,5
2016;JUL;REGIÃO NORDESTE;ALAGOAS;ÓLEO DIESEL S-1800;0
2016;AGO;REGIÃO NORDESTE;ALAGOAS;ÓLEO DIESEL S-1800;0
2016;SET;REGIÃO NORDESTE;ALAGOAS;ÓLEO DIESEL S-1800;10
2016;OUT;REGIÃO NORDESTE;ALAGOAS;ÓLEO DIESEL S-1800;10
2016;NOV;REGIÃO NORDESTE;ALAGOAS;ÓLEO DIESEL S-1800;10
2016;DEZ;REGIÃO NORDESTE;ALAGOAS;ÓLEO DIESEL S-1800;5
2016;JAN;REGIÃO NORDESTE;SERGIPE;ÓLEO DIESEL S-1800;0
2016;FEV;REGIÃO NORDESTE;SERGIPE;ÓLEO DIESEL S-1800;0
2016;MAR;REGIÃO NORDESTE;SERGIPE;ÓLEO DIESEL S-1800;0
2016;ABR;REGIÃO NORDESTE;SERGIPE;ÓLEO DIESEL S-1800;0
2016;MAI;REGIÃO NORDESTE;SERGIPE;ÓLEO DIESEL S-1800;0
2016;JUN;REGIÃO NORDESTE;SERGIPE;ÓLEO DIESEL S-1800;0
2016;JUL;REGIÃO NORDESTE;SERGIPE;ÓLEO DIESEL S-1800;0
2016;AGO;REGIÃO NORDESTE;SERGIPE;ÓLEO DIESEL S-1800;0
2016;SET;REGIÃO NORDESTE;SERGIPE;ÓLEO DIESEL S-1800;0
2016;OUT;REGIÃO NORDESTE;SERGIPE;ÓLEO DIESEL S-1800;0
2016;NOV;REGIÃO NORDESTE;SERGIPE;ÓLEO DIESEL S-1800;0
2016;DEZ;REGIÃO NORDESTE;SERGIPE;ÓLEO DIESEL S-1800;0
2016;JAN;REGIÃO NORDESTE;BAHIA;ÓLEO DIESEL S-1800;0
2016;FEV;REGIÃO NORDESTE;BAHIA;ÓLEO DIESEL S-1800;0
2016;MAR;REGIÃO NORDESTE;BAHIA;ÓLEO DIESEL S-1800;0
2016;ABR;REGIÃO NORDESTE;BAHIA;ÓLEO DIESEL S-1800;0
2016;MAI;REGIÃO NORDESTE;BAHIA;ÓLEO DIESEL S-1800;0
2016;JUN;REGIÃO NORDESTE;BAHIA;ÓLEO DIESEL S-1800;0
2016;JUL;REGIÃO NORDESTE;BAHIA;ÓLEO DIESEL S-1800;0
2016;AGO;REGIÃO NORDESTE;BAHIA;ÓLEO DIESEL S-1800;0
2016;SET;REGIÃO NORDESTE;BAHIA;ÓLEO DIESEL S-1800;0
2016;OUT;REGIÃO NORDESTE;BAHIA;ÓLEO DIESEL S-1800;0
2016;NOV;REGIÃO NORDESTE;BAHIA;ÓLEO DIESEL S-1800;0
2016;DEZ;REGIÃO NORDESTE;BAHIA;ÓLEO DIESEL S-1800;0
2016;JAN;REGIÃO SUDESTE;MINAS GERAIS;ÓLEO DIESEL S-1800;15
2016;FEV;REGIÃO SUDESTE;MINAS GERAIS;ÓLEO DIESEL S-1800;5
2016;MAR;REGIÃO SUDESTE;MINAS GERAIS;ÓLEO DIESEL S-1800;15
2016;ABR;REGIÃO SUDESTE;MINAS GERAIS;ÓLEO DIESEL S-1800;5
2016;MAI;REGIÃO SUDESTE;MINAS GERAIS;ÓLEO DIESEL S-1800;5
2016;JUN;REGIÃO SUDESTE;MINAS GERAIS;ÓLEO DIESEL S-1800;10
2016;JUL;REGIÃO SUDESTE;MINAS GERAIS;ÓLEO DIESEL S-1800;5
2016;AGO;REGIÃO SUDESTE;MINAS GERAIS;ÓLEO DIESEL S-1800;5
2016;SET;REGIÃO SUDESTE;MINAS GERAIS;ÓLEO DIESEL S-1800;10
2016;OUT;REGIÃO SUDESTE;MINAS GERAIS;ÓLEO DIESEL S-1800;5
2016;NOV;REGIÃO SUDESTE;MINAS GERAIS;ÓLEO DIESEL S-1800;10
2016;DEZ;REGIÃO SUDESTE;MINAS GERAIS;ÓLEO DIESEL S-1800;5
2016;JAN;REGIÃO SUDESTE;ESPÍRITO SANTO;ÓLEO DIESEL S-1800;0
2016;FEV;REGIÃO SUDESTE;ESPÍRITO SANTO;ÓLEO DIESEL S-1800;0
2016;MAR;REGIÃO SUDESTE;ESPÍRITO SANTO;ÓLEO DIESEL S-1800;0
2016;ABR;REGIÃO SUDESTE;ESPÍRITO SANTO;ÓLEO DIESEL S-1800;0
2016;MAI;REGIÃO SUDESTE;ESPÍRITO SANTO;ÓLEO DIESEL S-1800;0
2016;JUN;REGIÃO SUDESTE;ESPÍRITO SANTO;ÓLEO DIESEL S-1800;0
2016;JUL;REGIÃO SUDESTE;ESPÍRITO SANTO;ÓLEO DIESEL S-1800;0
2016;AGO;REGIÃO SUDESTE;ESPÍRITO SANTO;ÓLEO DIESEL S-1800;0
2016;SET;REGIÃO SUDESTE;ESPÍRITO SANTO;ÓLEO DIESEL S-1800;0
2016;OUT;REGIÃO SUDESTE;ESPÍRITO SANTO;ÓLEO DIESEL S-1800;0
2016;NOV;REGIÃO SUDESTE;ESPÍRITO SANTO;ÓLEO DIESEL S-1800;0
2016;DEZ;REGIÃO SUDESTE;ESPÍRITO SANTO;ÓLEO DIESEL S-1800;0
2016;JAN;REGIÃO SUDESTE;RIO DE JANEIRO;ÓLEO DIESEL S-1800;0
2016;FEV;REGIÃO SUDESTE;RIO DE JANEIRO;ÓLEO DIESEL S-1800;0
2016;MAR;REGIÃO SUDESTE;RIO DE JANEIRO;ÓLEO DIESEL S-1800;0
2016;ABR;REGIÃO SUDESTE;RIO DE JANEIRO;ÓLEO DIESEL S-1800;0
2016;MAI;REGIÃO SUDESTE;RIO DE JANEIRO;ÓLEO DIESEL S-1800;0
2016;JUN;REGIÃO SUDESTE;RIO DE JANEIRO;ÓLEO DIESEL S-1800;0
2016;JUL;REGIÃO SUDESTE;RIO DE JANEIRO;ÓLEO DIESEL S-1800;0
2016;AGO;REGIÃO SUDESTE;RIO DE JANEIRO;ÓLEO DIESEL S-1800;0
2016;SET;REGIÃO SUDESTE;RIO DE JANEIRO;ÓLEO DIESEL S-1800;0
2016;OUT;REGIÃO SUDESTE;RIO DE JANEIRO;ÓLEO DIESEL S-1800;0
2016;NOV;REGIÃO SUDESTE;RIO DE JANEIRO;ÓLEO DIESEL S-1800;0
2016;DEZ;REGIÃO SUDESTE;RIO DE JANEIRO;ÓLEO DIESEL S-1800;0
2016;JAN;REGIÃO SUDESTE;SÃO PAULO;ÓLEO DIESEL S-1800;90
2016;FEV;REGIÃO SUDESTE;SÃO PAULO;ÓLEO DIESEL S-1800;193
2016;MAR;REGIÃO SUDESTE;SÃO PAULO;ÓLEO DIESEL S-1800;350
2016;ABR;REGIÃO SUDESTE;SÃO PAULO;ÓLEO DIESEL S-1800;1036,2
2016;MAI;REGIÃO SUDESTE;SÃO PAULO;ÓLEO DIESEL S-1800;1350
2016;JUN;REGIÃO SUDESTE;SÃO PAULO;ÓLEO DIESEL S-1800;1034
2016;JUL;REGIÃO SUDESTE;SÃO PAULO;ÓLEO DIESEL S-1800;1575
2016;AGO;REGIÃO SUDESTE;SÃO PAULO;ÓLEO DIESEL S-1800;1497
2016;SET;REGIÃO SUDESTE;SÃO PAULO;ÓLEO DIESEL S-1800;1485
2016;OUT;REGIÃO SUDESTE;SÃO PAULO;ÓLEO DIESEL S-1800;1235
2016;NOV;REGIÃO SUDESTE;SÃO PAULO;ÓLEO DIESEL S-1800;1120
2016;DEZ;REGIÃO SUDESTE;SÃO PAULO;ÓLEO DIESEL S-1800;460
2016;JAN;REGIÃO SUL;PARANÁ;ÓLEO DIESEL S-1800;0
2016;FEV;REGIÃO SUL;PARANÁ;ÓLEO DIESEL S-1800;0
2016;MAR;REGIÃO SUL;PARANÁ;ÓLEO DIESEL S-1800;0
2016;ABR;REGIÃO SUL;PARANÁ;ÓLEO DIESEL S-1800;0
2016;MAI;REGIÃO SUL;PARANÁ;ÓLEO DIESEL S-1800;0
2016;JUN;REGIÃO SUL;PARANÁ;ÓLEO DIESEL S-1800;0
2016;JUL;REGIÃO SUL;PARANÁ;ÓLEO DIESEL S-1800;0
2016;AGO;REGIÃO SUL;PARANÁ;ÓLEO DIESEL S-1800;0
2016;SET;REGIÃO SUL;PARANÁ;ÓLEO DIESEL S-1800;0
2016;OUT;REGIÃO SUL;PARANÁ;ÓLEO DIESEL S-1800;0
2016;NOV;REGIÃO SUL;PARANÁ;ÓLEO DIESEL S-1800;0
2016;DEZ;REGIÃO SUL;PARANÁ;ÓLEO DIESEL S-1800;0
2016;JAN;REGIÃO SUL;SANTA CATARINA;ÓLEO DIESEL S-1800;0
2016;FEV;REGIÃO SUL;SANTA CATARINA;ÓLEO DIESEL S-1800;0
2016;MAR;REGIÃO SUL;SANTA CATARINA;ÓLEO DIESEL S-1800;0
2016;ABR;REGIÃO SUL;SANTA CATARINA;ÓLEO DIESEL S-1800;0
2016;MAI;REGIÃO SUL;SANTA CATARINA;ÓLEO DIESEL S-1800;0
2016;JUN;REGIÃO SUL;SANTA CATARINA;ÓLEO DIESEL S-1800;0
2016;JUL;REGIÃO SUL;SANTA CATARINA;ÓLEO DIESEL S-1800;0
2016;AGO;REGIÃO SUL;SANTA CATARINA;ÓLEO DIESEL S-1800;0
2016;SET;REGIÃO SUL;SANTA CATARINA;ÓLEO DIESEL S-1800;0
2016;OUT;REGIÃO SUL;SANTA CATARINA;ÓLEO DIESEL S-1800;0
2016;NOV;REGIÃO SUL;SANTA CATARINA;ÓLEO DIESEL S-1800;0
2016;DEZ;REGIÃO SUL;SANTA CATARINA;ÓLEO DIESEL S-1800;0
2016;JAN;REGIÃO SUL;RIO GRANDE DO SUL;ÓLEO DIESEL S-1800;0
2016;FEV;REGIÃO SUL;RIO GRANDE DO SUL;ÓLEO DIESEL S-1800;0
2016;MAR;REGIÃO SUL;RIO GRANDE DO SUL;ÓLEO DIESEL S-1800;0
2016;ABR;REGIÃO SUL;RIO GRANDE DO SUL;ÓLEO DIESEL S-1800;0
2016;MAI;REGIÃO SUL;RIO GRANDE DO SUL;ÓLEO DIESEL S-1800;0
2016;JUN;REGIÃO SUL;RIO GRANDE DO SUL;ÓLEO DIESEL S-1800;0
2016;JUL;REGIÃO SUL;RIO GRANDE DO SUL;ÓLEO DIESEL S-1800;0
2016;AGO;REGIÃO SUL;RIO GRANDE DO SUL;ÓLEO DIESEL S-1800;0
2016;SET;REGIÃO SUL;RIO GRANDE DO SUL;ÓLEO DIESEL S-1800;0
2016;OUT;REGIÃO SUL;RIO GRANDE DO SUL;ÓLEO DIESEL S-1800;0
2016;NOV;REGIÃO SUL;RIO GRANDE DO SUL;ÓLEO DIESEL S-1800;0
2016;DEZ;REGIÃO SUL;RIO GRANDE DO SUL;ÓLEO DIESEL S-1800;0
2016;JAN;REGIÃO CENTRO-OESTE;MATO GROSSO DO SUL;ÓLEO DIESEL S-1800;0
2016;FEV;REGIÃO CENTRO-OESTE;MATO GROSSO DO SUL;ÓLEO DIESEL S-1800;0
2016;MAR;REGIÃO CENTRO-OESTE;MATO GROSSO DO SUL;ÓLEO DIESEL S-1800;0
2016;ABR;REGIÃO CENTRO-OESTE;MATO GROSSO DO SUL;ÓLEO DIESEL S-1800;0
2016;MAI;REGIÃO CENTRO-OESTE;MATO GROSSO DO SUL;ÓLEO DIESEL S-1800;0
2016;JUN;REGIÃO CENTRO-OESTE;MATO GROSSO DO SUL;ÓLEO DIESEL S-1800;0
2016;JUL;REGIÃO CENTRO-OESTE;MATO GROSSO DO SUL;ÓLEO DIESEL S-1800;0
2016;AGO;REGIÃO CENTRO-OESTE;MATO GROSSO DO SUL;ÓLEO DIESEL S-1800;0
2016;SET;REGIÃO CENTRO-OESTE;MATO GROSSO DO SUL;ÓLEO DIESEL S-1800;0
2016;OUT;REGIÃO CENTRO-OESTE;MATO GROSSO DO SUL;ÓLEO DIESEL S-1800;0
2016;NOV;REGIÃO CENTRO-OESTE;MATO GROSSO DO SUL;ÓLEO DIESEL S-1800;0
2016;DEZ;REGIÃO CENTRO-OESTE;MATO GROSSO DO SUL;ÓLEO DIESEL S-1800;0
2016;JAN;REGIÃO CENTRO-OESTE;MATO GROSSO;ÓLEO DIESEL S-1800;2012,5
2016;FEV;REGIÃO CENTRO-OESTE;MATO GROSSO;ÓLEO DIESEL S-1800;1229,5
2016;MAR;REGIÃO CENTRO-OESTE;MATO GROSSO;ÓLEO DIESEL S-1800;1040,5
2016;ABR;REGIÃO CENTRO-OESTE;MATO GROSSO;ÓLEO DIESEL S-1800;546
2016;MAI;REGIÃO CENTRO-OESTE;MATO GROSSO;ÓLEO DIESEL S-1800;684,2
2016;JUN;REGIÃO CENTRO-OESTE;MATO GROSSO;ÓLEO DIESEL S-1800;986,5
2016;JUL;REGIÃO CENTRO-OESTE;MATO GROSSO;ÓLEO DIESEL S-1800;1267,6
2016;AGO;REGIÃO CENTRO-OESTE;MATO GROSSO;ÓLEO DIESEL S-1800;1424,9
2016;SET;REGIÃO CENTRO-OESTE;MATO GROSSO;ÓLEO DIESEL S-1800;813,4
2016;OUT;REGIÃO CENTRO-OESTE;MATO GROSSO;ÓLEO DIESEL S-1800;764,4
2016;NOV;REGIÃO CENTRO-OESTE;MATO GROSSO;ÓLEO DIESEL S-1800;496
2016;DEZ;REGIÃO CENTRO-OESTE;MATO GROSSO;ÓLEO DIESEL S-1800;497
2016;JAN;REGIÃO CENTRO-OESTE;GOIÁS;ÓLEO DIESEL S-1800;0
2016;FEV;REGIÃO CENTRO-OESTE;GOIÁS;ÓLEO DIESEL S-1800;0
2016;MAR;REGIÃO CENTRO-OESTE;GOIÁS;ÓLEO DIESEL S-1800;0
2016;ABR;REGIÃO CENTRO-OESTE;GOIÁS;ÓLEO DIESEL S-1800;0
2016;MAI;REGIÃO CENTRO-OESTE;GOIÁS;ÓLEO DIESEL S-1800;0
2016;JUN;REGIÃO CENTRO-OESTE;GOIÁS;ÓLEO DIESEL S-1800;0
2016;JUL;REGIÃO CENTRO-OESTE;GOIÁS;ÓLEO DIESEL S-1800;0
2016;AGO;REGIÃO CENTRO-OESTE;GOIÁS;ÓLEO DIESEL S-1800;0
2016;SET;REGIÃO CENTRO-OESTE;GOIÁS;ÓLEO DIESEL S-1800;0
2016;OUT;REGIÃO CENTRO-OESTE;GOIÁS;ÓLEO DIESEL S-1800;0
2016;NOV;REGIÃO CENTRO-OESTE;GOIÁS;ÓLEO DIESEL S-1800;0
2016;DEZ;REGIÃO CENTRO-OESTE;GOIÁS;ÓLEO DIESEL S-1800;0
2016;JAN;REGIÃO CENTRO-OESTE;DISTRITO FEDERAL;ÓLEO DIESEL S-1800;0
2016;FEV;REGIÃO CENTRO-OESTE;DISTRITO FEDERAL;ÓLEO DIESEL S-1800;0
2016;MAR;REGIÃO CENTRO-OESTE;DISTRITO FEDERAL;ÓLEO DIESEL S-1800;0
2016;ABR;REGIÃO CENTRO-OESTE;DISTRITO FEDERAL;ÓLEO DIESEL S-1800;0
2016;MAI;REGIÃO CENTRO-OESTE;DISTRITO FEDERAL;ÓLEO DIESEL S-1800;0
2016;JUN;REGIÃO CENTRO-OESTE;DISTRITO FEDERAL;ÓLEO DIESEL S-1800;0
2016;JUL;REGIÃO CENTRO-OESTE;DISTRITO FEDERAL;ÓLEO DIESEL S-1800;0
2016;AGO;REGIÃO CENTRO-OESTE;DISTRITO FEDERAL;ÓLEO DIESEL S-1800;0
2016;SET;REGIÃO CENTRO-OESTE;DISTRITO FEDERAL;ÓLEO DIESEL S-1800;0
2016;OUT;REGIÃO CENTRO-OESTE;DISTRITO FEDERAL;ÓLEO DIESEL S-1800;0
2016;NOV;REGIÃO CENTRO-OESTE;DISTRITO FEDERAL;ÓLEO DIESEL S-1800;0
2016;DEZ;REGIÃO CENTRO-OESTE;DISTRITO FEDERAL;ÓLEO DIESEL S-1800;0
2016;JAN;REGIÃO NORTE;RONDÔNIA;ÓLEO DIESEL MARÍTIMO;606,9
2016;FEV;REGIÃO NORTE;RONDÔNIA;ÓLEO DIESEL MARÍTIMO;999,9
2016;MAR;REGIÃO NORTE;RONDÔNIA;ÓLEO DIESEL MARÍTIMO;891,3
2016;ABR;REGIÃO NORTE;RONDÔNIA;ÓLEO DIESEL MARÍTIMO;780
2016;MAI;REGIÃO NORTE;RONDÔNIA;ÓLEO DIESEL MARÍTIMO;811,2
2016;JUN;REGIÃO NORTE;RONDÔNIA;ÓLEO DIESEL MARÍTIMO;600,5
2016;JUL;REGIÃO NORTE;RONDÔNIA;ÓLEO DIESEL MARÍTIMO;910,5
2016;AGO;REGIÃO NORTE;RONDÔNIA;ÓLEO DIESEL MARÍTIMO;776,4
2016;SET;REGIÃO NORTE;RONDÔNIA;ÓLEO DIESEL MARÍTIMO;375,5
2016;OUT;REGIÃO NORTE;RONDÔNIA;ÓLEO DIESEL MARÍTIMO;472
2016;NOV;REGIÃO NORTE;RONDÔNIA;ÓLEO DIESEL MARÍTIMO;673,8
2016;DEZ;REGIÃO NORTE;RONDÔNIA;ÓLEO DIESEL MARÍTIMO;392,5
2016;JAN;REGIÃO NORTE;ACRE;ÓLEO DIESEL MARÍTIMO;75,676
2016;FEV;REGIÃO NORTE;ACRE;ÓLEO DIESEL MARÍTIMO;68
2016;MAR;REGIÃO NORTE;ACRE;ÓLEO DIESEL MARÍTIMO;22,7
2016;ABR;REGIÃO NORTE;ACRE;ÓLEO DIESEL MARÍTIMO;106,357
2016;MAI;REGIÃO NORTE;ACRE;ÓLEO DIESEL MARÍTIMO;77
2016;JUN;REGIÃO NORTE;ACRE;ÓLEO DIESEL MARÍTIMO;98
2016;JUL;REGIÃO NORTE;ACRE;ÓLEO DIESEL MARÍTIMO;57
2016;AGO;REGIÃO NORTE;ACRE;ÓLEO DIESEL MARÍTIMO;29
2016;SET;REGIÃO NORTE;ACRE;ÓLEO DIESEL MARÍTIMO;11
2016;OUT;REGIÃO NORTE;ACRE;ÓLEO DIESEL MARÍTIMO;46
2016;NOV;REGIÃO NORTE;ACRE;ÓLEO DIESEL MARÍTIMO;44
2016;DEZ;REGIÃO NORTE;ACRE;ÓLEO DIESEL MARÍTIMO;53
2016;JAN;REGIÃO NORTE;AMAZONAS;ÓLEO DIESEL MARÍTIMO;9303,291
2016;FEV;REGIÃO NORTE;AMAZONAS;ÓLEO DIESEL MARÍTIMO;9620,181
2016;MAR;REGIÃO NORTE;AMAZONAS;ÓLEO DIESEL MARÍTIMO;10301,76
2016;ABR;REGIÃO NORTE;AMAZONAS;ÓLEO DIESEL MARÍTIMO;9614,819
2016;MAI;REGIÃO NORTE;AMAZONAS;ÓLEO DIESEL MARÍTIMO;10006,04
2016;JUN;REGIÃO NORTE;AMAZONAS;ÓLEO DIESEL MARÍTIMO;9452,266
2016;JUL;REGIÃO NORTE;AMAZONAS;ÓLEO DIESEL MARÍTIMO;10566,441
2016;AGO;REGIÃO NORTE;AMAZONAS;ÓLEO DIESEL MARÍTIMO;10579,328
2016;SET;REGIÃO NORTE;AMAZONAS;ÓLEO DIESEL MARÍTIMO;9692,041
2016;OUT;REGIÃO NORTE;AMAZONAS;ÓLEO DIESEL MARÍTIMO;9719,492
2016;NOV;REGIÃO NORTE;AMAZONAS;ÓLEO DIESEL MARÍTIMO;10040,334
2016;DEZ;REGIÃO NORTE;AMAZONAS;ÓLEO DIESEL MARÍTIMO;11582,738
2016;JAN;REGIÃO NORTE;RORAIMA;ÓLEO DIESEL MARÍTIMO;0
2016;FEV;REGIÃO NORTE;RORAIMA;ÓLEO DIESEL MARÍTIMO;0
2016;MAR;REGIÃO NORTE;RORAIMA;ÓLEO DIESEL MARÍTIMO;0
2016;ABR;REGIÃO NORTE;RORAIMA;ÓLEO DIESEL MARÍTIMO;0
2016;MAI;REGIÃO NORTE;RORAIMA;ÓLEO DIESEL MARÍTIMO;0
2016;JUN;REGIÃO NORTE;RORAIMA;ÓLEO DIESEL MARÍTIMO;0
2016;JUL;REGIÃO NORTE;RORAIMA;ÓLEO DIESEL MARÍTIMO;0
2016;AGO;REGIÃO NORTE;RORAIMA;ÓLEO DIESEL MARÍTIMO;0
2016;SET;REGIÃO NORTE;RORAIMA;ÓLEO DIESEL MARÍTIMO;0
2016;OUT;REGIÃO NORTE;RORAIMA;ÓLEO DIESEL MARÍTIMO;0
2016;NOV;REGIÃO NORTE;RORAIMA;ÓLEO DIESEL MARÍTIMO;0
2016;DEZ;REGIÃO NORTE;RORAIMA;ÓLEO DIESEL MARÍTIMO;0
2016;JAN;REGIÃO NORTE;PARÁ;ÓLEO DIESEL MARÍTIMO;5151,5
2016;FEV;REGIÃO NORTE;PARÁ;ÓLEO DIESEL MARÍTIMO;5881,2
2016;MAR;REGIÃO NORTE;PARÁ;ÓLEO DIESEL MARÍTIMO;5519,4
2016;ABR;REGIÃO NORTE;PARÁ;ÓLEO DIESEL MARÍTIMO;8371,5
2016;MAI;REGIÃO NORTE;PARÁ;ÓLEO DIESEL MARÍTIMO;9591,9
2016;JUN;REGIÃO NORTE;PARÁ;ÓLEO DIESEL MARÍTIMO;9947,6
2016;JUL;REGIÃO NORTE;PARÁ;ÓLEO DIESEL MARÍTIMO;7232,734
2016;AGO;REGIÃO NORTE;PARÁ;ÓLEO DIESEL MARÍTIMO;9782,7
2016;SET;REGIÃO NORTE;PARÁ;ÓLEO DIESEL MARÍTIMO;6329,8
2016;OUT;REGIÃO NORTE;PARÁ;ÓLEO DIESEL MARÍTIMO;5199
2016;NOV;REGIÃO NORTE;PARÁ;ÓLEO DIESEL MARÍTIMO;6532,7
2016;DEZ;REGIÃO NORTE;PARÁ;ÓLEO DIESEL MARÍTIMO;6982,6
2016;JAN;REGIÃO NORTE;AMAPÁ;ÓLEO DIESEL MARÍTIMO;170
2016;FEV;REGIÃO NORTE;AMAPÁ;ÓLEO DIESEL MARÍTIMO;137
2016;MAR;REGIÃO NORTE;AMAPÁ;ÓLEO DIESEL MARÍTIMO;126
2016;ABR;REGIÃO NORTE;AMAPÁ;ÓLEO DIESEL MARÍTIMO;125
2016;MAI;REGIÃO NORTE;AMAPÁ;ÓLEO DIESEL MARÍTIMO;125
2016;JUN;REGIÃO NORTE;AMAPÁ;ÓLEO DIESEL MARÍTIMO;60
2016;JUL;REGIÃO NORTE;AMAPÁ;ÓLEO DIESEL MARÍTIMO;135
2016;AGO;REGIÃO NORTE;AMAPÁ;ÓLEO DIESEL MARÍTIMO;278
2016;SET;REGIÃO NORTE;AMAPÁ;ÓLEO DIESEL MARÍTIMO;262
2016;OUT;REGIÃO NORTE;AMAPÁ;ÓLEO DIESEL MARÍTIMO;198
2016;NOV;REGIÃO NORTE;AMAPÁ;ÓLEO DIESEL MARÍTIMO;95
2016;DEZ;REGIÃO NORTE;AMAPÁ;ÓLEO DIESEL MARÍTIMO;190
2016;JAN;REGIÃO NORTE;TOCANTINS;ÓLEO DIESEL MARÍTIMO;0
2016;FEV;REGIÃO NORTE;TOCANTINS;ÓLEO DIESEL MARÍTIMO;0
2016;MAR;REGIÃO NORTE;TOCANTINS;ÓLEO DIESEL MARÍTIMO;0
2016;ABR;REGIÃO NORTE;TOCANTINS;ÓLEO DIESEL MARÍTIMO;0
2016;MAI;REGIÃO NORTE;TOCANTINS;ÓLEO DIESEL MARÍTIMO;0
2016;JUN;REGIÃO NORTE;TOCANTINS;ÓLEO DIESEL MARÍTIMO;0
2016;JUL;REGIÃO NORTE;TOCANTINS;ÓLEO DIESEL MARÍTIMO;0
2016;AGO;REGIÃO NORTE;TOCANTINS;ÓLEO DIESEL MARÍTIMO;0
2016;SET;REGIÃO NORTE;TOCANTINS;ÓLEO DIESEL MARÍTIMO;0
2016;OUT;REGIÃO NORTE;TOCANTINS;ÓLEO DIESEL MARÍTIMO;0
2016;NOV;REGIÃO NORTE;TOCANTINS;ÓLEO DIESEL MARÍTIMO;0
2016;DEZ;REGIÃO NORTE;TOCANTINS;ÓLEO DIESEL MARÍTIMO;0
2016;JAN;REGIÃO NORDESTE;MARANHÃO;ÓLEO DIESEL MARÍTIMO;801
2016;FEV;REGIÃO NORDESTE;MARANHÃO;ÓLEO DIESEL MARÍTIMO;404
2016;MAR;REGIÃO NORDESTE;MARANHÃO;ÓLEO DIESEL MARÍTIMO;592
2016;ABR;REGIÃO NORDESTE;MARANHÃO;ÓLEO DIESEL MARÍTIMO;495
2016;MAI;REGIÃO NORDESTE;MARANHÃO;ÓLEO DIESEL MARÍTIMO;480
2016;JUN;REGIÃO NORDESTE;MARANHÃO;ÓLEO DIESEL MARÍTIMO;811
2016;JUL;REGIÃO NORDESTE;MARANHÃO;ÓLEO DIESEL MARÍTIMO;164
2016;AGO;REGIÃO NORDESTE;MARANHÃO;ÓLEO DIESEL MARÍTIMO;853
2016;SET;REGIÃO NORDESTE;MARANHÃO;ÓLEO DIESEL MARÍTIMO;690
2016;OUT;REGIÃO NORDESTE;MARANHÃO;ÓLEO DIESEL MARÍTIMO;750
2016;NOV;REGIÃO NORDESTE;MARANHÃO;ÓLEO DIESEL MARÍTIMO;545
2016;DEZ;REGIÃO NORDESTE;MARANHÃO;ÓLEO DIESEL MARÍTIMO;715
2016;JAN;REGIÃO NORDESTE;PIAUÍ;ÓLEO DIESEL MARÍTIMO;0
2016;FEV;REGIÃO NORDESTE;PIAUÍ;ÓLEO DIESEL MARÍTIMO;105
2016;MAR;REGIÃO NORDESTE;PIAUÍ;ÓLEO DIESEL MARÍTIMO;150
2016;ABR;REGIÃO NORDESTE;PIAUÍ;ÓLEO DIESEL MARÍTIMO;105
2016;MAI;REGIÃO NORDESTE;PIAUÍ;ÓLEO DIESEL MARÍTIMO;200
2016;JUN;REGIÃO NORDESTE;PIAUÍ;ÓLEO DIESEL MARÍTIMO;205
2016;JUL;REGIÃO NORDESTE;PIAUÍ;ÓLEO DIESEL MARÍTIMO;110
2016;AGO;REGIÃO NORDESTE;PIAUÍ;ÓLEO DIESEL MARÍTIMO;245
2016;SET;REGIÃO NORDESTE;PIAUÍ;ÓLEO DIESEL MARÍTIMO;145
2016;OUT;REGIÃO NORDESTE;PIAUÍ;ÓLEO DIESEL MARÍTIMO;150
2016;NOV;REGIÃO NORDESTE;PIAUÍ;ÓLEO DIESEL MARÍTIMO;75
2016;DEZ;REGIÃO NORDESTE;PIAUÍ;ÓLEO DIESEL MARÍTIMO;135
2016;JAN;REGIÃO NORDESTE;CEARÁ;ÓLEO DIESEL MARÍTIMO;420
2016;FEV;REGIÃO NORDESTE;CEARÁ;ÓLEO DIESEL MARÍTIMO;855
2016;MAR;REGIÃO NORDESTE;CEARÁ;ÓLEO DIESEL MARÍTIMO;750
2016;ABR;REGIÃO NORDESTE;CEARÁ;ÓLEO DIESEL MARÍTIMO;495
2016;MAI;REGIÃO NORDESTE;CEARÁ;ÓLEO DIESEL MARÍTIMO;895
2016;JUN;REGIÃO NORDESTE;CEARÁ;ÓLEO DIESEL MARÍTIMO;915
2016;JUL;REGIÃO NORDESTE;CEARÁ;ÓLEO DIESEL MARÍTIMO;830
2016;AGO;REGIÃO NORDESTE;CEARÁ;ÓLEO DIESEL MARÍTIMO;860
2016;SET;REGIÃO NORDESTE;CEARÁ;ÓLEO DIESEL MARÍTIMO;870
2016;OUT;REGIÃO NORDESTE;CEARÁ;ÓLEO DIESEL MARÍTIMO;865
2016;NOV;REGIÃO NORDESTE;CEARÁ;ÓLEO DIESEL MARÍTIMO;910
2016;DEZ;REGIÃO NORDESTE;CEARÁ;ÓLEO DIESEL MARÍTIMO;725
2016;JAN;REGIÃO NORDESTE;RIO GRANDE DO NORTE;ÓLEO DIESEL MARÍTIMO;665
2016;FEV;REGIÃO NORDESTE;RIO GRANDE DO NORTE;ÓLEO DIESEL MARÍTIMO;975
2016;MAR;REGIÃO NORDESTE;RIO GRANDE DO NORTE;ÓLEO DIESEL MARÍTIMO;830
2016;ABR;REGIÃO NORDESTE;RIO GRANDE DO NORTE;ÓLEO DIESEL MARÍTIMO;1140
2016;MAI;REGIÃO NORDESTE;RIO GRANDE DO NORTE;ÓLEO DIESEL MARÍTIMO;780
2016;JUN;REGIÃO NORDESTE;RIO GRANDE DO NORTE;ÓLEO DIESEL MARÍTIMO;835
2016;JUL;REGIÃO NORDESTE;RIO GRANDE DO NORTE;ÓLEO DIESEL MARÍTIMO;770
2016;AGO;REGIÃO NORDESTE;RIO GRANDE DO NORTE;ÓLEO DIESEL MARÍTIMO;825
2016;SET;REGIÃO NORDESTE;RIO GRANDE DO NORTE;ÓLEO DIESEL MARÍTIMO;775
2016;OUT;REGIÃO NORDESTE;RIO GRANDE DO NORTE;ÓLEO DIESEL MARÍTIMO;560
2016;NOV;REGIÃO NORDESTE;RIO GRANDE DO NORTE;ÓLEO DIESEL MARÍTIMO;1030
2016;DEZ;REGIÃO NORDESTE;RIO GRANDE DO NORTE;ÓLEO DIESEL MARÍTIMO;826
2016;JAN;REGIÃO NORDESTE;PARAÍBA;ÓLEO DIESEL MARÍTIMO;0
2016;FEV;REGIÃO NORDESTE;PARAÍBA;ÓLEO DIESEL MARÍTIMO;15
2016;MAR;REGIÃO NORDESTE;PARAÍBA;ÓLEO DIESEL MARÍTIMO;0
2016;ABR;REGIÃO NORDESTE;PARAÍBA;ÓLEO DIESEL MARÍTIMO;0
2016;MAI;REGIÃO NORDESTE;PARAÍBA;ÓLEO DIESEL MARÍTIMO;0
2016;JUN;REGIÃO NORDESTE;PARAÍBA;ÓLEO DIESEL MARÍTIMO;0
2016;JUL;REGIÃO NORDESTE;PARAÍBA;ÓLEO DIESEL MARÍTIMO;0
2016;AGO;REGIÃO NORDESTE;PARAÍBA;ÓLEO DIESEL MARÍTIMO;15
2016;SET;REGIÃO NORDESTE;PARAÍBA;ÓLEO DIESEL MARÍTIMO;0
2016;OUT;REGIÃO NORDESTE;PARAÍBA;ÓLEO DIESEL MARÍTIMO;0
2016;NOV;REGIÃO NORDESTE;PARAÍBA;ÓLEO DIESEL MARÍTIMO;0
2016;DEZ;REGIÃO NORDESTE;PARAÍBA;ÓLEO DIESEL MARÍTIMO;0
2016;JAN;REGIÃO NORDESTE;PERNAMBUCO;ÓLEO DIESEL MARÍTIMO;223
2016;FEV;REGIÃO NORDESTE;PERNAMBUCO;ÓLEO DIESEL MARÍTIMO;230
2016;MAR;REGIÃO NORDESTE;PERNAMBUCO;ÓLEO DIESEL MARÍTIMO;220
2016;ABR;REGIÃO NORDESTE;PERNAMBUCO;ÓLEO DIESEL MARÍTIMO;415
2016;MAI;REGIÃO NORDESTE;PERNAMBUCO;ÓLEO DIESEL MARÍTIMO;165
2016;JUN;REGIÃO NORDESTE;PERNAMBUCO;ÓLEO DIESEL MARÍTIMO;450
2016;JUL;REGIÃO NORDESTE;PERNAMBUCO;ÓLEO DIESEL MARÍTIMO;400
2016;AGO;REGIÃO NORDESTE;PERNAMBUCO;ÓLEO DIESEL MARÍTIMO;255
2016;SET;REGIÃO NORDESTE;PERNAMBUCO;ÓLEO DIESEL MARÍTIMO;475
2016;OUT;REGIÃO NORDESTE;PERNAMBUCO;ÓLEO DIESEL MARÍTIMO;320
2016;NOV;REGIÃO NORDESTE;PERNAMBUCO;ÓLEO DIESEL MARÍTIMO;295
2016;DEZ;REGIÃO NORDESTE;PERNAMBUCO;ÓLEO DIESEL MARÍTIMO;215
2016;JAN;REGIÃO NORDESTE;ALAGOAS;ÓLEO DIESEL MARÍTIMO;0
2016;FEV;REGIÃO NORDESTE;ALAGOAS;ÓLEO DIESEL MARÍTIMO;15
2016;MAR;REGIÃO NORDESTE;ALAGOAS;ÓLEO DIESEL MARÍTIMO;470
2016;ABR;REGIÃO NORDESTE;ALAGOAS;ÓLEO DIESEL MARÍTIMO;140
2016;MAI;REGIÃO NORDESTE;ALAGOAS;ÓLEO DIESEL MARÍTIMO;250
2016;JUN;REGIÃO NORDESTE;ALAGOAS;ÓLEO DIESEL MARÍTIMO;0
2016;JUL;REGIÃO NORDESTE;ALAGOAS;ÓLEO DIESEL MARÍTIMO;10
2016;AGO;REGIÃO NORDESTE;ALAGOAS;ÓLEO DIESEL MARÍTIMO;0
2016;SET;REGIÃO NORDESTE;ALAGOAS;ÓLEO DIESEL MARÍTIMO;120
2016;OUT;REGIÃO NORDESTE;ALAGOAS;ÓLEO DIESEL MARÍTIMO;360
2016;NOV;REGIÃO NORDESTE;ALAGOAS;ÓLEO DIESEL MARÍTIMO;120
2016;DEZ;REGIÃO NORDESTE;ALAGOAS;ÓLEO DIESEL MARÍTIMO;30
2016;JAN;REGIÃO NORDESTE;SERGIPE;ÓLEO DIESEL MARÍTIMO;155
2016;FEV;REGIÃO NORDESTE;SERGIPE;ÓLEO DIESEL MARÍTIMO;230
2016;MAR;REGIÃO NORDESTE;SERGIPE;ÓLEO DIESEL MARÍTIMO;145
2016;ABR;REGIÃO NORDESTE;SERGIPE;ÓLEO DIESEL MARÍTIMO;85
2016;MAI;REGIÃO NORDESTE;SERGIPE;ÓLEO DIESEL MARÍTIMO;160
2016;JUN;REGIÃO NORDESTE;SERGIPE;ÓLEO DIESEL MARÍTIMO;195
2016;JUL;REGIÃO NORDESTE;SERGIPE;ÓLEO DIESEL MARÍTIMO;125
2016;AGO;REGIÃO NORDESTE;SERGIPE;ÓLEO DIESEL MARÍTIMO;140
2016;SET;REGIÃO NORDESTE;SERGIPE;ÓLEO DIESEL MARÍTIMO;110
2016;OUT;REGIÃO NORDESTE;SERGIPE;ÓLEO DIESEL MARÍTIMO;140
2016;NOV;REGIÃO NORDESTE;SERGIPE;ÓLEO DIESEL MARÍTIMO;115
2016;DEZ;REGIÃO NORDESTE;SERGIPE;ÓLEO DIESEL MARÍTIMO;115
2016;JAN;REGIÃO NORDESTE;BAHIA;ÓLEO DIESEL MARÍTIMO;2090
2016;FEV;REGIÃO NORDESTE;BAHIA;ÓLEO DIESEL MARÍTIMO;1384,032
2016;MAR;REGIÃO NORDESTE;BAHIA;ÓLEO DIESEL MARÍTIMO;1495
2016;ABR;REGIÃO NORDESTE;BAHIA;ÓLEO DIESEL MARÍTIMO;1125
2016;MAI;REGIÃO NORDESTE;BAHIA;ÓLEO DIESEL MARÍTIMO;1590
2016;JUN;REGIÃO NORDESTE;BAHIA;ÓLEO DIESEL MARÍTIMO;1430
2016;JUL;REGIÃO NORDESTE;BAHIA;ÓLEO DIESEL MARÍTIMO;1560
2016;AGO;REGIÃO NORDESTE;BAHIA;ÓLEO DIESEL MARÍTIMO;1100
2016;SET;REGIÃO NORDESTE;BAHIA;ÓLEO DIESEL MARÍTIMO;1125
2016;OUT;REGIÃO NORDESTE;BAHIA;ÓLEO DIESEL MARÍTIMO;1110
2016;NOV;REGIÃO NORDESTE;BAHIA;ÓLEO DIESEL MARÍTIMO;1390,014
2016;DEZ;REGIÃO NORDESTE;BAHIA;ÓLEO DIESEL MARÍTIMO;1825
2016;JAN;REGIÃO SUDESTE;MINAS GERAIS;ÓLEO DIESEL MARÍTIMO;0
2016;FEV;REGIÃO SUDESTE;MINAS GERAIS;ÓLEO DIESEL MARÍTIMO;0
2016;MAR;REGIÃO SUDESTE;MINAS GERAIS;ÓLEO DIESEL MARÍTIMO;0
2016;ABR;REGIÃO SUDESTE;MINAS GERAIS;ÓLEO DIESEL MARÍTIMO;0
2016;MAI;REGIÃO SUDESTE;MINAS GERAIS;ÓLEO DIESEL MARÍTIMO;0
2016;JUN;REGIÃO SUDESTE;MINAS GERAIS;ÓLEO DIESEL MARÍTIMO;0
2016;JUL;REGIÃO SUDESTE;MINAS GERAIS;ÓLEO DIESEL MARÍTIMO;0
2016;AGO;REGIÃO SUDESTE;MINAS GERAIS;ÓLEO DIESEL MARÍTIMO;0
2016;SET;REGIÃO SUDESTE;MINAS GERAIS;ÓLEO DIESEL MARÍTIMO;0
2016;OUT;REGIÃO SUDESTE;MINAS GERAIS;ÓLEO DIESEL MARÍTIMO;0
2016;NOV;REGIÃO SUDESTE;MINAS GERAIS;ÓLEO DIESEL MARÍTIMO;0
2016;DEZ;REGIÃO SUDESTE;MINAS GERAIS;ÓLEO DIESEL MARÍTIMO;0
2016;JAN;REGIÃO SUDESTE;ESPÍRITO SANTO;ÓLEO DIESEL MARÍTIMO;2458,961
2016;FEV;REGIÃO SUDESTE;ESPÍRITO SANTO;ÓLEO DIESEL MARÍTIMO;2848,756
2016;MAR;REGIÃO SUDESTE;ESPÍRITO SANTO;ÓLEO DIESEL MARÍTIMO;1993
2016;ABR;REGIÃO SUDESTE;ESPÍRITO SANTO;ÓLEO DIESEL MARÍTIMO;2578,377
2016;MAI;REGIÃO SUDESTE;ESPÍRITO SANTO;ÓLEO DIESEL MARÍTIMO;2954,354
2016;JUN;REGIÃO SUDESTE;ESPÍRITO SANTO;ÓLEO DIESEL MARÍTIMO;2278,206
2016;JUL;REGIÃO SUDESTE;ESPÍRITO SANTO;ÓLEO DIESEL MARÍTIMO;2839,526
2016;AGO;REGIÃO SUDESTE;ESPÍRITO SANTO;ÓLEO DIESEL MARÍTIMO;2530,879
2016;SET;REGIÃO SUDESTE;ESPÍRITO SANTO;ÓLEO DIESEL MARÍTIMO;3137,412
2016;OUT;REGIÃO SUDESTE;ESPÍRITO SANTO;ÓLEO DIESEL MARÍTIMO;3086,335
2016;NOV;REGIÃO SUDESTE;ESPÍRITO SANTO;ÓLEO DIESEL MARÍTIMO;3832,389
2016;DEZ;REGIÃO SUDESTE;ESPÍRITO SANTO;ÓLEO DIESEL MARÍTIMO;3212,985
2016;JAN;REGIÃO SUDESTE;RIO DE JANEIRO;ÓLEO DIESEL MARÍTIMO;26727,924
2016;FEV;REGIÃO SUDESTE;RIO DE JANEIRO;ÓLEO DIESEL MARÍTIMO;25019,522
2016;MAR;REGIÃO SUDESTE;RIO DE JANEIRO;ÓLEO DIESEL MARÍTIMO;31335,814
2016;ABR;REGIÃO SUDESTE;RIO DE JANEIRO;ÓLEO DIESEL MARÍTIMO;18420,875
2016;MAI;REGIÃO SUDESTE;RIO DE JANEIRO;ÓLEO DIESEL MARÍTIMO;25531,671
2016;JUN;REGIÃO SUDESTE;RIO DE JANEIRO;ÓLEO DIESEL MARÍTIMO;21565,164
2016;JUL;REGIÃO SUDESTE;RIO DE JANEIRO;ÓLEO DIESEL MARÍTIMO;23096,893
2016;AGO;REGIÃO SUDESTE;RIO DE JANEIRO;ÓLEO DIESEL MARÍTIMO;23608,661
2016;SET;REGIÃO SUDESTE;RIO DE JANEIRO;ÓLEO DIESEL MARÍTIMO;24907,633
2016;OUT;REGIÃO SUDESTE;RIO DE JANEIRO;ÓLEO DIESEL MARÍTIMO;26800,386
2016;NOV;REGIÃO SUDESTE;RIO DE JANEIRO;ÓLEO DIESEL MARÍTIMO;20286,519
2016;DEZ;REGIÃO SUDESTE;RIO DE JANEIRO;ÓLEO DIESEL MARÍTIMO;24257,854
2016;JAN;REGIÃO SUDESTE;SÃO PAULO;ÓLEO DIESEL MARÍTIMO;4381,406
2016;FEV;REGIÃO SUDESTE;SÃO PAULO;ÓLEO DIESEL MARÍTIMO;2421,901
2016;MAR;REGIÃO SUDESTE;SÃO PAULO;ÓLEO DIESEL MARÍTIMO;2078,852
2016;ABR;REGIÃO SUDESTE;SÃO PAULO;ÓLEO DIESEL MARÍTIMO;2804,9
2016;MAI;REGIÃO SUDESTE;SÃO PAULO;ÓLEO DIESEL MARÍTIMO;4184,698
2016;JUN;REGIÃO SUDESTE;SÃO PAULO;ÓLEO DIESEL MARÍTIMO;4035,4
2016;JUL;REGIÃO SUDESTE;SÃO PAULO;ÓLEO DIESEL MARÍTIMO;4207,7
2016;AGO;REGIÃO SUDESTE;SÃO PAULO;ÓLEO DIESEL MARÍTIMO;2978
2016;SET;REGIÃO SUDESTE;SÃO PAULO;ÓLEO DIESEL MARÍTIMO;2738,3
2016;OUT;REGIÃO SUDESTE;SÃO PAULO;ÓLEO DIESEL MARÍTIMO;2612
2016;NOV;REGIÃO SUDESTE;SÃO PAULO;ÓLEO DIESEL MARÍTIMO;2344
2016;DEZ;REGIÃO SUDESTE;SÃO PAULO;ÓLEO DIESEL MARÍTIMO;2229
2016;JAN;REGIÃO SUL;PARANÁ;ÓLEO DIESEL MARÍTIMO;608
2016;FEV;REGIÃO SUL;PARANÁ;ÓLEO DIESEL MARÍTIMO;577,5
2016;MAR;REGIÃO SUL;PARANÁ;ÓLEO DIESEL MARÍTIMO;390,5
2016;ABR;REGIÃO SUL;PARANÁ;ÓLEO DIESEL MARÍTIMO;267
2016;MAI;REGIÃO SUL;PARANÁ;ÓLEO DIESEL MARÍTIMO;541,5
2016;JUN;REGIÃO SUL;PARANÁ;ÓLEO DIESEL MARÍTIMO;455
2016;JUL;REGIÃO SUL;PARANÁ;ÓLEO DIESEL MARÍTIMO;405,5
2016;AGO;REGIÃO SUL;PARANÁ;ÓLEO DIESEL MARÍTIMO;510
2016;SET;REGIÃO SUL;PARANÁ;ÓLEO DIESEL MARÍTIMO;488
2016;OUT;REGIÃO SUL;PARANÁ;ÓLEO DIESEL MARÍTIMO;400,5
2016;NOV;REGIÃO SUL;PARANÁ;ÓLEO DIESEL MARÍTIMO;316
2016;DEZ;REGIÃO SUL;PARANÁ;ÓLEO DIESEL MARÍTIMO;528,5
2016;JAN;REGIÃO SUL;SANTA CATARINA;ÓLEO DIESEL MARÍTIMO;2913,231
2016;FEV;REGIÃO SUL;SANTA CATARINA;ÓLEO DIESEL MARÍTIMO;4428,251
2016;MAR;REGIÃO SUL;SANTA CATARINA;ÓLEO DIESEL MARÍTIMO;5285,09
2016;ABR;REGIÃO SUL;SANTA CATARINA;ÓLEO DIESEL MARÍTIMO;4117,6
2016;MAI;REGIÃO SUL;SANTA CATARINA;ÓLEO DIESEL MARÍTIMO;5077,779
2016;JUN;REGIÃO SUL;SANTA CATARINA;ÓLEO DIESEL MARÍTIMO;4045
2016;JUL;REGIÃO SUL;SANTA CATARINA;ÓLEO DIESEL MARÍTIMO;4710
2016;AGO;REGIÃO SUL;SANTA CATARINA;ÓLEO DIESEL MARÍTIMO;4836,676
2016;SET;REGIÃO SUL;SANTA CATARINA;ÓLEO DIESEL MARÍTIMO;4530,555
2016;OUT;REGIÃO SUL;SANTA CATARINA;ÓLEO DIESEL MARÍTIMO;4707
2016;NOV;REGIÃO SUL;SANTA CATARINA;ÓLEO DIESEL MARÍTIMO;3753
2016;DEZ;REGIÃO SUL;SANTA CATARINA;ÓLEO DIESEL MARÍTIMO;5350,55
2016;JAN;REGIÃO SUL;RIO GRANDE DO SUL;ÓLEO DIESEL MARÍTIMO;1954
2016;FEV;REGIÃO SUL;RIO GRANDE DO SUL;ÓLEO DIESEL MARÍTIMO;2204
2016;MAR;REGIÃO SUL;RIO GRANDE DO SUL;ÓLEO DIESEL MARÍTIMO;2287
2016;ABR;REGIÃO SUL;RIO GRANDE DO SUL;ÓLEO DIESEL MARÍTIMO;2200
2016;MAI;REGIÃO SUL;RIO GRANDE DO SUL;ÓLEO DIESEL MARÍTIMO;2039
2016;JUN;REGIÃO SUL;RIO GRANDE DO SUL;ÓLEO DIESEL MARÍTIMO;2178
2016;JUL;REGIÃO SUL;RIO GRANDE DO SUL;ÓLEO DIESEL MARÍTIMO;2135
2016;AGO;REGIÃO SUL;RIO GRANDE DO SUL;ÓLEO DIESEL MARÍTIMO;2035
2016;SET;REGIÃO SUL;RIO GRANDE DO SUL;ÓLEO DIESEL MARÍTIMO;2068
2016;OUT;REGIÃO SUL;RIO GRANDE DO SUL;ÓLEO DIESEL MARÍTIMO;2520
2016;NOV;REGIÃO SUL;RIO GRANDE DO SUL;ÓLEO DIESEL MARÍTIMO;3396
2016;DEZ;REGIÃO SUL;RIO GRANDE DO SUL;ÓLEO DIESEL MARÍTIMO;2699
2016;JAN;REGIÃO CENTRO-OESTE;MATO GROSSO DO SUL;ÓLEO DIESEL MARÍTIMO;30
2016;FEV;REGIÃO CENTRO-OESTE;MATO GROSSO DO SUL;ÓLEO DIESEL MARÍTIMO;0
2016;MAR;REGIÃO CENTRO-OESTE;MATO GROSSO DO SUL;ÓLEO DIESEL MARÍTIMO;60
2016;ABR;REGIÃO CENTRO-OESTE;MATO GROSSO DO SUL;ÓLEO DIESEL MARÍTIMO;0
2016;MAI;REGIÃO CENTRO-OESTE;MATO GROSSO DO SUL;ÓLEO DIESEL MARÍTIMO;90
2016;JUN;REGIÃO CENTRO-OESTE;MATO GROSSO DO SUL;ÓLEO DIESEL MARÍTIMO;30
2016;JUL;REGIÃO CENTRO-OESTE;MATO GROSSO DO SUL;ÓLEO DIESEL MARÍTIMO;0
2016;AGO;REGIÃO CENTRO-OESTE;MATO GROSSO DO SUL;ÓLEO DIESEL MARÍTIMO;90
2016;SET;REGIÃO CENTRO-OESTE;MATO GROSSO DO SUL;ÓLEO DIESEL MARÍTIMO;0
2016;OUT;REGIÃO CENTRO-OESTE;MATO GROSSO DO SUL;ÓLEO DIESEL MARÍTIMO;90
2016;NOV;REGIÃO CENTRO-OESTE;MATO GROSSO DO SUL;ÓLEO DIESEL MARÍTIMO;30
2016;DEZ;REGIÃO CENTRO-OESTE;MATO GROSSO DO SUL;ÓLEO DIESEL MARÍTIMO;360
2016;JAN;REGIÃO CENTRO-OESTE;MATO GROSSO;ÓLEO DIESEL MARÍTIMO;0
2016;FEV;REGIÃO CENTRO-OESTE;MATO GROSSO;ÓLEO DIESEL MARÍTIMO;0
2016;MAR;REGIÃO CENTRO-OESTE;MATO GROSSO;ÓLEO DIESEL MARÍTIMO;0
2016;ABR;REGIÃO CENTRO-OESTE;MATO GROSSO;ÓLEO DIESEL MARÍTIMO;0
2016;MAI;REGIÃO CENTRO-OESTE;MATO GROSSO;ÓLEO DIESEL MARÍTIMO;0
2016;JUN;REGIÃO CENTRO-OESTE;MATO GROSSO;ÓLEO DIESEL MARÍTIMO;0
2016;JUL;REGIÃO CENTRO-OESTE;MATO GROSSO;ÓLEO DIESEL MARÍTIMO;0
2016;AGO;REGIÃO CENTRO-OESTE;MATO GROSSO;ÓLEO DIESEL MARÍTIMO;0
2016;SET;REGIÃO CENTRO-OESTE;MATO GROSSO;ÓLEO DIESEL MARÍTIMO;0
2016;OUT;REGIÃO CENTRO-OESTE;MATO GROSSO;ÓLEO DIESEL MARÍTIMO;0
2016;NOV;REGIÃO CENTRO-OESTE;MATO GROSSO;ÓLEO DIESEL MARÍTIMO;0
2016;DEZ;REGIÃO CENTRO-OESTE;MATO GROSSO;ÓLEO DIESEL MARÍTIMO;0
2016;JAN;REGIÃO CENTRO-OESTE;GOIÁS;ÓLEO DIESEL MARÍTIMO;0
2016;FEV;REGIÃO CENTRO-OESTE;GOIÁS;ÓLEO DIESEL MARÍTIMO;0
2016;MAR;REGIÃO CENTRO-OESTE;GOIÁS;ÓLEO DIESEL MARÍTIMO;0
2016;ABR;REGIÃO CENTRO-OESTE;GOIÁS;ÓLEO DIESEL MARÍTIMO;0
2016;MAI;REGIÃO CENTRO-OESTE;GOIÁS;ÓLEO DIESEL MARÍTIMO;0
2016;JUN;REGIÃO CENTRO-OESTE;GOIÁS;ÓLEO DIESEL MARÍTIMO;0
2016;JUL;REGIÃO CENTRO-OESTE;GOIÁS;ÓLEO DIESEL MARÍTIMO;0
2016;AGO;REGIÃO CENTRO-OESTE;GOIÁS;ÓLEO DIESEL MARÍTIMO;0
2016;SET;REGIÃO CENTRO-OESTE;GOIÁS;ÓLEO DIESEL MARÍTIMO;0
2016;OUT;REGIÃO CENTRO-OESTE;GOIÁS;ÓLEO DIESEL MARÍTIMO;0
2016;NOV;REGIÃO CENTRO-OESTE;GOIÁS;ÓLEO DIESEL MARÍTIMO;0
2016;DEZ;REGIÃO CENTRO-OESTE;GOIÁS;ÓLEO DIESEL MARÍTIMO;0
2016;JAN;REGIÃO CENTRO-OESTE;DISTRITO FEDERAL;ÓLEO DIESEL MARÍTIMO;0
2016;FEV;REGIÃO CENTRO-OESTE;DISTRITO FEDERAL;ÓLEO DIESEL MARÍTIMO;0
2016;MAR;REGIÃO CENTRO-OESTE;DISTRITO FEDERAL;ÓLEO DIESEL MARÍTIMO;0
2016;ABR;REGIÃO CENTRO-OESTE;DISTRITO FEDERAL;ÓLEO DIESEL MARÍTIMO;0
2016;MAI;REGIÃO CENTRO-OESTE;DISTRITO FEDERAL;ÓLEO DIESEL MARÍTIMO;0
2016;JUN;REGIÃO CENTRO-OESTE;DISTRITO FEDERAL;ÓLEO DIESEL MARÍTIMO;0
2016;JUL;REGIÃO CENTRO-OESTE;DISTRITO FEDERAL;ÓLEO DIESEL MARÍTIMO;0
2016;AGO;REGIÃO CENTRO-OESTE;DISTRITO FEDERAL;ÓLEO DIESEL MARÍTIMO;0
2016;SET;REGIÃO CENTRO-OESTE;DISTRITO FEDERAL;ÓLEO DIESEL MARÍTIMO;0
2016;OUT;REGIÃO CENTRO-OESTE;DISTRITO FEDERAL;ÓLEO DIESEL MARÍTIMO;0
2016;NOV;REGIÃO CENTRO-OESTE;DISTRITO FEDERAL;ÓLEO DIESEL MARÍTIMO;0
2016;DEZ;REGIÃO CENTRO-OESTE;DISTRITO FEDERAL;ÓLEO DIESEL MARÍTIMO;0
2016;JAN;REGIÃO NORTE;RONDÔNIA;ÓLEO DIESEL (OUTROS );139
2016;FEV;REGIÃO NORTE;RONDÔNIA;ÓLEO DIESEL (OUTROS );212
2016;MAR;REGIÃO NORTE;RONDÔNIA;ÓLEO DIESEL (OUTROS );208
2016;ABR;REGIÃO NORTE;RONDÔNIA;ÓLEO DIESEL (OUTROS );190
2016;MAI;REGIÃO NORTE;RONDÔNIA;ÓLEO DIESEL (OUTROS );214
2016;JUN;REGIÃO NORTE;RONDÔNIA;ÓLEO DIESEL (OUTROS );177
2016;JUL;REGIÃO NORTE;RONDÔNIA;ÓLEO DIESEL (OUTROS );10
2016;AGO;REGIÃO NORTE;RONDÔNIA;ÓLEO DIESEL (OUTROS );227
2016;SET;REGIÃO NORTE;RONDÔNIA;ÓLEO DIESEL (OUTROS );156
2016;OUT;REGIÃO NORTE;RONDÔNIA;ÓLEO DIESEL (OUTROS );235
2016;NOV;REGIÃO NORTE;RONDÔNIA;ÓLEO DIESEL (OUTROS );237
2016;DEZ;REGIÃO NORTE;RONDÔNIA;ÓLEO DIESEL (OUTROS );246
2016;JAN;REGIÃO NORTE;ACRE;ÓLEO DIESEL (OUTROS );0
2016;FEV;REGIÃO NORTE;ACRE;ÓLEO DIESEL (OUTROS );0
2016;MAR;REGIÃO NORTE;ACRE;ÓLEO DIESEL (OUTROS );0
2016;ABR;REGIÃO NORTE;ACRE;ÓLEO DIESEL (OUTROS );0
2016;MAI;REGIÃO NORTE;ACRE;ÓLEO DIESEL (OUTROS );0
2016;JUN;REGIÃO NORTE;ACRE;ÓLEO DIESEL (OUTROS );0
2016;JUL;REGIÃO NORTE;ACRE;ÓLEO DIESEL (OUTROS );0
2016;AGO;REGIÃO NORTE;ACRE;ÓLEO DIESEL (OUTROS );0
2016;SET;REGIÃO NORTE;ACRE;ÓLEO DIESEL (OUTROS );0
2016;OUT;REGIÃO NORTE;ACRE;ÓLEO DIESEL (OUTROS );0
2016;NOV;REGIÃO NORTE;ACRE;ÓLEO DIESEL (OUTROS );0
2016;DEZ;REGIÃO NORTE;ACRE;ÓLEO DIESEL (OUTROS );0
2016;JAN;REGIÃO NORTE;AMAZONAS;ÓLEO DIESEL (OUTROS );0
2016;FEV;REGIÃO NORTE;AMAZONAS;ÓLEO DIESEL (OUTROS );0
2016;MAR;REGIÃO NORTE;AMAZONAS;ÓLEO DIESEL (OUTROS );0
2016;ABR;REGIÃO NORTE;AMAZONAS;ÓLEO DIESEL (OUTROS );0
2016;MAI;REGIÃO NORTE;AMAZONAS;ÓLEO DIESEL (OUTROS );0
2016;JUN;REGIÃO NORTE;AMAZONAS;ÓLEO DIESEL (OUTROS );0
2016;JUL;REGIÃO NORTE;AMAZONAS;ÓLEO DIESEL (OUTROS );0
2016;AGO;REGIÃO NORTE;AMAZONAS;ÓLEO DIESEL (OUTROS );0
2016;SET;REGIÃO NORTE;AMAZONAS;ÓLEO DIESEL (OUTROS );0
2016;OUT;REGIÃO NORTE;AMAZONAS;ÓLEO DIESEL (OUTROS );0
2016;NOV;REGIÃO NORTE;AMAZONAS;ÓLEO DIESEL (OUTROS );0
2016;DEZ;REGIÃO NORTE;AMAZONAS;ÓLEO DIESEL (OUTROS );0
2016;JAN;REGIÃO NORTE;RORAIMA;ÓLEO DIESEL (OUTROS );0
2016;FEV;REGIÃO NORTE;RORAIMA;ÓLEO DIESEL (OUTROS );0
2016;MAR;REGIÃO NORTE;RORAIMA;ÓLEO DIESEL (OUTROS );0
2016;ABR;REGIÃO NORTE;RORAIMA;ÓLEO DIESEL (OUTROS );0
2016;MAI;REGIÃO NORTE;RORAIMA;ÓLEO DIESEL (OUTROS );0
2016;JUN;REGIÃO NORTE;RORAIMA;ÓLEO DIESEL (OUTROS );0
2016;JUL;REGIÃO NORTE;RORAIMA;ÓLEO DIESEL (OUTROS );0
2016;AGO;REGIÃO NORTE;RORAIMA;ÓLEO DIESEL (OUTROS );0
2016;SET;REGIÃO NORTE;RORAIMA;ÓLEO DIESEL (OUTROS );0
2016;OUT;REGIÃO NORTE;RORAIMA;ÓLEO DIESEL (OUTROS );0
2016;NOV;REGIÃO NORTE;RORAIMA;ÓLEO DIESEL (OUTROS );0
2016;DEZ;REGIÃO NORTE;RORAIMA;ÓLEO DIESEL (OUTROS );0
2016;JAN;REGIÃO NORTE;PARÁ;ÓLEO DIESEL (OUTROS );0
2016;FEV;REGIÃO NORTE;PARÁ;ÓLEO DIESEL (OUTROS );0
2016;MAR;REGIÃO NORTE;PARÁ;ÓLEO DIESEL (OUTROS );0
2016;ABR;REGIÃO NORTE;PARÁ;ÓLEO DIESEL (OUTROS );0
2016;MAI;REGIÃO NORTE;PARÁ;ÓLEO DIESEL (OUTROS );0
2016;JUN;REGIÃO NORTE;PARÁ;ÓLEO DIESEL (OUTROS );0
2016;JUL;REGIÃO NORTE;PARÁ;ÓLEO DIESEL (OUTROS );0
2016;AGO;REGIÃO NORTE;PARÁ;ÓLEO DIESEL (OUTROS );0
2016;SET;REGIÃO NORTE;PARÁ;ÓLEO DIESEL (OUTROS );0
2016;OUT;REGIÃO NORTE;PARÁ;ÓLEO DIESEL (OUTROS );0
2016;NOV;REGIÃO NORTE;PARÁ;ÓLEO DIESEL (OUTROS );0
2016;DEZ;REGIÃO NORTE;PARÁ;ÓLEO DIESEL (OUTROS );0
2016;JAN;REGIÃO NORTE;AMAPÁ;ÓLEO DIESEL (OUTROS );0
2016;FEV;REGIÃO NORTE;AMAPÁ;ÓLEO DIESEL (OUTROS );0
2016;MAR;REGIÃO NORTE;AMAPÁ;ÓLEO DIESEL (OUTROS );0
2016;ABR;REGIÃO NORTE;AMAPÁ;ÓLEO DIESEL (OUTROS );0
2016;MAI;REGIÃO NORTE;AMAPÁ;ÓLEO DIESEL (OUTROS );0
2016;JUN;REGIÃO NORTE;AMAPÁ;ÓLEO DIESEL (OUTROS );0
2016;JUL;REGIÃO NORTE;AMAPÁ;ÓLEO DIESEL (OUTROS );0
2016;AGO;REGIÃO NORTE;AMAPÁ;ÓLEO DIESEL (OUTROS );0
2016;SET;REGIÃO NORTE;AMAPÁ;ÓLEO DIESEL (OUTROS );0
2016;OUT;REGIÃO NORTE;AMAPÁ;ÓLEO DIESEL (OUTROS );0
2016;NOV;REGIÃO NORTE;AMAPÁ;ÓLEO DIESEL (OUTROS );0
2016;DEZ;REGIÃO NORTE;AMAPÁ;ÓLEO DIESEL (OUTROS );0
2016;JAN;REGIÃO NORTE;TOCANTINS;ÓLEO DIESEL (OUTROS );0
2016;FEV;REGIÃO NORTE;TOCANTINS;ÓLEO DIESEL (OUTROS );0
2016;MAR;REGIÃO NORTE;TOCANTINS;ÓLEO DIESEL (OUTROS );0
2016;ABR;REGIÃO NORTE;TOCANTINS;ÓLEO DIESEL (OUTROS );0
2016;MAI;REGIÃO NORTE;TOCANTINS;ÓLEO DIESEL (OUTROS );0
2016;JUN;REGIÃO NORTE;TOCANTINS;ÓLEO DIESEL (OUTROS );0
2016;JUL;REGIÃO NORTE;TOCANTINS;ÓLEO DIESEL (OUTROS );0
2016;AGO;REGIÃO NORTE;TOCANTINS;ÓLEO DIESEL (OUTROS );0
2016;SET;REGIÃO NORTE;TOCANTINS;ÓLEO DIESEL (OUTROS );0
2016;OUT;REGIÃO NORTE;TOCANTINS;ÓLEO DIESEL (OUTROS );0
2016;NOV;REGIÃO NORTE;TOCANTINS;ÓLEO DIESEL (OUTROS );0
2016;DEZ;REGIÃO NORTE;TOCANTINS;ÓLEO DIESEL (OUTROS );0
2016;JAN;REGIÃO NORDESTE;MARANHÃO;ÓLEO DIESEL (OUTROS );0
2016;FEV;REGIÃO NORDESTE;MARANHÃO;ÓLEO DIESEL (OUTROS );0
2016;MAR;REGIÃO NORDESTE;MARANHÃO;ÓLEO DIESEL (OUTROS );0
2016;ABR;REGIÃO NORDESTE;MARANHÃO;ÓLEO DIESEL (OUTROS );0
2016;MAI;REGIÃO NORDESTE;MARANHÃO;ÓLEO DIESEL (OUTROS );0
2016;JUN;REGIÃO NORDESTE;MARANHÃO;ÓLEO DIESEL (OUTROS );0
2016;JUL;REGIÃO NORDESTE;MARANHÃO;ÓLEO DIESEL (OUTROS );0
2016;AGO;REGIÃO NORDESTE;MARANHÃO;ÓLEO DIESEL (OUTROS );0
2016;SET;REGIÃO NORDESTE;MARANHÃO;ÓLEO DIESEL (OUTROS );0
2016;OUT;REGIÃO NORDESTE;MARANHÃO;ÓLEO DIESEL (OUTROS );0
2016;NOV;REGIÃO NORDESTE;MARANHÃO;ÓLEO DIESEL (OUTROS );0
2016;DEZ;REGIÃO NORDESTE;MARANHÃO;ÓLEO DIESEL (OUTROS );0
2016;JAN;REGIÃO NORDESTE;PIAUÍ;ÓLEO DIESEL (OUTROS );0
2016;FEV;REGIÃO NORDESTE;PIAUÍ;ÓLEO DIESEL (OUTROS );0
2016;MAR;REGIÃO NORDESTE;PIAUÍ;ÓLEO DIESEL (OUTROS );0
2016;ABR;REGIÃO NORDESTE;PIAUÍ;ÓLEO DIESEL (OUTROS );0
2016;MAI;REGIÃO NORDESTE;PIAUÍ;ÓLEO DIESEL (OUTROS );0
2016;JUN;REGIÃO NORDESTE;PIAUÍ;ÓLEO DIESEL (OUTROS );0
2016;JUL;REGIÃO NORDESTE;PIAUÍ;ÓLEO DIESEL (OUTROS );0
2016;AGO;REGIÃO NORDESTE;PIAUÍ;ÓLEO DIESEL (OUTROS );0
2016;SET;REGIÃO NORDESTE;PIAUÍ;ÓLEO DIESEL (OUTROS );0
2016;OUT;REGIÃO NORDESTE;PIAUÍ;ÓLEO DIESEL (OUTROS );0
2016;NOV;REGIÃO NORDESTE;PIAUÍ;ÓLEO DIESEL (OUTROS );0
2016;DEZ;REGIÃO NORDESTE;PIAUÍ;ÓLEO DIESEL (OUTROS );0
2016;JAN;REGIÃO NORDESTE;CEARÁ;ÓLEO DIESEL (OUTROS );0
2016;FEV;REGIÃO NORDESTE;CEARÁ;ÓLEO DIESEL (OUTROS );0
2016;MAR;REGIÃO NORDESTE;CEARÁ;ÓLEO DIESEL (OUTROS );0
2016;ABR;REGIÃO NORDESTE;CEARÁ;ÓLEO DIESEL (OUTROS );0
2016;MAI;REGIÃO NORDESTE;CEARÁ;ÓLEO DIESEL (OUTROS );0
2016;JUN;REGIÃO NORDESTE;CEARÁ;ÓLEO DIESEL (OUTROS );0
2016;JUL;REGIÃO NORDESTE;CEARÁ;ÓLEO DIESEL (OUTROS );0
2016;AGO;REGIÃO NORDESTE;CEARÁ;ÓLEO DIESEL (OUTROS );0
2016;SET;REGIÃO NORDESTE;CEARÁ;ÓLEO DIESEL (OUTROS );0
2016;OUT;REGIÃO NORDESTE;CEARÁ;ÓLEO DIESEL (OUTROS );0
2016;NOV;REGIÃO NORDESTE;CEARÁ;ÓLEO DIESEL (OUTROS );0
2016;DEZ;REGIÃO NORDESTE;CEARÁ;ÓLEO DIESEL (OUTROS );0
2016;JAN;REGIÃO NORDESTE;RIO GRANDE DO NORTE;ÓLEO DIESEL (OUTROS );0
2016;FEV;REGIÃO NORDESTE;RIO GRANDE DO NORTE;ÓLEO DIESEL (OUTROS );0
2016;MAR;REGIÃO NORDESTE;RIO GRANDE DO NORTE;ÓLEO DIESEL (OUTROS );0
2016;ABR;REGIÃO NORDESTE;RIO GRANDE DO NORTE;ÓLEO DIESEL (OUTROS );0
2016;MAI;REGIÃO NORDESTE;RIO GRANDE DO NORTE;ÓLEO DIESEL (OUTROS );0
2016;JUN;REGIÃO NORDESTE;RIO GRANDE DO NORTE;ÓLEO DIESEL (OUTROS );0
2016;JUL;REGIÃO NORDESTE;RIO GRANDE DO NORTE;ÓLEO DIESEL (OUTROS );0
2016;AGO;REGIÃO NORDESTE;RIO GRANDE DO NORTE;ÓLEO DIESEL (OUTROS );0
2016;SET;REGIÃO NORDESTE;RIO GRANDE DO NORTE;ÓLEO DIESEL (OUTROS );0
2016;OUT;REGIÃO NORDESTE;RIO GRANDE DO NORTE;ÓLEO DIESEL (OUTROS );0
2016;NOV;REGIÃO NORDESTE;RIO GRANDE DO NORTE;ÓLEO DIESEL (OUTROS );0
2016;DEZ;REGIÃO NORDESTE;RIO GRANDE DO NORTE;ÓLEO DIESEL (OUTROS );0
2016;JAN;REGIÃO NORDESTE;PARAÍBA;ÓLEO DIESEL (OUTROS );0
2016;FEV;REGIÃO NORDESTE;PARAÍBA;ÓLEO DIESEL (OUTROS );0
2016;MAR;REGIÃO NORDESTE;PARAÍBA;ÓLEO DIESEL (OUTROS );0
2016;ABR;REGIÃO NORDESTE;PARAÍBA;ÓLEO DIESEL (OUTROS );0
2016;MAI;REGIÃO NORDESTE;PARAÍBA;ÓLEO DIESEL (OUTROS );0
2016;JUN;REGIÃO NORDESTE;PARAÍBA;ÓLEO DIESEL (OUTROS );0
2016;JUL;REGIÃO NORDESTE;PARAÍBA;ÓLEO DIESEL (OUTROS );0
2016;AGO;REGIÃO NORDESTE;PARAÍBA;ÓLEO DIESEL (OUTROS );0
2016;SET;REGIÃO NORDESTE;PARAÍBA;ÓLEO DIESEL (OUTROS );0
2016;OUT;REGIÃO NORDESTE;PARAÍBA;ÓLEO DIESEL (OUTROS );0
2016;NOV;REGIÃO NORDESTE;PARAÍBA;ÓLEO DIESEL (OUTROS );0
2016;DEZ;REGIÃO NORDESTE;PARAÍBA;ÓLEO DIESEL (OUTROS );0
2016;JAN;REGIÃO NORDESTE;PERNAMBUCO;ÓLEO DIESEL (OUTROS );0
2016;FEV;REGIÃO NORDESTE;PERNAMBUCO;ÓLEO DIESEL (OUTROS );5
2016;MAR;REGIÃO NORDESTE;PERNAMBUCO;ÓLEO DIESEL (OUTROS );0
2016;ABR;REGIÃO NORDESTE;PERNAMBUCO;ÓLEO DIESEL (OUTROS );0
2016;MAI;REGIÃO NORDESTE;PERNAMBUCO;ÓLEO DIESEL (OUTROS );0
2016;JUN;REGIÃO NORDESTE;PERNAMBUCO;ÓLEO DIESEL (OUTROS );5
2016;JUL;REGIÃO NORDESTE;PERNAMBUCO;ÓLEO DIESEL (OUTROS );5
2016;AGO;REGIÃO NORDESTE;PERNAMBUCO;ÓLEO DIESEL (OUTROS );0
2016;SET;REGIÃO NORDESTE;PERNAMBUCO;ÓLEO DIESEL (OUTROS );0
2016;OUT;REGIÃO NORDESTE;PERNAMBUCO;ÓLEO DIESEL (OUTROS );0
2016;NOV;REGIÃO NORDESTE;PERNAMBUCO;ÓLEO DIESEL (OUTROS );0
2016;DEZ;REGIÃO NORDESTE;PERNAMBUCO;ÓLEO DIESEL (OUTROS );0
2016;JAN;REGIÃO NORDESTE;ALAGOAS;ÓLEO DIESEL (OUTROS );0
2016;FEV;REGIÃO NORDESTE;ALAGOAS;ÓLEO DIESEL (OUTROS );0
2016;MAR;REGIÃO NORDESTE;ALAGOAS;ÓLEO DIESEL (OUTROS );0
2016;ABR;REGIÃO NORDESTE;ALAGOAS;ÓLEO DIESEL (OUTROS );0
2016;MAI;REGIÃO NORDESTE;ALAGOAS;ÓLEO DIESEL (OUTROS );0
2016;JUN;REGIÃO NORDESTE;ALAGOAS;ÓLEO DIESEL (OUTROS );0
2016;JUL;REGIÃO NORDESTE;ALAGOAS;ÓLEO DIESEL (OUTROS );0
2016;AGO;REGIÃO NORDESTE;ALAGOAS;ÓLEO DIESEL (OUTROS );0
2016;SET;REGIÃO NORDESTE;ALAGOAS;ÓLEO DIESEL (OUTROS );0
2016;OUT;REGIÃO NORDESTE;ALAGOAS;ÓLEO DIESEL (OUTROS );0
2016;NOV;REGIÃO NORDESTE;ALAGOAS;ÓLEO DIESEL (OUTROS );0
2016;DEZ;REGIÃO NORDESTE;ALAGOAS;ÓLEO DIESEL (OUTROS );0
2016;JAN;REGIÃO NORDESTE;SERGIPE;ÓLEO DIESEL (OUTROS );0
2016;FEV;REGIÃO NORDESTE;SERGIPE;ÓLEO DIESEL (OUTROS );0
2016;MAR;REGIÃO NORDESTE;SERGIPE;ÓLEO DIESEL (OUTROS );0
2016;ABR;REGIÃO NORDESTE;SERGIPE;ÓLEO DIESEL (OUTROS );0
2016;MAI;REGIÃO NORDESTE;SERGIPE;ÓLEO DIESEL (OUTROS );0
2016;JUN;REGIÃO NORDESTE;SERGIPE;ÓLEO DIESEL (OUTROS );0
2016;JUL;REGIÃO NORDESTE;SERGIPE;ÓLEO DIESEL (OUTROS );0
2016;AGO;REGIÃO NORDESTE;SERGIPE;ÓLEO DIESEL (OUTROS );0
2016;SET;REGIÃO NORDESTE;SERGIPE;ÓLEO DIESEL (OUTROS );0
2016;OUT;REGIÃO NORDESTE;SERGIPE;ÓLEO DIESEL (OUTROS );0
2016;NOV;REGIÃO NORDESTE;SERGIPE;ÓLEO DIESEL (OUTROS );0
2016;DEZ;REGIÃO NORDESTE;SERGIPE;ÓLEO DIESEL (OUTROS );0
2016;JAN;REGIÃO NORDESTE;BAHIA;ÓLEO DIESEL (OUTROS );12,5
2016;FEV;REGIÃO NORDESTE;BAHIA;ÓLEO DIESEL (OUTROS );5
2016;MAR;REGIÃO NORDESTE;BAHIA;ÓLEO DIESEL (OUTROS );5
2016;ABR;REGIÃO NORDESTE;BAHIA;ÓLEO DIESEL (OUTROS );0
2016;MAI;REGIÃO NORDESTE;BAHIA;ÓLEO DIESEL (OUTROS );0
2016;JUN;REGIÃO NORDESTE;BAHIA;ÓLEO DIESEL (OUTROS );0
2016;JUL;REGIÃO NORDESTE;BAHIA;ÓLEO DIESEL (OUTROS );0
2016;AGO;REGIÃO NORDESTE;BAHIA;ÓLEO DIESEL (OUTROS );0
2016;SET;REGIÃO NORDESTE;BAHIA;ÓLEO DIESEL (OUTROS );0
2016;OUT;REGIÃO NORDESTE;BAHIA;ÓLEO DIESEL (OUTROS );0
2016;NOV;REGIÃO NORDESTE;BAHIA;ÓLEO DIESEL (OUTROS );0
2016;DEZ;REGIÃO NORDESTE;BAHIA;ÓLEO DIESEL (OUTROS );0
2016;JAN;REGIÃO SUDESTE;MINAS GERAIS;ÓLEO DIESEL (OUTROS );6,789
2016;FEV;REGIÃO SUDESTE;MINAS GERAIS;ÓLEO DIESEL (OUTROS );8,447
2016;MAR;REGIÃO SUDESTE;MINAS GERAIS;ÓLEO DIESEL (OUTROS );4,254
2016;ABR;REGIÃO SUDESTE;MINAS GERAIS;ÓLEO DIESEL (OUTROS );14,159
2016;MAI;REGIÃO SUDESTE;MINAS GERAIS;ÓLEO DIESEL (OUTROS );3,736
2016;JUN;REGIÃO SUDESTE;MINAS GERAIS;ÓLEO DIESEL (OUTROS );1,628
2016;JUL;REGIÃO SUDESTE;MINAS GERAIS;ÓLEO DIESEL (OUTROS );2,8
2016;AGO;REGIÃO SUDESTE;MINAS GERAIS;ÓLEO DIESEL (OUTROS );0
2016;SET;REGIÃO SUDESTE;MINAS GERAIS;ÓLEO DIESEL (OUTROS );10
2016;OUT;REGIÃO SUDESTE;MINAS GERAIS;ÓLEO DIESEL (OUTROS );0
2016;NOV;REGIÃO SUDESTE;MINAS GERAIS;ÓLEO DIESEL (OUTROS );0
2016;DEZ;REGIÃO SUDESTE;MINAS GERAIS;ÓLEO DIESEL (OUTROS );0
2016;JAN;REGIÃO SUDESTE;ESPÍRITO SANTO;ÓLEO DIESEL (OUTROS );0
2016;FEV;REGIÃO SUDESTE;ESPÍRITO SANTO;ÓLEO DIESEL (OUTROS );0
2016;MAR;REGIÃO SUDESTE;ESPÍRITO SANTO;ÓLEO DIESEL (OUTROS );0
2016;ABR;REGIÃO SUDESTE;ESPÍRITO SANTO;ÓLEO DIESEL (OUTROS );0
2016;MAI;REGIÃO SUDESTE;ESPÍRITO SANTO;ÓLEO DIESEL (OUTROS );0
2016;JUN;REGIÃO SUDESTE;ESPÍRITO SANTO;ÓLEO DIESEL (OUTROS );0
2016;JUL;REGIÃO SUDESTE;ESPÍRITO SANTO;ÓLEO DIESEL (OUTROS );0
2016;AGO;REGIÃO SUDESTE;ESPÍRITO SANTO;ÓLEO DIESEL (OUTROS );0
2016;SET;REGIÃO SUDESTE;ESPÍRITO SANTO;ÓLEO DIESEL (OUTROS );0
2016;OUT;REGIÃO SUDESTE;ESPÍRITO SANTO;ÓLEO DIESEL (OUTROS );0
2016;NOV;REGIÃO SUDESTE;ESPÍRITO SANTO;ÓLEO DIESEL (OUTROS );0
2016;DEZ;REGIÃO SUDESTE;ESPÍRITO SANTO;ÓLEO DIESEL (OUTROS );0
2016;JAN;REGIÃO SUDESTE;RIO DE JANEIRO;ÓLEO DIESEL (OUTROS );1095,215
2016;FEV;REGIÃO SUDESTE;RIO DE JANEIRO;ÓLEO DIESEL (OUTROS );1529,925
2016;MAR;REGIÃO SUDESTE;RIO DE JANEIRO;ÓLEO DIESEL (OUTROS );1114,623
2016;ABR;REGIÃO SUDESTE;RIO DE JANEIRO;ÓLEO DIESEL (OUTROS );1168,329
2016;MAI;REGIÃO SUDESTE;RIO DE JANEIRO;ÓLEO DIESEL (OUTROS );726,656
2016;JUN;REGIÃO SUDESTE;RIO DE JANEIRO;ÓLEO DIESEL (OUTROS );591,398
2016;JUL;REGIÃO SUDESTE;RIO DE JANEIRO;ÓLEO DIESEL (OUTROS );779,956
2016;AGO;REGIÃO SUDESTE;RIO DE JANEIRO;ÓLEO DIESEL (OUTROS );821,789
2016;SET;REGIÃO SUDESTE;RIO DE JANEIRO;ÓLEO DIESEL (OUTROS );780,752
2016;OUT;REGIÃO SUDESTE;RIO DE JANEIRO;ÓLEO DIESEL (OUTROS );771,129
2016;NOV;REGIÃO SUDESTE;RIO DE JANEIRO;ÓLEO DIESEL (OUTROS );903,552
2016;DEZ;REGIÃO SUDESTE;RIO DE JANEIRO;ÓLEO DIESEL (OUTROS );1798,055
2016;JAN;REGIÃO SUDESTE;SÃO PAULO;ÓLEO DIESEL (OUTROS );998
2016;FEV;REGIÃO SUDESTE;SÃO PAULO;ÓLEO DIESEL (OUTROS );1159
2016;MAR;REGIÃO SUDESTE;SÃO PAULO;ÓLEO DIESEL (OUTROS );909
2016;ABR;REGIÃO SUDESTE;SÃO PAULO;ÓLEO DIESEL (OUTROS );980
2016;MAI;REGIÃO SUDESTE;SÃO PAULO;ÓLEO DIESEL (OUTROS );523
2016;JUN;REGIÃO SUDESTE;SÃO PAULO;ÓLEO DIESEL (OUTROS );503,653
2016;JUL;REGIÃO SUDESTE;SÃO PAULO;ÓLEO DIESEL (OUTROS );569
2016;AGO;REGIÃO SUDESTE;SÃO PAULO;ÓLEO DIESEL (OUTROS );525
2016;SET;REGIÃO SUDESTE;SÃO PAULO;ÓLEO DIESEL (OUTROS );588
2016;OUT;REGIÃO SUDESTE;SÃO PAULO;ÓLEO DIESEL (OUTROS );605,918
2016;NOV;REGIÃO SUDESTE;SÃO PAULO;ÓLEO DIESEL (OUTROS );604
2016;DEZ;REGIÃO SUDESTE;SÃO PAULO;ÓLEO DIESEL (OUTROS );1219
2016;JAN;REGIÃO SUL;PARANÁ;ÓLEO DIESEL (OUTROS );26,706
2016;FEV;REGIÃO SUL;PARANÁ;ÓLEO DIESEL (OUTROS );21,732
2016;MAR;REGIÃO SUL;PARANÁ;ÓLEO DIESEL (OUTROS );30,555
2016;ABR;REGIÃO SUL;PARANÁ;ÓLEO DIESEL (OUTROS );18,244
2016;MAI;REGIÃO SUL;PARANÁ;ÓLEO DIESEL (OUTROS );31,493
2016;JUN;REGIÃO SUL;PARANÁ;ÓLEO DIESEL (OUTROS );27,755
2016;JUL;REGIÃO SUL;PARANÁ;ÓLEO DIESEL (OUTROS );26,025
2016;AGO;REGIÃO SUL;PARANÁ;ÓLEO DIESEL (OUTROS );20,195
2016;SET;REGIÃO SUL;PARANÁ;ÓLEO DIESEL (OUTROS );26
2016;OUT;REGIÃO SUL;PARANÁ;ÓLEO DIESEL (OUTROS );20
2016;NOV;REGIÃO SUL;PARANÁ;ÓLEO DIESEL (OUTROS );30
2016;DEZ;REGIÃO SUL;PARANÁ;ÓLEO DIESEL (OUTROS );15,133
2016;JAN;REGIÃO SUL;SANTA CATARINA;ÓLEO DIESEL (OUTROS );45
2016;FEV;REGIÃO SUL;SANTA CATARINA;ÓLEO DIESEL (OUTROS );25
2016;MAR;REGIÃO SUL;SANTA CATARINA;ÓLEO DIESEL (OUTROS );25
2016;ABR;REGIÃO SUL;SANTA CATARINA;ÓLEO DIESEL (OUTROS );30
2016;MAI;REGIÃO SUL;SANTA CATARINA;ÓLEO DIESEL (OUTROS );40
2016;JUN;REGIÃO SUL;SANTA CATARINA;ÓLEO DIESEL (OUTROS );35
2016;JUL;REGIÃO SUL;SANTA CATARINA;ÓLEO DIESEL (OUTROS );25
2016;AGO;REGIÃO SUL;SANTA CATARINA;ÓLEO DIESEL (OUTROS );15
2016;SET;REGIÃO SUL;SANTA CATARINA;ÓLEO DIESEL (OUTROS );51,458
2016;OUT;REGIÃO SUL;SANTA CATARINA;ÓLEO DIESEL (OUTROS );25
2016;NOV;REGIÃO SUL;SANTA CATARINA;ÓLEO DIESEL (OUTROS );45,973
2016;DEZ;REGIÃO SUL;SANTA CATARINA;ÓLEO DIESEL (OUTROS );70
2016;JAN;REGIÃO SUL;RIO GRANDE DO SUL;ÓLEO DIESEL (OUTROS );2,5
2016;FEV;REGIÃO SUL;RIO GRANDE DO SUL;ÓLEO DIESEL (OUTROS );2,5
2016;MAR;REGIÃO SUL;RIO GRANDE DO SUL;ÓLEO DIESEL (OUTROS );2,5
2016;ABR;REGIÃO SUL;RIO GRANDE DO SUL;ÓLEO DIESEL (OUTROS );0
2016;MAI;REGIÃO SUL;RIO GRANDE DO SUL;ÓLEO DIESEL (OUTROS );0
2016;JUN;REGIÃO SUL;RIO GRANDE DO SUL;ÓLEO DIESEL (OUTROS );0
2016;JUL;REGIÃO SUL;RIO GRANDE DO SUL;ÓLEO DIESEL (OUTROS );0
2016;AGO;REGIÃO SUL;RIO GRANDE DO SUL;ÓLEO DIESEL (OUTROS );0
2016;SET;REGIÃO SUL;RIO GRANDE DO SUL;ÓLEO DIESEL (OUTROS );171,81
2016;OUT;REGIÃO SUL;RIO GRANDE DO SUL;ÓLEO DIESEL (OUTROS );33,984
2016;NOV;REGIÃO SUL;RIO GRANDE DO SUL;ÓLEO DIESEL (OUTROS );0
2016;DEZ;REGIÃO SUL;RIO GRANDE DO SUL;ÓLEO DIESEL (OUTROS );0
2016;JAN;REGIÃO CENTRO-OESTE;MATO GROSSO DO SUL;ÓLEO DIESEL (OUTROS );0
2016;FEV;REGIÃO CENTRO-OESTE;MATO GROSSO DO SUL;ÓLEO DIESEL (OUTROS );0
2016;MAR;REGIÃO CENTRO-OESTE;MATO GROSSO DO SUL;ÓLEO DIESEL (OUTROS );0
2016;ABR;REGIÃO CENTRO-OESTE;MATO GROSSO DO SUL;ÓLEO DIESEL (OUTROS );0
2016;MAI;REGIÃO CENTRO-OESTE;MATO GROSSO DO SUL;ÓLEO DIESEL (OUTROS );0
2016;JUN;REGIÃO CENTRO-OESTE;MATO GROSSO DO SUL;ÓLEO DIESEL (OUTROS );0
2016;JUL;REGIÃO CENTRO-OESTE;MATO GROSSO DO SUL;ÓLEO DIESEL (OUTROS );0
2016;AGO;REGIÃO CENTRO-OESTE;MATO GROSSO DO SUL;ÓLEO DIESEL (OUTROS );0
2016;SET;REGIÃO CENTRO-OESTE;MATO GROSSO DO SUL;ÓLEO DIESEL (OUTROS );0
2016;OUT;REGIÃO CENTRO-OESTE;MATO GROSSO DO SUL;ÓLEO DIESEL (OUTROS );0
2016;NOV;REGIÃO CENTRO-OESTE;MATO GROSSO DO SUL;ÓLEO DIESEL (OUTROS );0
2016;DEZ;REGIÃO CENTRO-OESTE;MATO GROSSO DO SUL;ÓLEO DIESEL (OUTROS );0
2016;JAN;REGIÃO CENTRO-OESTE;MATO GROSSO;ÓLEO DIESEL (OUTROS );0
2016;FEV;REGIÃO CENTRO-OESTE;MATO GROSSO;ÓLEO DIESEL (OUTROS );65
2016;MAR;REGIÃO CENTRO-OESTE;MATO GROSSO;ÓLEO DIESEL (OUTROS );313
2016;ABR;REGIÃO CENTRO-OESTE;MATO GROSSO;ÓLEO DIESEL (OUTROS );88
2016;MAI;REGIÃO CENTRO-OESTE;MATO GROSSO;ÓLEO DIESEL (OUTROS );130
2016;JUN;REGIÃO CENTRO-OESTE;MATO GROSSO;ÓLEO DIESEL (OUTROS );191
2016;JUL;REGIÃO CENTRO-OESTE;MATO GROSSO;ÓLEO DIESEL (OUTROS );104
2016;AGO;REGIÃO CENTRO-OESTE;MATO GROSSO;ÓLEO DIESEL (OUTROS );118
2016;SET;REGIÃO CENTRO-OESTE;MATO GROSSO;ÓLEO DIESEL (OUTROS );257,5
2016;OUT;REGIÃO CENTRO-OESTE;MATO GROSSO;ÓLEO DIESEL (OUTROS );273
2016;NOV;REGIÃO CENTRO-OESTE;MATO GROSSO;ÓLEO DIESEL (OUTROS );102
2016;DEZ;REGIÃO CENTRO-OESTE;MATO GROSSO;ÓLEO DIESEL (OUTROS );169
2016;JAN;REGIÃO CENTRO-OESTE;GOIÁS;ÓLEO DIESEL (OUTROS );3
2016;FEV;REGIÃO CENTRO-OESTE;GOIÁS;ÓLEO DIESEL (OUTROS );0
2016;MAR;REGIÃO CENTRO-OESTE;GOIÁS;ÓLEO DIESEL (OUTROS );1
2016;ABR;REGIÃO CENTRO-OESTE;GOIÁS;ÓLEO DIESEL (OUTROS );0
2016;MAI;REGIÃO CENTRO-OESTE;GOIÁS;ÓLEO DIESEL (OUTROS );0
2016;JUN;REGIÃO CENTRO-OESTE;GOIÁS;ÓLEO DIESEL (OUTROS );0
2016;JUL;REGIÃO CENTRO-OESTE;GOIÁS;ÓLEO DIESEL (OUTROS );0
2016;AGO;REGIÃO CENTRO-OESTE;GOIÁS;ÓLEO DIESEL (OUTROS );0
2016;SET;REGIÃO CENTRO-OESTE;GOIÁS;ÓLEO DIESEL (OUTROS );0
2016;OUT;REGIÃO CENTRO-OESTE;GOIÁS;ÓLEO DIESEL (OUTROS );0
2016;NOV;REGIÃO CENTRO-OESTE;GOIÁS;ÓLEO DIESEL (OUTROS );0
2016;DEZ;REGIÃO CENTRO-OESTE;GOIÁS;ÓLEO DIESEL (OUTROS );0
2016;JAN;REGIÃO CENTRO-OESTE;DISTRITO FEDERAL;ÓLEO DIESEL (OUTROS );0
2016;FEV;REGIÃO CENTRO-OESTE;DISTRITO FEDERAL;ÓLEO DIESEL (OUTROS );0
2016;MAR;REGIÃO CENTRO-OESTE;DISTRITO FEDERAL;ÓLEO DIESEL (OUTROS );0
2016;ABR;REGIÃO CENTRO-OESTE;DISTRITO FEDERAL;ÓLEO DIESEL (OUTROS );0
2016;MAI;REGIÃO CENTRO-OESTE;DISTRITO FEDERAL;ÓLEO DIESEL (OUTROS );0
2016;JUN;REGIÃO CENTRO-OESTE;DISTRITO FEDERAL;ÓLEO DIESEL (OUTROS );0
2016;JUL;REGIÃO CENTRO-OESTE;DISTRITO FEDERAL;ÓLEO DIESEL (OUTROS );0
2016;AGO;REGIÃO CENTRO-OESTE;DISTRITO FEDERAL;ÓLEO DIESEL (OUTROS );0
2016;SET;REGIÃO CENTRO-OESTE;DISTRITO FEDERAL;ÓLEO DIESEL (OUTROS );0
2016;OUT;REGIÃO CENTRO-OESTE;DISTRITO FEDERAL;ÓLEO DIESEL (OUTROS );0
2016;NOV;REGIÃO CENTRO-OESTE;DISTRITO FEDERAL;ÓLEO DIESEL (OUTROS );0
2016;DEZ;REGIÃO CENTRO-OESTE;DISTRITO FEDERAL;ÓLEO DIESEL (OUTROS );0
2017;JAN;REGIÃO NORTE;RONDÔNIA;ÓLEO DIESEL S-10;13027,4
2017;FEV;REGIÃO NORTE;RONDÔNIA;ÓLEO DIESEL S-10;13702,2
2017;MAR;REGIÃO NORTE;RONDÔNIA;ÓLEO DIESEL S-10;15931,1
2017;ABR;REGIÃO NORTE;RONDÔNIA;ÓLEO DIESEL S-10;14440,6
2017;MAI;REGIÃO NORTE;RONDÔNIA;ÓLEO DIESEL S-10;16064,4
2017;JUN;REGIÃO NORTE;RONDÔNIA;ÓLEO DIESEL S-10;17252,154
2017;JUL;REGIÃO NORTE;RONDÔNIA;ÓLEO DIESEL S-10;18777,13
2017;AGO;REGIÃO NORTE;RONDÔNIA;ÓLEO DIESEL S-10;18609,4
2017;SET;REGIÃO NORTE;RONDÔNIA;ÓLEO DIESEL S-10;18369,47794
2017;OUT;REGIÃO NORTE;RONDÔNIA;ÓLEO DIESEL S-10;17814,62423
2017;NOV;REGIÃO NORTE;RONDÔNIA;ÓLEO DIESEL S-10;18231,2184
2017;DEZ;REGIÃO NORTE;RONDÔNIA;ÓLEO DIESEL S-10;16840,73168
2017;JAN;REGIÃO NORTE;ACRE;ÓLEO DIESEL S-10;2439,4
2017;FEV;REGIÃO NORTE;ACRE;ÓLEO DIESEL S-10;2432,3
2017;MAR;REGIÃO NORTE;ACRE;ÓLEO DIESEL S-10;3248,443
2017;ABR;REGIÃO NORTE;ACRE;ÓLEO DIESEL S-10;2633
2017;MAI;REGIÃO NORTE;ACRE;ÓLEO DIESEL S-10;3016,8
2017;JUN;REGIÃO NORTE;ACRE;ÓLEO DIESEL S-10;3222,7
2017;JUL;REGIÃO NORTE;ACRE;ÓLEO DIESEL S-10;3432,3
2017;AGO;REGIÃO NORTE;ACRE;ÓLEO DIESEL S-10;3802,6
2017;SET;REGIÃO NORTE;ACRE;ÓLEO DIESEL S-10;3486,45995
2017;OUT;REGIÃO NORTE;ACRE;ÓLEO DIESEL S-10;3455,669868
2017;NOV;REGIÃO NORTE;ACRE;ÓLEO DIESEL S-10;3117,812134
2017;DEZ;REGIÃO NORTE;ACRE;ÓLEO DIESEL S-10;3203,477052
2017;JAN;REGIÃO NORTE;AMAZONAS;ÓLEO DIESEL S-10;8909,874
2017;FEV;REGIÃO NORTE;AMAZONAS;ÓLEO DIESEL S-10;8637,483
2017;MAR;REGIÃO NORTE;AMAZONAS;ÓLEO DIESEL S-10;10370,893
2017;ABR;REGIÃO NORTE;AMAZONAS;ÓLEO DIESEL S-10;11830,772
2017;MAI;REGIÃO NORTE;AMAZONAS;ÓLEO DIESEL S-10;11435,623
2017;JUN;REGIÃO NORTE;AMAZONAS;ÓLEO DIESEL S-10;11842,6
2017;JUL;REGIÃO NORTE;AMAZONAS;ÓLEO DIESEL S-10;10860,864
2017;AGO;REGIÃO NORTE;AMAZONAS;ÓLEO DIESEL S-10;11648,19
2017;SET;REGIÃO NORTE;AMAZONAS;ÓLEO DIESEL S-10;11014,53595
2017;OUT;REGIÃO NORTE;AMAZONAS;ÓLEO DIESEL S-10;11344,17487
2017;NOV;REGIÃO NORTE;AMAZONAS;ÓLEO DIESEL S-10;11252,01094
2017;DEZ;REGIÃO NORTE;AMAZONAS;ÓLEO DIESEL S-10;10961,72285
2017;JAN;REGIÃO NORTE;RORAIMA;ÓLEO DIESEL S-10;2912,3
2017;FEV;REGIÃO NORTE;RORAIMA;ÓLEO DIESEL S-10;2834,4
2017;MAR;REGIÃO NORTE;RORAIMA;ÓLEO DIESEL S-10;3398,3
2017;ABR;REGIÃO NORTE;RORAIMA;ÓLEO DIESEL S-10;3100,6
2017;MAI;REGIÃO NORTE;RORAIMA;ÓLEO DIESEL S-10;3134,4
2017;JUN;REGIÃO NORTE;RORAIMA;ÓLEO DIESEL S-10;2850,4
2017;JUL;REGIÃO NORTE;RORAIMA;ÓLEO DIESEL S-10;2571
2017;AGO;REGIÃO NORTE;RORAIMA;ÓLEO DIESEL S-10;3258,2
2017;SET;REGIÃO NORTE;RORAIMA;ÓLEO DIESEL S-10;4101,919936
2017;OUT;REGIÃO NORTE;RORAIMA;ÓLEO DIESEL S-10;4004,710129
2017;NOV;REGIÃO NORTE;RORAIMA;ÓLEO DIESEL S-10;3744,854575
2017;DEZ;REGIÃO NORTE;RORAIMA;ÓLEO DIESEL S-10;3482,129768
2017;JAN;REGIÃO NORTE;PARÁ;ÓLEO DIESEL S-10;62236,714
2017;FEV;REGIÃO NORTE;PARÁ;ÓLEO DIESEL S-10;54787,91
2017;MAR;REGIÃO NORTE;PARÁ;ÓLEO DIESEL S-10;64919,709
2017;ABR;REGIÃO NORTE;PARÁ;ÓLEO DIESEL S-10;57970,573
2017;MAI;REGIÃO NORTE;PARÁ;ÓLEO DIESEL S-10;69914,839
2017;JUN;REGIÃO NORTE;PARÁ;ÓLEO DIESEL S-10;70639,615
2017;JUL;REGIÃO NORTE;PARÁ;ÓLEO DIESEL S-10;70501,77
2017;AGO;REGIÃO NORTE;PARÁ;ÓLEO DIESEL S-10;76425,574
2017;SET;REGIÃO NORTE;PARÁ;ÓLEO DIESEL S-10;74779,92053
2017;OUT;REGIÃO NORTE;PARÁ;ÓLEO DIESEL S-10;75772,01325
2017;NOV;REGIÃO NORTE;PARÁ;ÓLEO DIESEL S-10;73748,86268
2017;DEZ;REGIÃO NORTE;PARÁ;ÓLEO DIESEL S-10;70013,4074
2017;JAN;REGIÃO NORTE;AMAPÁ;ÓLEO DIESEL S-10;902,5
2017;FEV;REGIÃO NORTE;AMAPÁ;ÓLEO DIESEL S-10;907
2017;MAR;REGIÃO NORTE;AMAPÁ;ÓLEO DIESEL S-10;1212,5
2017;ABR;REGIÃO NORTE;AMAPÁ;ÓLEO DIESEL S-10;1009,5
2017;MAI;REGIÃO NORTE;AMAPÁ;ÓLEO DIESEL S-10;1092,5
2017;JUN;REGIÃO NORTE;AMAPÁ;ÓLEO DIESEL S-10;1213,5
2017;JUL;REGIÃO NORTE;AMAPÁ;ÓLEO DIESEL S-10;1371,5
2017;AGO;REGIÃO NORTE;AMAPÁ;ÓLEO DIESEL S-10;1901,7
2017;SET;REGIÃO NORTE;AMAPÁ;ÓLEO DIESEL S-10;1621,552534
2017;OUT;REGIÃO NORTE;AMAPÁ;ÓLEO DIESEL S-10;1220,720437
2017;NOV;REGIÃO NORTE;AMAPÁ;ÓLEO DIESEL S-10;1319,812115
2017;DEZ;REGIÃO NORTE;AMAPÁ;ÓLEO DIESEL S-10;1189,182018
2017;JAN;REGIÃO NORTE;TOCANTINS;ÓLEO DIESEL S-10;20776,94
2017;FEV;REGIÃO NORTE;TOCANTINS;ÓLEO DIESEL S-10;21270,04
2017;MAR;REGIÃO NORTE;TOCANTINS;ÓLEO DIESEL S-10;28668,72
2017;ABR;REGIÃO NORTE;TOCANTINS;ÓLEO DIESEL S-10;24229
2017;MAI;REGIÃO NORTE;TOCANTINS;ÓLEO DIESEL S-10;26902,603
2017;JUN;REGIÃO NORTE;TOCANTINS;ÓLEO DIESEL S-10;26809,56
2017;JUL;REGIÃO NORTE;TOCANTINS;ÓLEO DIESEL S-10;28554,25
2017;AGO;REGIÃO NORTE;TOCANTINS;ÓLEO DIESEL S-10;29655,12
2017;SET;REGIÃO NORTE;TOCANTINS;ÓLEO DIESEL S-10;27757,45001
2017;OUT;REGIÃO NORTE;TOCANTINS;ÓLEO DIESEL S-10;28866,71146
2017;NOV;REGIÃO NORTE;TOCANTINS;ÓLEO DIESEL S-10;28529,9301
2017;DEZ;REGIÃO NORTE;TOCANTINS;ÓLEO DIESEL S-10;26339,88355
2017;JAN;REGIÃO NORDESTE;MARANHÃO;ÓLEO DIESEL S-10;33592,21
2017;FEV;REGIÃO NORDESTE;MARANHÃO;ÓLEO DIESEL S-10;29950,86
2017;MAR;REGIÃO NORDESTE;MARANHÃO;ÓLEO DIESEL S-10;36423,33
2017;ABR;REGIÃO NORDESTE;MARANHÃO;ÓLEO DIESEL S-10;33097,31
2017;MAI;REGIÃO NORDESTE;MARANHÃO;ÓLEO DIESEL S-10;37540,45
2017;JUN;REGIÃO NORDESTE;MARANHÃO;ÓLEO DIESEL S-10;39045,596
2017;JUL;REGIÃO NORDESTE;MARANHÃO;ÓLEO DIESEL S-10;39548,965
2017;AGO;REGIÃO NORDESTE;MARANHÃO;ÓLEO DIESEL S-10;42320,95
2017;SET;REGIÃO NORDESTE;MARANHÃO;ÓLEO DIESEL S-10;41301,92955
2017;OUT;REGIÃO NORDESTE;MARANHÃO;ÓLEO DIESEL S-10;42215,68972
2017;NOV;REGIÃO NORDESTE;MARANHÃO;ÓLEO DIESEL S-10;42682,04678
2017;DEZ;REGIÃO NORDESTE;MARANHÃO;ÓLEO DIESEL S-10;42314,53496
2017;JAN;REGIÃO NORDESTE;PIAUÍ;ÓLEO DIESEL S-10;17170,34
2017;FEV;REGIÃO NORDESTE;PIAUÍ;ÓLEO DIESEL S-10;15667,91
2017;MAR;REGIÃO NORDESTE;PIAUÍ;ÓLEO DIESEL S-10;20055,15
2017;ABR;REGIÃO NORDESTE;PIAUÍ;ÓLEO DIESEL S-10;19294,506
2017;MAI;REGIÃO NORDESTE;PIAUÍ;ÓLEO DIESEL S-10;21319,398
2017;JUN;REGIÃO NORDESTE;PIAUÍ;ÓLEO DIESEL S-10;21621,9
2017;JUL;REGIÃO NORDESTE;PIAUÍ;ÓLEO DIESEL S-10;22417,35
2017;AGO;REGIÃO NORDESTE;PIAUÍ;ÓLEO DIESEL S-10;22932,83
2017;SET;REGIÃO NORDESTE;PIAUÍ;ÓLEO DIESEL S-10;21639,0007
2017;OUT;REGIÃO NORDESTE;PIAUÍ;ÓLEO DIESEL S-10;22275,86058
2017;NOV;REGIÃO NORDESTE;PIAUÍ;ÓLEO DIESEL S-10;22697,36328
2017;DEZ;REGIÃO NORDESTE;PIAUÍ;ÓLEO DIESEL S-10;21524,62115
2017;JAN;REGIÃO NORDESTE;CEARÁ;ÓLEO DIESEL S-10;57873,685
2017;FEV;REGIÃO NORDESTE;CEARÁ;ÓLEO DIESEL S-10;51335,964
2017;MAR;REGIÃO NORDESTE;CEARÁ;ÓLEO DIESEL S-10;58495,752
2017;ABR;REGIÃO NORDESTE;CEARÁ;ÓLEO DIESEL S-10;52339,219
2017;MAI;REGIÃO NORDESTE;CEARÁ;ÓLEO DIESEL S-10;60459,396
2017;JUN;REGIÃO NORDESTE;CEARÁ;ÓLEO DIESEL S-10;60445,193
2017;JUL;REGIÃO NORDESTE;CEARÁ;ÓLEO DIESEL S-10;60737,972
2017;AGO;REGIÃO NORDESTE;CEARÁ;ÓLEO DIESEL S-10;66760,525
2017;SET;REGIÃO NORDESTE;CEARÁ;ÓLEO DIESEL S-10;63682,58445
2017;OUT;REGIÃO NORDESTE;CEARÁ;ÓLEO DIESEL S-10;66689,67937
2017;NOV;REGIÃO NORDESTE;CEARÁ;ÓLEO DIESEL S-10;63902,99243
2017;DEZ;REGIÃO NORDESTE;CEARÁ;ÓLEO DIESEL S-10;66033,10935
2017;JAN;REGIÃO NORDESTE;RIO GRANDE DO NORTE;ÓLEO DIESEL S-10;10279,5
2017;FEV;REGIÃO NORDESTE;RIO GRANDE DO NORTE;ÓLEO DIESEL S-10;9515,5
2017;MAR;REGIÃO NORDESTE;RIO GRANDE DO NORTE;ÓLEO DIESEL S-10;10771,5
2017;ABR;REGIÃO NORDESTE;RIO GRANDE DO NORTE;ÓLEO DIESEL S-10;9305,5
2017;MAI;REGIÃO NORDESTE;RIO GRANDE DO NORTE;ÓLEO DIESEL S-10;10626
2017;JUN;REGIÃO NORDESTE;RIO GRANDE DO NORTE;ÓLEO DIESEL S-10;10528
2017;JUL;REGIÃO NORDESTE;RIO GRANDE DO NORTE;ÓLEO DIESEL S-10;10563,13
2017;AGO;REGIÃO NORDESTE;RIO GRANDE DO NORTE;ÓLEO DIESEL S-10;11451
2017;SET;REGIÃO NORDESTE;RIO GRANDE DO NORTE;ÓLEO DIESEL S-10;11114,28836
2017;OUT;REGIÃO NORDESTE;RIO GRANDE DO NORTE;ÓLEO DIESEL S-10;11329,64257
2017;NOV;REGIÃO NORDESTE;RIO GRANDE DO NORTE;ÓLEO DIESEL S-10;11913,1666
2017;DEZ;REGIÃO NORDESTE;RIO GRANDE DO NORTE;ÓLEO DIESEL S-10;12093,39781
2017;JAN;REGIÃO NORDESTE;PARAÍBA;ÓLEO DIESEL S-10;17970,6
2017;FEV;REGIÃO NORDESTE;PARAÍBA;ÓLEO DIESEL S-10;16245,869
2017;MAR;REGIÃO NORDESTE;PARAÍBA;ÓLEO DIESEL S-10;19107,18
2017;ABR;REGIÃO NORDESTE;PARAÍBA;ÓLEO DIESEL S-10;17045,14
2017;MAI;REGIÃO NORDESTE;PARAÍBA;ÓLEO DIESEL S-10;19042,82
2017;JUN;REGIÃO NORDESTE;PARAÍBA;ÓLEO DIESEL S-10;19160,921
2017;JUL;REGIÃO NORDESTE;PARAÍBA;ÓLEO DIESEL S-10;18798
2017;AGO;REGIÃO NORDESTE;PARAÍBA;ÓLEO DIESEL S-10;21233,53
2017;SET;REGIÃO NORDESTE;PARAÍBA;ÓLEO DIESEL S-10;20592,35803
2017;OUT;REGIÃO NORDESTE;PARAÍBA;ÓLEO DIESEL S-10;19115,56503
2017;NOV;REGIÃO NORDESTE;PARAÍBA;ÓLEO DIESEL S-10;19193,42083
2017;DEZ;REGIÃO NORDESTE;PARAÍBA;ÓLEO DIESEL S-10;18971,13983
2017;JAN;REGIÃO NORDESTE;PERNAMBUCO;ÓLEO DIESEL S-10;83465,757
2017;FEV;REGIÃO NORDESTE;PERNAMBUCO;ÓLEO DIESEL S-10;80053,9
2017;MAR;REGIÃO NORDESTE;PERNAMBUCO;ÓLEO DIESEL S-10;103162,983
2017;ABR;REGIÃO NORDESTE;PERNAMBUCO;ÓLEO DIESEL S-10;83867,42
2017;MAI;REGIÃO NORDESTE;PERNAMBUCO;ÓLEO DIESEL S-10;88728,739
2017;JUN;REGIÃO NORDESTE;PERNAMBUCO;ÓLEO DIESEL S-10;86518,825
2017;JUL;REGIÃO NORDESTE;PERNAMBUCO;ÓLEO DIESEL S-10;85907,936
2017;AGO;REGIÃO NORDESTE;PERNAMBUCO;ÓLEO DIESEL S-10;96481,513
2017;SET;REGIÃO NORDESTE;PERNAMBUCO;ÓLEO DIESEL S-10;95261,54495
2017;OUT;REGIÃO NORDESTE;PERNAMBUCO;ÓLEO DIESEL S-10;113407,131
2017;NOV;REGIÃO NORDESTE;PERNAMBUCO;ÓLEO DIESEL S-10;106426,3144
2017;DEZ;REGIÃO NORDESTE;PERNAMBUCO;ÓLEO DIESEL S-10;106361,3875
2017;JAN;REGIÃO NORDESTE;ALAGOAS;ÓLEO DIESEL S-10;13893,2
2017;FEV;REGIÃO NORDESTE;ALAGOAS;ÓLEO DIESEL S-10;12310,5
2017;MAR;REGIÃO NORDESTE;ALAGOAS;ÓLEO DIESEL S-10;14002
2017;ABR;REGIÃO NORDESTE;ALAGOAS;ÓLEO DIESEL S-10;12297,5
2017;MAI;REGIÃO NORDESTE;ALAGOAS;ÓLEO DIESEL S-10;13404,5
2017;JUN;REGIÃO NORDESTE;ALAGOAS;ÓLEO DIESEL S-10;11829
2017;JUL;REGIÃO NORDESTE;ALAGOAS;ÓLEO DIESEL S-10;11877,77
2017;AGO;REGIÃO NORDESTE;ALAGOAS;ÓLEO DIESEL S-10;13902,5
2017;SET;REGIÃO NORDESTE;ALAGOAS;ÓLEO DIESEL S-10;13337,38597
2017;OUT;REGIÃO NORDESTE;ALAGOAS;ÓLEO DIESEL S-10;15842,23579
2017;NOV;REGIÃO NORDESTE;ALAGOAS;ÓLEO DIESEL S-10;16948,62793
2017;DEZ;REGIÃO NORDESTE;ALAGOAS;ÓLEO DIESEL S-10;16772,52576
2017;JAN;REGIÃO NORDESTE;SERGIPE;ÓLEO DIESEL S-10;12736,356
2017;FEV;REGIÃO NORDESTE;SERGIPE;ÓLEO DIESEL S-10;11762,241
2017;MAR;REGIÃO NORDESTE;SERGIPE;ÓLEO DIESEL S-10;13759,201
2017;ABR;REGIÃO NORDESTE;SERGIPE;ÓLEO DIESEL S-10;12472,8
2017;MAI;REGIÃO NORDESTE;SERGIPE;ÓLEO DIESEL S-10;13596,87
2017;JUN;REGIÃO NORDESTE;SERGIPE;ÓLEO DIESEL S-10;12728
2017;JUL;REGIÃO NORDESTE;SERGIPE;ÓLEO DIESEL S-10;12377,447
2017;AGO;REGIÃO NORDESTE;SERGIPE;ÓLEO DIESEL S-10;13721,399
2017;SET;REGIÃO NORDESTE;SERGIPE;ÓLEO DIESEL S-10;12831,22278
2017;OUT;REGIÃO NORDESTE;SERGIPE;ÓLEO DIESEL S-10;14003,92973
2017;NOV;REGIÃO NORDESTE;SERGIPE;ÓLEO DIESEL S-10;14655,99097
2017;DEZ;REGIÃO NORDESTE;SERGIPE;ÓLEO DIESEL S-10;14469,45792
2017;JAN;REGIÃO NORDESTE;BAHIA;ÓLEO DIESEL S-10;85105,147
2017;FEV;REGIÃO NORDESTE;BAHIA;ÓLEO DIESEL S-10;79691,138
2017;MAR;REGIÃO NORDESTE;BAHIA;ÓLEO DIESEL S-10;101275,275
2017;ABR;REGIÃO NORDESTE;BAHIA;ÓLEO DIESEL S-10;92387,035
2017;MAI;REGIÃO NORDESTE;BAHIA;ÓLEO DIESEL S-10;96388,761
2017;JUN;REGIÃO NORDESTE;BAHIA;ÓLEO DIESEL S-10;97592,733
2017;JUL;REGIÃO NORDESTE;BAHIA;ÓLEO DIESEL S-10;101613,209
2017;AGO;REGIÃO NORDESTE;BAHIA;ÓLEO DIESEL S-10;107504,739
2017;SET;REGIÃO NORDESTE;BAHIA;ÓLEO DIESEL S-10;101511,5746
2017;OUT;REGIÃO NORDESTE;BAHIA;ÓLEO DIESEL S-10;107313,0958
2017;NOV;REGIÃO NORDESTE;BAHIA;ÓLEO DIESEL S-10;103468,481
2017;DEZ;REGIÃO NORDESTE;BAHIA;ÓLEO DIESEL S-10;99893,04029
2017;JAN;REGIÃO SUDESTE;MINAS GERAIS;ÓLEO DIESEL S-10;146659,757
2017;FEV;REGIÃO SUDESTE;MINAS GERAIS;ÓLEO DIESEL S-10;144606,594
2017;MAR;REGIÃO SUDESTE;MINAS GERAIS;ÓLEO DIESEL S-10;176243,143
2017;ABR;REGIÃO SUDESTE;MINAS GERAIS;ÓLEO DIESEL S-10;157621,892
2017;MAI;REGIÃO SUDESTE;MINAS GERAIS;ÓLEO DIESEL S-10;176968,791
2017;JUN;REGIÃO SUDESTE;MINAS GERAIS;ÓLEO DIESEL S-10;180603,6
2017;JUL;REGIÃO SUDESTE;MINAS GERAIS;ÓLEO DIESEL S-10;184283,546
2017;AGO;REGIÃO SUDESTE;MINAS GERAIS;ÓLEO DIESEL S-10;193681,184
2017;SET;REGIÃO SUDESTE;MINAS GERAIS;ÓLEO DIESEL S-10;188626,1633
2017;OUT;REGIÃO SUDESTE;MINAS GERAIS;ÓLEO DIESEL S-10;186855,3276
2017;NOV;REGIÃO SUDESTE;MINAS GERAIS;ÓLEO DIESEL S-10;174968,305
2017;DEZ;REGIÃO SUDESTE;MINAS GERAIS;ÓLEO DIESEL S-10;165863,8783
2017;JAN;REGIÃO SUDESTE;ESPÍRITO SANTO;ÓLEO DIESEL S-10;30160,541
2017;FEV;REGIÃO SUDESTE;ESPÍRITO SANTO;ÓLEO DIESEL S-10;25611
2017;MAR;REGIÃO SUDESTE;ESPÍRITO SANTO;ÓLEO DIESEL S-10;33416,5
2017;ABR;REGIÃO SUDESTE;ESPÍRITO SANTO;ÓLEO DIESEL S-10;29403
2017;MAI;REGIÃO SUDESTE;ESPÍRITO SANTO;ÓLEO DIESEL S-10;33718,9
2017;JUN;REGIÃO SUDESTE;ESPÍRITO SANTO;ÓLEO DIESEL S-10;33698,6
2017;JUL;REGIÃO SUDESTE;ESPÍRITO SANTO;ÓLEO DIESEL S-10;33514
2017;AGO;REGIÃO SUDESTE;ESPÍRITO SANTO;ÓLEO DIESEL S-10;37014,743
2017;SET;REGIÃO SUDESTE;ESPÍRITO SANTO;ÓLEO DIESEL S-10;34946,20054
2017;OUT;REGIÃO SUDESTE;ESPÍRITO SANTO;ÓLEO DIESEL S-10;36963,07262
2017;NOV;REGIÃO SUDESTE;ESPÍRITO SANTO;ÓLEO DIESEL S-10;35118,91915
2017;DEZ;REGIÃO SUDESTE;ESPÍRITO SANTO;ÓLEO DIESEL S-10;34507,69724
2017;JAN;REGIÃO SUDESTE;RIO DE JANEIRO;ÓLEO DIESEL S-10;112137,267
2017;FEV;REGIÃO SUDESTE;RIO DE JANEIRO;ÓLEO DIESEL S-10;104032,211
2017;MAR;REGIÃO SUDESTE;RIO DE JANEIRO;ÓLEO DIESEL S-10;118008,481
2017;ABR;REGIÃO SUDESTE;RIO DE JANEIRO;ÓLEO DIESEL S-10;105570,784
2017;MAI;REGIÃO SUDESTE;RIO DE JANEIRO;ÓLEO DIESEL S-10;114517,048
2017;JUN;REGIÃO SUDESTE;RIO DE JANEIRO;ÓLEO DIESEL S-10;111116,238
2017;JUL;REGIÃO SUDESTE;RIO DE JANEIRO;ÓLEO DIESEL S-10;111973,908
2017;AGO;REGIÃO SUDESTE;RIO DE JANEIRO;ÓLEO DIESEL S-10;115654,87
2017;SET;REGIÃO SUDESTE;RIO DE JANEIRO;ÓLEO DIESEL S-10;114017,5951
2017;OUT;REGIÃO SUDESTE;RIO DE JANEIRO;ÓLEO DIESEL S-10;114415,3499
2017;NOV;REGIÃO SUDESTE;RIO DE JANEIRO;ÓLEO DIESEL S-10;111620,9569
2017;DEZ;REGIÃO SUDESTE;RIO DE JANEIRO;ÓLEO DIESEL S-10;117020,0777
2017;JAN;REGIÃO SUDESTE;SÃO PAULO;ÓLEO DIESEL S-10;318133,871
2017;FEV;REGIÃO SUDESTE;SÃO PAULO;ÓLEO DIESEL S-10;328917,179
2017;MAR;REGIÃO SUDESTE;SÃO PAULO;ÓLEO DIESEL S-10;397082,263
2017;ABR;REGIÃO SUDESTE;SÃO PAULO;ÓLEO DIESEL S-10;354551,151
2017;MAI;REGIÃO SUDESTE;SÃO PAULO;ÓLEO DIESEL S-10;403256,289
2017;JUN;REGIÃO SUDESTE;SÃO PAULO;ÓLEO DIESEL S-10;402907,117
2017;JUL;REGIÃO SUDESTE;SÃO PAULO;ÓLEO DIESEL S-10;405667,551
2017;AGO;REGIÃO SUDESTE;SÃO PAULO;ÓLEO DIESEL S-10;435621,237
2017;SET;REGIÃO SUDESTE;SÃO PAULO;ÓLEO DIESEL S-10;419039,1915
2017;OUT;REGIÃO SUDESTE;SÃO PAULO;ÓLEO DIESEL S-10;420345,5387
2017;NOV;REGIÃO SUDESTE;SÃO PAULO;ÓLEO DIESEL S-10;396367,5137
2017;DEZ;REGIÃO SUDESTE;SÃO PAULO;ÓLEO DIESEL S-10;384423,6219
2017;JAN;REGIÃO SUL;PARANÁ;ÓLEO DIESEL S-10;107962,368
2017;FEV;REGIÃO SUL;PARANÁ;ÓLEO DIESEL S-10;110883,004
2017;MAR;REGIÃO SUL;PARANÁ;ÓLEO DIESEL S-10;130676,067
2017;ABR;REGIÃO SUL;PARANÁ;ÓLEO DIESEL S-10;112246,299
2017;MAI;REGIÃO SUL;PARANÁ;ÓLEO DIESEL S-10;125420,262
2017;JUN;REGIÃO SUL;PARANÁ;ÓLEO DIESEL S-10;126479,813
2017;JUL;REGIÃO SUL;PARANÁ;ÓLEO DIESEL S-10;142331,625
2017;AGO;REGIÃO SUL;PARANÁ;ÓLEO DIESEL S-10;136774,708
2017;SET;REGIÃO SUL;PARANÁ;ÓLEO DIESEL S-10;132104,1076
2017;OUT;REGIÃO SUL;PARANÁ;ÓLEO DIESEL S-10;130932,192
2017;NOV;REGIÃO SUL;PARANÁ;ÓLEO DIESEL S-10;129197,8357
2017;DEZ;REGIÃO SUL;PARANÁ;ÓLEO DIESEL S-10;124624,0561
2017;JAN;REGIÃO SUL;SANTA CATARINA;ÓLEO DIESEL S-10;62851,276
2017;FEV;REGIÃO SUL;SANTA CATARINA;ÓLEO DIESEL S-10;60053,849
2017;MAR;REGIÃO SUL;SANTA CATARINA;ÓLEO DIESEL S-10;72776,899
2017;ABR;REGIÃO SUL;SANTA CATARINA;ÓLEO DIESEL S-10;60449,305
2017;MAI;REGIÃO SUL;SANTA CATARINA;ÓLEO DIESEL S-10;67101,23
2017;JUN;REGIÃO SUL;SANTA CATARINA;ÓLEO DIESEL S-10;66035,236
2017;JUL;REGIÃO SUL;SANTA CATARINA;ÓLEO DIESEL S-10;69406,684
2017;AGO;REGIÃO SUL;SANTA CATARINA;ÓLEO DIESEL S-10;72891,352
2017;SET;REGIÃO SUL;SANTA CATARINA;ÓLEO DIESEL S-10;68673,45704
2017;OUT;REGIÃO SUL;SANTA CATARINA;ÓLEO DIESEL S-10;70456,10358
2017;NOV;REGIÃO SUL;SANTA CATARINA;ÓLEO DIESEL S-10;71679,96695
2017;DEZ;REGIÃO SUL;SANTA CATARINA;ÓLEO DIESEL S-10;68235,58749
2017;JAN;REGIÃO SUL;RIO GRANDE DO SUL;ÓLEO DIESEL S-10;67626,464
2017;FEV;REGIÃO SUL;RIO GRANDE DO SUL;ÓLEO DIESEL S-10;64572,771
2017;MAR;REGIÃO SUL;RIO GRANDE DO SUL;ÓLEO DIESEL S-10;83846,944
2017;ABR;REGIÃO SUL;RIO GRANDE DO SUL;ÓLEO DIESEL S-10;72241,202
2017;MAI;REGIÃO SUL;RIO GRANDE DO SUL;ÓLEO DIESEL S-10;76276,17
2017;JUN;REGIÃO SUL;RIO GRANDE DO SUL;ÓLEO DIESEL S-10;76103,848
2017;JUL;REGIÃO SUL;RIO GRANDE DO SUL;ÓLEO DIESEL S-10;77313,958
2017;AGO;REGIÃO SUL;RIO GRANDE DO SUL;ÓLEO DIESEL S-10;78897,58
2017;SET;REGIÃO SUL;RIO GRANDE DO SUL;ÓLEO DIESEL S-10;75486,58157
2017;OUT;REGIÃO SUL;RIO GRANDE DO SUL;ÓLEO DIESEL S-10;79055,71665
2017;NOV;REGIÃO SUL;RIO GRANDE DO SUL;ÓLEO DIESEL S-10;82071,66419
2017;DEZ;REGIÃO SUL;RIO GRANDE DO SUL;ÓLEO DIESEL S-10;78637,65226
2017;JAN;REGIÃO CENTRO-OESTE;MATO GROSSO DO SUL;ÓLEO DIESEL S-10;29993,763
2017;FEV;REGIÃO CENTRO-OESTE;MATO GROSSO DO SUL;ÓLEO DIESEL S-10;36622,771
2017;MAR;REGIÃO CENTRO-OESTE;MATO GROSSO DO SUL;ÓLEO DIESEL S-10;37584,92
2017;ABR;REGIÃO CENTRO-OESTE;MATO GROSSO DO SUL;ÓLEO DIESEL S-10;28553,455
2017;MAI;REGIÃO CENTRO-OESTE;MATO GROSSO DO SUL;ÓLEO DIESEL S-10;31120,58
2017;JUN;REGIÃO CENTRO-OESTE;MATO GROSSO DO SUL;ÓLEO DIESEL S-10;33895,423
2017;JUL;REGIÃO CENTRO-OESTE;MATO GROSSO DO SUL;ÓLEO DIESEL S-10;40679,912
2017;AGO;REGIÃO CENTRO-OESTE;MATO GROSSO DO SUL;ÓLEO DIESEL S-10;39708,2
2017;SET;REGIÃO CENTRO-OESTE;MATO GROSSO DO SUL;ÓLEO DIESEL S-10;39173,88029
2017;OUT;REGIÃO CENTRO-OESTE;MATO GROSSO DO SUL;ÓLEO DIESEL S-10;37885,04433
2017;NOV;REGIÃO CENTRO-OESTE;MATO GROSSO DO SUL;ÓLEO DIESEL S-10;33270,9419
2017;DEZ;REGIÃO CENTRO-OESTE;MATO GROSSO DO SUL;ÓLEO DIESEL S-10;29570,20994
2017;JAN;REGIÃO CENTRO-OESTE;MATO GROSSO;ÓLEO DIESEL S-10;37729
2017;FEV;REGIÃO CENTRO-OESTE;MATO GROSSO;ÓLEO DIESEL S-10;39651,845
2017;MAR;REGIÃO CENTRO-OESTE;MATO GROSSO;ÓLEO DIESEL S-10;43539,235
2017;ABR;REGIÃO CENTRO-OESTE;MATO GROSSO;ÓLEO DIESEL S-10;35671,411
2017;MAI;REGIÃO CENTRO-OESTE;MATO GROSSO;ÓLEO DIESEL S-10;42229,018
2017;JUN;REGIÃO CENTRO-OESTE;MATO GROSSO;ÓLEO DIESEL S-10;46755,28
2017;JUL;REGIÃO CENTRO-OESTE;MATO GROSSO;ÓLEO DIESEL S-10;50177,872
2017;AGO;REGIÃO CENTRO-OESTE;MATO GROSSO;ÓLEO DIESEL S-10;50202,84
2017;SET;REGIÃO CENTRO-OESTE;MATO GROSSO;ÓLEO DIESEL S-10;47978,36707
2017;OUT;REGIÃO CENTRO-OESTE;MATO GROSSO;ÓLEO DIESEL S-10;50090,16187
2017;NOV;REGIÃO CENTRO-OESTE;MATO GROSSO;ÓLEO DIESEL S-10;46206,81783
2017;DEZ;REGIÃO CENTRO-OESTE;MATO GROSSO;ÓLEO DIESEL S-10;41604,49664
2017;JAN;REGIÃO CENTRO-OESTE;GOIÁS;ÓLEO DIESEL S-10;50210,679
2017;FEV;REGIÃO CENTRO-OESTE;GOIÁS;ÓLEO DIESEL S-10;55385,201
2017;MAR;REGIÃO CENTRO-OESTE;GOIÁS;ÓLEO DIESEL S-10;62743,33
2017;ABR;REGIÃO CENTRO-OESTE;GOIÁS;ÓLEO DIESEL S-10;57852,024
2017;MAI;REGIÃO CENTRO-OESTE;GOIÁS;ÓLEO DIESEL S-10;67766,25
2017;JUN;REGIÃO CENTRO-OESTE;GOIÁS;ÓLEO DIESEL S-10;71045,114
2017;JUL;REGIÃO CENTRO-OESTE;GOIÁS;ÓLEO DIESEL S-10;76212,627
2017;AGO;REGIÃO CENTRO-OESTE;GOIÁS;ÓLEO DIESEL S-10;76325,671
2017;SET;REGIÃO CENTRO-OESTE;GOIÁS;ÓLEO DIESEL S-10;71891,24101
2017;OUT;REGIÃO CENTRO-OESTE;GOIÁS;ÓLEO DIESEL S-10;76621,51628
2017;NOV;REGIÃO CENTRO-OESTE;GOIÁS;ÓLEO DIESEL S-10;68953,48907
2017;DEZ;REGIÃO CENTRO-OESTE;GOIÁS;ÓLEO DIESEL S-10;58155,03734
2017;JAN;REGIÃO CENTRO-OESTE;DISTRITO FEDERAL;ÓLEO DIESEL S-10;14653,4
2017;FEV;REGIÃO CENTRO-OESTE;DISTRITO FEDERAL;ÓLEO DIESEL S-10;14694,2
2017;MAR;REGIÃO CENTRO-OESTE;DISTRITO FEDERAL;ÓLEO DIESEL S-10;18133
2017;ABR;REGIÃO CENTRO-OESTE;DISTRITO FEDERAL;ÓLEO DIESEL S-10;15306,742
2017;MAI;REGIÃO CENTRO-OESTE;DISTRITO FEDERAL;ÓLEO DIESEL S-10;17188,9
2017;JUN;REGIÃO CENTRO-OESTE;DISTRITO FEDERAL;ÓLEO DIESEL S-10;16919,6
2017;JUL;REGIÃO CENTRO-OESTE;DISTRITO FEDERAL;ÓLEO DIESEL S-10;16285,4
2017;AGO;REGIÃO CENTRO-OESTE;DISTRITO FEDERAL;ÓLEO DIESEL S-10;18070,8
2017;SET;REGIÃO CENTRO-OESTE;DISTRITO FEDERAL;ÓLEO DIESEL S-10;16891,59178
2017;OUT;REGIÃO CENTRO-OESTE;DISTRITO FEDERAL;ÓLEO DIESEL S-10;17118,00855
2017;NOV;REGIÃO CENTRO-OESTE;DISTRITO FEDERAL;ÓLEO DIESEL S-10;16278,75953
2017;DEZ;REGIÃO CENTRO-OESTE;DISTRITO FEDERAL;ÓLEO DIESEL S-10;17050,1263
2017;JAN;REGIÃO NORTE;RONDÔNIA;ÓLEO DIESEL S-500;41856,67038
2017;FEV;REGIÃO NORTE;RONDÔNIA;ÓLEO DIESEL S-500;47893,7323
2017;MAR;REGIÃO NORTE;RONDÔNIA;ÓLEO DIESEL S-500;55404,72766
2017;ABR;REGIÃO NORTE;RONDÔNIA;ÓLEO DIESEL S-500;47210,77038
2017;MAI;REGIÃO NORTE;RONDÔNIA;ÓLEO DIESEL S-500;51043,12766
2017;JUN;REGIÃO NORTE;RONDÔNIA;ÓLEO DIESEL S-500;52704,78494
2017;JUL;REGIÃO NORTE;RONDÔNIA;ÓLEO DIESEL S-500;58328,89902
2017;AGO;REGIÃO NORTE;RONDÔNIA;ÓLEO DIESEL S-500;55303,99902
2017;SET;REGIÃO NORTE;RONDÔNIA;ÓLEO DIESEL S-500;54399,43843
2017;OUT;REGIÃO NORTE;RONDÔNIA;ÓLEO DIESEL S-500;53888,76043
2017;NOV;REGIÃO NORTE;RONDÔNIA;ÓLEO DIESEL S-500;55838,32772
2017;DEZ;REGIÃO NORTE;RONDÔNIA;ÓLEO DIESEL S-500;48618,93843
2017;JAN;REGIÃO NORTE;ACRE;ÓLEO DIESEL S-500;7720,418114
2017;FEV;REGIÃO NORTE;ACRE;ÓLEO DIESEL S-500;7721,274491
2017;MAR;REGIÃO NORTE;ACRE;ÓLEO DIESEL S-500;8519,489032
2017;ABR;REGIÃO NORTE;ACRE;ÓLEO DIESEL S-500;8579,018114
2017;MAI;REGIÃO NORTE;ACRE;ÓLEO DIESEL S-500;9615,289032
2017;JUN;REGIÃO NORTE;ACRE;ÓLEO DIESEL S-500;10164,15995
2017;JUL;REGIÃO NORTE;ACRE;ÓLEO DIESEL S-500;10240,90357
2017;AGO;REGIÃO NORTE;ACRE;ÓLEO DIESEL S-500;10347,10357
2017;SET;REGIÃO NORTE;ACRE;ÓLEO DIESEL S-500;10878,35816
2017;OUT;REGIÃO NORTE;ACRE;ÓLEO DIESEL S-500;11003,57516
2017;NOV;REGIÃO NORTE;ACRE;ÓLEO DIESEL S-500;9448,831082
2017;DEZ;REGIÃO NORTE;ACRE;ÓLEO DIESEL S-500;8646,583164
2017;JAN;REGIÃO NORTE;AMAZONAS;ÓLEO DIESEL S-500;15090,17612
2017;FEV;REGIÃO NORTE;AMAZONAS;ÓLEO DIESEL S-500;15846,53549
2017;MAR;REGIÃO NORTE;AMAZONAS;ÓLEO DIESEL S-500;36441,02804
2017;ABR;REGIÃO NORTE;AMAZONAS;ÓLEO DIESEL S-500;34188,90012
2017;MAI;REGIÃO NORTE;AMAZONAS;ÓLEO DIESEL S-500;38489,48404
2017;JUN;REGIÃO NORTE;AMAZONAS;ÓLEO DIESEL S-500;36817,62595
2017;JUL;REGIÃO NORTE;AMAZONAS;ÓLEO DIESEL S-500;36000,34458
2017;AGO;REGIÃO NORTE;AMAZONAS;ÓLEO DIESEL S-500;26586,16058
2017;SET;REGIÃO NORTE;AMAZONAS;ÓLEO DIESEL S-500;18140,66416
2017;OUT;REGIÃO NORTE;AMAZONAS;ÓLEO DIESEL S-500;31045,83316
2017;NOV;REGIÃO NORTE;AMAZONAS;ÓLEO DIESEL S-500;27108,75408
2017;DEZ;REGIÃO NORTE;AMAZONAS;ÓLEO DIESEL S-500;24199,21216
2017;JAN;REGIÃO NORTE;RORAIMA;ÓLEO DIESEL S-500;5658,163549
2017;FEV;REGIÃO NORTE;RORAIMA;ÓLEO DIESEL S-500;6262,730839
2017;MAR;REGIÃO NORTE;RORAIMA;ÓLEO DIESEL S-500;6625,541743
2017;ABR;REGIÃO NORTE;RORAIMA;ÓLEO DIESEL S-500;6248,163549
2017;MAI;REGIÃO NORTE;RORAIMA;ÓLEO DIESEL S-500;7189,941743
2017;JUN;REGIÃO NORTE;RORAIMA;ÓLEO DIESEL S-500;4898,119936
2017;JUL;REGIÃO NORTE;RORAIMA;ÓLEO DIESEL S-500;3431,352646
2017;AGO;REGIÃO NORTE;RORAIMA;ÓLEO DIESEL S-500;6236,352646
2017;SET;REGIÃO NORTE;RORAIMA;ÓLEO DIESEL S-500;7247,843613
2017;OUT;REGIÃO NORTE;RORAIMA;ÓLEO DIESEL S-500;8803,207613
2017;NOV;REGIÃO NORTE;RORAIMA;ÓLEO DIESEL S-500;8741,165807
2017;DEZ;REGIÃO NORTE;RORAIMA;ÓLEO DIESEL S-500;8671,942613
2017;JAN;REGIÃO NORTE;PARÁ;ÓLEO DIESEL S-500;90353,83509
2017;FEV;REGIÃO NORTE;PARÁ;ÓLEO DIESEL S-500;83899,47967
2017;MAR;REGIÃO NORTE;PARÁ;ÓLEO DIESEL S-500;103996,4178
2017;ABR;REGIÃO NORTE;PARÁ;ÓLEO DIESEL S-500;92866,60509
2017;MAI;REGIÃO NORTE;PARÁ;ÓLEO DIESEL S-500;114341,1978
2017;JUN;REGIÃO NORTE;PARÁ;ÓLEO DIESEL S-500;109010,2705
2017;JUL;REGIÃO NORTE;PARÁ;ÓLEO DIESEL S-500;100563,0739
2017;AGO;REGIÃO NORTE;PARÁ;ÓLEO DIESEL S-500;119649,9719
2017;SET;REGIÃO NORTE;PARÁ;ÓLEO DIESEL S-500;110407,0916
2017;OUT;REGIÃO NORTE;PARÁ;ÓLEO DIESEL S-500;113703,3316
2017;NOV;REGIÃO NORTE;PARÁ;ÓLEO DIESEL S-500;113364,4313
2017;DEZ;REGIÃO NORTE;PARÁ;ÓLEO DIESEL S-500;103153,8366
2017;JAN;REGIÃO NORTE;AMAPÁ;ÓLEO DIESEL S-500;8236,925729
2017;FEV;REGIÃO NORTE;AMAPÁ;ÓLEO DIESEL S-500;6814,852583
2017;MAR;REGIÃO NORTE;AMAPÁ;ÓLEO DIESEL S-500;8009,863632
2017;ABR;REGIÃO NORTE;AMAPÁ;ÓLEO DIESEL S-500;7312,810729
2017;MAI;REGIÃO NORTE;AMAPÁ;ÓLEO DIESEL S-500;8727,183632
2017;JUN;REGIÃO NORTE;AMAPÁ;ÓLEO DIESEL S-500;8270,621534
2017;JUL;REGIÃO NORTE;AMAPÁ;ÓLEO DIESEL S-500;8099,15468
2017;AGO;REGIÃO NORTE;AMAPÁ;ÓLEO DIESEL S-500;8512,15468
2017;SET;REGIÃO NORTE;AMAPÁ;ÓLEO DIESEL S-500;7971,173194
2017;OUT;REGIÃO NORTE;AMAPÁ;ÓLEO DIESEL S-500;8105,959194
2017;NOV;REGIÃO NORTE;AMAPÁ;ÓLEO DIESEL S-500;7939,049097
2017;DEZ;REGIÃO NORTE;AMAPÁ;ÓLEO DIESEL S-500;6906,321194
2017;JAN;REGIÃO NORTE;TOCANTINS;ÓLEO DIESEL S-500;39138,6791
2017;FEV;REGIÃO NORTE;TOCANTINS;ÓLEO DIESEL S-500;41313,19728
2017;MAR;REGIÃO NORTE;TOCANTINS;ÓLEO DIESEL S-500;57554,15455
2017;ABR;REGIÃO NORTE;TOCANTINS;ÓLEO DIESEL S-500;47545,1391
2017;MAI;REGIÃO NORTE;TOCANTINS;ÓLEO DIESEL S-500;51181,01855
2017;JUN;REGIÃO NORTE;TOCANTINS;ÓLEO DIESEL S-500;50316,19001
2017;JUL;REGIÃO NORTE;TOCANTINS;ÓLEO DIESEL S-500;51619,43183
2017;AGO;REGIÃO NORTE;TOCANTINS;ÓLEO DIESEL S-500;54817,02183
2017;SET;REGIÃO NORTE;TOCANTINS;ÓLEO DIESEL S-500;52605,37409
2017;OUT;REGIÃO NORTE;TOCANTINS;ÓLEO DIESEL S-500;55047,32809
2017;NOV;REGIÃO NORTE;TOCANTINS;ÓLEO DIESEL S-500;55548,30455
2017;DEZ;REGIÃO NORTE;TOCANTINS;ÓLEO DIESEL S-500;48295,42609
2017;JAN;REGIÃO NORDESTE;MARANHÃO;ÓLEO DIESEL S-500;67159,1572
2017;FEV;REGIÃO NORDESTE;MARANHÃO;ÓLEO DIESEL S-500;58409,65796
2017;MAR;REGIÃO NORDESTE;MARANHÃO;ÓLEO DIESEL S-500;71548,23638
2017;ABR;REGIÃO NORDESTE;MARANHÃO;ÓLEO DIESEL S-500;66890,6612
2017;MAI;REGIÃO NORDESTE;MARANHÃO;ÓLEO DIESEL S-500;69166,95538
2017;JUN;REGIÃO NORDESTE;MARANHÃO;ÓLEO DIESEL S-500;71007,94355
2017;JUL;REGIÃO NORDESTE;MARANHÃO;ÓLEO DIESEL S-500;70163,23079
2017;AGO;REGIÃO NORDESTE;MARANHÃO;ÓLEO DIESEL S-500;74075,86279
2017;SET;REGIÃO NORDESTE;MARANHÃO;ÓLEO DIESEL S-500;72332,97265
2017;OUT;REGIÃO NORDESTE;MARANHÃO;ÓLEO DIESEL S-500;75821,05665
2017;NOV;REGIÃO NORDESTE;MARANHÃO;ÓLEO DIESEL S-500;75001,49283
2017;DEZ;REGIÃO NORDESTE;MARANHÃO;ÓLEO DIESEL S-500;73772,76865
2017;JAN;REGIÃO NORDESTE;PIAUÍ;ÓLEO DIESEL S-500;20342,04096
2017;FEV;REGIÃO NORDESTE;PIAUÍ;ÓLEO DIESEL S-500;17467,44277
2017;MAR;REGIÃO NORDESTE;PIAUÍ;ÓLEO DIESEL S-500;22677,29883
2017;ABR;REGIÃO NORDESTE;PIAUÍ;ÓLEO DIESEL S-500;22753,69096
2017;MAI;REGIÃO NORDESTE;PIAUÍ;ÓLEO DIESEL S-500;22511,29883
2017;JUN;REGIÃO NORDESTE;PIAUÍ;ÓLEO DIESEL S-500;23134,3067
2017;JUL;REGIÃO NORDESTE;PIAUÍ;ÓLEO DIESEL S-500;22976,3949
2017;AGO;REGIÃO NORDESTE;PIAUÍ;ÓLEO DIESEL S-500;23601,7849
2017;SET;REGIÃO NORDESTE;PIAUÍ;ÓLEO DIESEL S-500;22419,42426
2017;OUT;REGIÃO NORDESTE;PIAUÍ;ÓLEO DIESEL S-500;22658,35426
2017;NOV;REGIÃO NORDESTE;PIAUÍ;ÓLEO DIESEL S-500;23851,95913
2017;DEZ;REGIÃO NORDESTE;PIAUÍ;ÓLEO DIESEL S-500;22716,46426
2017;JAN;REGIÃO NORDESTE;CEARÁ;ÓLEO DIESEL S-500;23706,43661
2017;FEV;REGIÃO NORDESTE;CEARÁ;ÓLEO DIESEL S-500;21138,87449
2017;MAR;REGIÃO NORDESTE;CEARÁ;ÓLEO DIESEL S-500;22156,60553
2017;ABR;REGIÃO NORDESTE;CEARÁ;ÓLEO DIESEL S-500;18177,17561
2017;MAI;REGIÃO NORDESTE;CEARÁ;ÓLEO DIESEL S-500;22461,23553
2017;JUN;REGIÃO NORDESTE;CEARÁ;ÓLEO DIESEL S-500;22100,94545
2017;JUL;REGIÃO NORDESTE;CEARÁ;ÓLEO DIESEL S-500;22216,23057
2017;AGO;REGIÃO NORDESTE;CEARÁ;ÓLEO DIESEL S-500;23857,83057
2017;SET;REGIÃO NORDESTE;CEARÁ;ÓLEO DIESEL S-500;22848,80516
2017;OUT;REGIÃO NORDESTE;CEARÁ;ÓLEO DIESEL S-500;22848,27616
2017;NOV;REGIÃO NORDESTE;CEARÁ;ÓLEO DIESEL S-500;22657,22908
2017;DEZ;REGIÃO NORDESTE;CEARÁ;ÓLEO DIESEL S-500;22082,12816
2017;JAN;REGIÃO NORDESTE;RIO GRANDE DO NORTE;ÓLEO DIESEL S-500;25547,66595
2017;FEV;REGIÃO NORDESTE;RIO GRANDE DO NORTE;ÓLEO DIESEL S-500;23607,53276
2017;MAR;REGIÃO NORDESTE;RIO GRANDE DO NORTE;ÓLEO DIESEL S-500;30657,75715
2017;ABR;REGIÃO NORDESTE;RIO GRANDE DO NORTE;ÓLEO DIESEL S-500;22856,66595
2017;MAI;REGIÃO NORDESTE;RIO GRANDE DO NORTE;ÓLEO DIESEL S-500;25405,57715
2017;JUN;REGIÃO NORDESTE;RIO GRANDE DO NORTE;ÓLEO DIESEL S-500;24852,58836
2017;JUL;REGIÃO NORDESTE;RIO GRANDE DO NORTE;ÓLEO DIESEL S-500;24414,32155
2017;AGO;REGIÃO NORDESTE;RIO GRANDE DO NORTE;ÓLEO DIESEL S-500;26370,05555
2017;SET;REGIÃO NORDESTE;RIO GRANDE DO NORTE;ÓLEO DIESEL S-500;26443,94759
2017;OUT;REGIÃO NORDESTE;RIO GRANDE DO NORTE;ÓLEO DIESEL S-500;32080,62859
2017;NOV;REGIÃO NORDESTE;RIO GRANDE DO NORTE;ÓLEO DIESEL S-500;26267,89779
2017;DEZ;REGIÃO NORDESTE;RIO GRANDE DO NORTE;ÓLEO DIESEL S-500;25197,16859
2017;JAN;REGIÃO NORDESTE;PARAÍBA;ÓLEO DIESEL S-500;19067,90504
2017;FEV;REGIÃO NORDESTE;PARAÍBA;ÓLEO DIESEL S-500;17958,98604
2017;MAR;REGIÃO NORDESTE;PARAÍBA;ÓLEO DIESEL S-500;20186,59904
2017;ABR;REGIÃO NORDESTE;PARAÍBA;ÓLEO DIESEL S-500;17357,63504
2017;MAI;REGIÃO NORDESTE;PARAÍBA;ÓLEO DIESEL S-500;18919,11904
2017;JUN;REGIÃO NORDESTE;PARAÍBA;ÓLEO DIESEL S-500;17542,84303
2017;JUL;REGIÃO NORDESTE;PARAÍBA;ÓLEO DIESEL S-500;16971,63204
2017;AGO;REGIÃO NORDESTE;PARAÍBA;ÓLEO DIESEL S-500;19121,61204
2017;SET;REGIÃO NORDESTE;PARAÍBA;ÓLEO DIESEL S-500;18807,57201
2017;OUT;REGIÃO NORDESTE;PARAÍBA;ÓLEO DIESEL S-500;19654,06601
2017;NOV;REGIÃO NORDESTE;PARAÍBA;ÓLEO DIESEL S-500;19304,43801
2017;DEZ;REGIÃO NORDESTE;PARAÍBA;ÓLEO DIESEL S-500;19750,25201
2017;JAN;REGIÃO NORDESTE;PERNAMBUCO;ÓLEO DIESEL S-500;23163,77175
2017;FEV;REGIÃO NORDESTE;PERNAMBUCO;ÓLEO DIESEL S-500;18007,7074
2017;MAR;REGIÃO NORDESTE;PERNAMBUCO;ÓLEO DIESEL S-500;19918,27885
2017;ABR;REGIÃO NORDESTE;PERNAMBUCO;ÓLEO DIESEL S-500;15402,94675
2017;MAI;REGIÃO NORDESTE;PERNAMBUCO;ÓLEO DIESEL S-500;16992,47385
2017;JUN;REGIÃO NORDESTE;PERNAMBUCO;ÓLEO DIESEL S-500;14425,41095
2017;JUL;REGIÃO NORDESTE;PERNAMBUCO;ÓLEO DIESEL S-500;14902,7153
2017;AGO;REGIÃO NORDESTE;PERNAMBUCO;ÓLEO DIESEL S-500;15571,9993
2017;SET;REGIÃO NORDESTE;PERNAMBUCO;ÓLEO DIESEL S-500;15071,7178
2017;OUT;REGIÃO NORDESTE;PERNAMBUCO;ÓLEO DIESEL S-500;14607,6148
2017;NOV;REGIÃO NORDESTE;PERNAMBUCO;ÓLEO DIESEL S-500;13537,8659
2017;DEZ;REGIÃO NORDESTE;PERNAMBUCO;ÓLEO DIESEL S-500;12651,5268
2017;JAN;REGIÃO NORDESTE;ALAGOAS;ÓLEO DIESEL S-500;20912,37632
2017;FEV;REGIÃO NORDESTE;ALAGOAS;ÓLEO DIESEL S-500;17127,92106
2017;MAR;REGIÃO NORDESTE;ALAGOAS;ÓLEO DIESEL S-500;16871,45615
2017;ABR;REGIÃO NORDESTE;ALAGOAS;ÓLEO DIESEL S-500;13242,52632
2017;MAI;REGIÃO NORDESTE;ALAGOAS;ÓLEO DIESEL S-500;14414,95615
2017;JUN;REGIÃO NORDESTE;ALAGOAS;ÓLEO DIESEL S-500;12512,38597
2017;JUL;REGIÃO NORDESTE;ALAGOAS;ÓLEO DIESEL S-500;12415,49123
2017;AGO;REGIÃO NORDESTE;ALAGOAS;ÓLEO DIESEL S-500;14079,74123
2017;SET;REGIÃO NORDESTE;ALAGOAS;ÓLEO DIESEL S-500;14211,28835
2017;OUT;REGIÃO NORDESTE;ALAGOAS;ÓLEO DIESEL S-500;16591,60835
2017;NOV;REGIÃO NORDESTE;ALAGOAS;ÓLEO DIESEL S-500;17385,97118
2017;DEZ;REGIÃO NORDESTE;ALAGOAS;ÓLEO DIESEL S-500;18121,43235
2017;JAN;REGIÃO NORDESTE;SERGIPE;ÓLEO DIESEL S-500;13472,14288
2017;FEV;REGIÃO NORDESTE;SERGIPE;ÓLEO DIESEL S-500;12020,3543
2017;MAR;REGIÃO NORDESTE;SERGIPE;ÓLEO DIESEL S-500;13446,48483
2017;ABR;REGIÃO NORDESTE;SERGIPE;ÓLEO DIESEL S-500;12397,54288
2017;MAI;REGIÃO NORDESTE;SERGIPE;ÓLEO DIESEL S-500;13764,58383
2017;JUN;REGIÃO NORDESTE;SERGIPE;ÓLEO DIESEL S-500;12073,52478
2017;JUL;REGIÃO NORDESTE;SERGIPE;ÓLEO DIESEL S-500;10957,91335
2017;AGO;REGIÃO NORDESTE;SERGIPE;ÓLEO DIESEL S-500;12475,83135
2017;SET;REGIÃO NORDESTE;SERGIPE;ÓLEO DIESEL S-500;11436,2181
2017;OUT;REGIÃO NORDESTE;SERGIPE;ÓLEO DIESEL S-500;12440,0441
2017;NOV;REGIÃO NORDESTE;SERGIPE;ÓLEO DIESEL S-500;13670,34205
2017;DEZ;REGIÃO NORDESTE;SERGIPE;ÓLEO DIESEL S-500;12950,1791
2017;JAN;REGIÃO NORDESTE;BAHIA;ÓLEO DIESEL S-500;144556,1341
2017;FEV;REGIÃO NORDESTE;BAHIA;ÓLEO DIESEL S-500;131981,1265
2017;MAR;REGIÃO NORDESTE;BAHIA;ÓLEO DIESEL S-500;167034,8943
2017;ABR;REGIÃO NORDESTE;BAHIA;ÓLEO DIESEL S-500;155804,2591
2017;MAI;REGIÃO NORDESTE;BAHIA;ÓLEO DIESEL S-500;161859,6023
2017;JUN;REGIÃO NORDESTE;BAHIA;ÓLEO DIESEL S-500;153767,7946
2017;JUL;REGIÃO NORDESTE;BAHIA;ÓLEO DIESEL S-500;157867,5672
2017;AGO;REGIÃO NORDESTE;BAHIA;ÓLEO DIESEL S-500;166560,3452
2017;SET;REGIÃO NORDESTE;BAHIA;ÓLEO DIESEL S-500;160526,2125
2017;OUT;REGIÃO NORDESTE;BAHIA;ÓLEO DIESEL S-500;167179,1615
2017;NOV;REGIÃO NORDESTE;BAHIA;ÓLEO DIESEL S-500;159233,9117
2017;DEZ;REGIÃO NORDESTE;BAHIA;ÓLEO DIESEL S-500;144856,8485
2017;JAN;REGIÃO SUDESTE;MINAS GERAIS;ÓLEO DIESEL S-500;355793,7657
2017;FEV;REGIÃO SUDESTE;MINAS GERAIS;ÓLEO DIESEL S-500;353382,3142
2017;MAR;REGIÃO SUDESTE;MINAS GERAIS;ÓLEO DIESEL S-500;428865,385
2017;ABR;REGIÃO SUDESTE;MINAS GERAIS;ÓLEO DIESEL S-500;367761,5477
2017;MAI;REGIÃO SUDESTE;MINAS GERAIS;ÓLEO DIESEL S-500;409852,083
2017;JUN;REGIÃO SUDESTE;MINAS GERAIS;ÓLEO DIESEL S-500;416800,0553
2017;JUL;REGIÃO SUDESTE;MINAS GERAIS;ÓLEO DIESEL S-500;418563,4049
2017;AGO;REGIÃO SUDESTE;MINAS GERAIS;ÓLEO DIESEL S-500;435941,3279
2017;SET;REGIÃO SUDESTE;MINAS GERAIS;ÓLEO DIESEL S-500;424921,5664
2017;OUT;REGIÃO SUDESTE;MINAS GERAIS;ÓLEO DIESEL S-500;428249,7764
2017;NOV;REGIÃO SUDESTE;MINAS GERAIS;ÓLEO DIESEL S-500;402587,3127
2017;DEZ;REGIÃO SUDESTE;MINAS GERAIS;ÓLEO DIESEL S-500;360507,2294
2017;JAN;REGIÃO SUDESTE;ESPÍRITO SANTO;ÓLEO DIESEL S-500;47888,08337
2017;FEV;REGIÃO SUDESTE;ESPÍRITO SANTO;ÓLEO DIESEL S-500;39962,1885
2017;MAR;REGIÃO SUDESTE;ESPÍRITO SANTO;ÓLEO DIESEL S-500;51268,69045
2017;ABR;REGIÃO SUDESTE;ESPÍRITO SANTO;ÓLEO DIESEL S-500;44345,02637
2017;MAI;REGIÃO SUDESTE;ESPÍRITO SANTO;ÓLEO DIESEL S-500;49243,25445
2017;JUN;REGIÃO SUDESTE;ESPÍRITO SANTO;ÓLEO DIESEL S-500;48389,31554
2017;JUL;REGIÃO SUDESTE;ESPÍRITO SANTO;ÓLEO DIESEL S-500;44006,00641
2017;AGO;REGIÃO SUDESTE;ESPÍRITO SANTO;ÓLEO DIESEL S-500;51379,49441
2017;SET;REGIÃO SUDESTE;ESPÍRITO SANTO;ÓLEO DIESEL S-500;47801,36683
2017;OUT;REGIÃO SUDESTE;ESPÍRITO SANTO;ÓLEO DIESEL S-500;49749,27983
2017;NOV;REGIÃO SUDESTE;ESPÍRITO SANTO;ÓLEO DIESEL S-500;47527,80292
2017;DEZ;REGIÃO SUDESTE;ESPÍRITO SANTO;ÓLEO DIESEL S-500;44654,65183
2017;JAN;REGIÃO SUDESTE;RIO DE JANEIRO;ÓLEO DIESEL S-500;71515,3975
2017;FEV;REGIÃO SUDESTE;RIO DE JANEIRO;ÓLEO DIESEL S-500;62598,2912
2017;MAR;REGIÃO SUDESTE;RIO DE JANEIRO;ÓLEO DIESEL S-500;76945,6423
2017;ABR;REGIÃO SUDESTE;RIO DE JANEIRO;ÓLEO DIESEL S-500;64260,3315
2017;MAI;REGIÃO SUDESTE;RIO DE JANEIRO;ÓLEO DIESEL S-500;72855,7033
2017;JUN;REGIÃO SUDESTE;RIO DE JANEIRO;ÓLEO DIESEL S-500;64912,8211
2017;JUL;REGIÃO SUDESTE;RIO DE JANEIRO;ÓLEO DIESEL S-500;69635,5034
2017;AGO;REGIÃO SUDESTE;RIO DE JANEIRO;ÓLEO DIESEL S-500;69953,4654
2017;SET;REGIÃO SUDESTE;RIO DE JANEIRO;ÓLEO DIESEL S-500;68795,0464
2017;OUT;REGIÃO SUDESTE;RIO DE JANEIRO;ÓLEO DIESEL S-500;70889,5784
2017;NOV;REGIÃO SUDESTE;RIO DE JANEIRO;ÓLEO DIESEL S-500;64851,9682
2017;DEZ;REGIÃO SUDESTE;RIO DE JANEIRO;ÓLEO DIESEL S-500;65155,0464
2017;JAN;REGIÃO SUDESTE;SÃO PAULO;ÓLEO DIESEL S-500;446842,0101
2017;FEV;REGIÃO SUDESTE;SÃO PAULO;ÓLEO DIESEL S-500;506485,7669
2017;MAR;REGIÃO SUDESTE;SÃO PAULO;ÓLEO DIESEL S-500;625491,3193
2017;ABR;REGIÃO SUDESTE;SÃO PAULO;ÓLEO DIESEL S-500;563402,2511
2017;MAI;REGIÃO SUDESTE;SÃO PAULO;ÓLEO DIESEL S-500;653166,5103
2017;JUN;REGIÃO SUDESTE;SÃO PAULO;ÓLEO DIESEL S-500;668705,2385
2017;JUL;REGIÃO SUDESTE;SÃO PAULO;ÓLEO DIESEL S-500;680294,1187
2017;AGO;REGIÃO SUDESTE;SÃO PAULO;ÓLEO DIESEL S-500;700036,3947
2017;SET;REGIÃO SUDESTE;SÃO PAULO;ÓLEO DIESEL S-500;690004,5246
2017;OUT;REGIÃO SUDESTE;SÃO PAULO;ÓLEO DIESEL S-500;670377,3816
2017;NOV;REGIÃO SUDESTE;SÃO PAULO;ÓLEO DIESEL S-500;597743,5288
2017;DEZ;REGIÃO SUDESTE;SÃO PAULO;ÓLEO DIESEL S-500;521410,5236
2017;JAN;REGIÃO SUL;PARANÁ;ÓLEO DIESEL S-500;273014,8707
2017;FEV;REGIÃO SUL;PARANÁ;ÓLEO DIESEL S-500;321413,4913
2017;MAR;REGIÃO SUL;PARANÁ;ÓLEO DIESEL S-500;359669,9161
2017;ABR;REGIÃO SUL;PARANÁ;ÓLEO DIESEL S-500;268891,7317
2017;MAI;REGIÃO SUL;PARANÁ;ÓLEO DIESEL S-500;307494,2001
2017;JUN;REGIÃO SUL;PARANÁ;ÓLEO DIESEL S-500;320905,9426
2017;JUL;REGIÃO SUL;PARANÁ;ÓLEO DIESEL S-500;360256,0569
2017;AGO;REGIÃO SUL;PARANÁ;ÓLEO DIESEL S-500;356383,5439
2017;SET;REGIÃO SUL;PARANÁ;ÓLEO DIESEL S-500;347863,9821
2017;OUT;REGIÃO SUL;PARANÁ;ÓLEO DIESEL S-500;322926,9191
2017;NOV;REGIÃO SUL;PARANÁ;ÓLEO DIESEL S-500;301991,1196
2017;DEZ;REGIÃO SUL;PARANÁ;ÓLEO DIESEL S-500;269820,7991
2017;JAN;REGIÃO SUL;SANTA CATARINA;ÓLEO DIESEL S-500;122856,075
2017;FEV;REGIÃO SUL;SANTA CATARINA;ÓLEO DIESEL S-500;120846,3508
2017;MAR;REGIÃO SUL;SANTA CATARINA;ÓLEO DIESEL S-500;151269,1075
2017;ABR;REGIÃO SUL;SANTA CATARINA;ÓLEO DIESEL S-500;125616,143
2017;MAI;REGIÃO SUL;SANTA CATARINA;ÓLEO DIESEL S-500;134552,2185
2017;JUN;REGIÃO SUL;SANTA CATARINA;ÓLEO DIESEL S-500;127460,255
2017;JUL;REGIÃO SUL;SANTA CATARINA;ÓLEO DIESEL S-500;133365,5182
2017;AGO;REGIÃO SUL;SANTA CATARINA;ÓLEO DIESEL S-500;139493,7022
2017;SET;REGIÃO SUL;SANTA CATARINA;ÓLEO DIESEL S-500;134026,0429
2017;OUT;REGIÃO SUL;SANTA CATARINA;ÓLEO DIESEL S-500;133373,6569
2017;NOV;REGIÃO SUL;SANTA CATARINA;ÓLEO DIESEL S-500;133793,0135
2017;DEZ;REGIÃO SUL;SANTA CATARINA;ÓLEO DIESEL S-500;118389,1739
2017;JAN;REGIÃO SUL;RIO GRANDE DO SUL;ÓLEO DIESEL S-500;183839,4344
2017;FEV;REGIÃO SUL;RIO GRANDE DO SUL;ÓLEO DIESEL S-500;181483,2685
2017;MAR;REGIÃO SUL;RIO GRANDE DO SUL;ÓLEO DIESEL S-500;298873,8215
2017;ABR;REGIÃO SUL;RIO GRANDE DO SUL;ÓLEO DIESEL S-500;242942,2784
2017;MAI;REGIÃO SUL;RIO GRANDE DO SUL;ÓLEO DIESEL S-500;208033,8665
2017;JUN;REGIÃO SUL;RIO GRANDE DO SUL;ÓLEO DIESEL S-500;203321,1986
2017;JUL;REGIÃO SUL;RIO GRANDE DO SUL;ÓLEO DIESEL S-500;207965,6165
2017;AGO;REGIÃO SUL;RIO GRANDE DO SUL;ÓLEO DIESEL S-500;208863,3485
2017;SET;REGIÃO SUL;RIO GRANDE DO SUL;ÓLEO DIESEL S-500;205683,5458
2017;OUT;REGIÃO SUL;RIO GRANDE DO SUL;ÓLEO DIESEL S-500;227654,9738
2017;NOV;REGIÃO SUL;RIO GRANDE DO SUL;ÓLEO DIESEL S-500;237170,9799
2017;DEZ;REGIÃO SUL;RIO GRANDE DO SUL;ÓLEO DIESEL S-500;184619,7688
2017;JAN;REGIÃO CENTRO-OESTE;MATO GROSSO DO SUL;ÓLEO DIESEL S-500;60182,30321
2017;FEV;REGIÃO CENTRO-OESTE;MATO GROSSO DO SUL;ÓLEO DIESEL S-500;75912,30377
2017;MAR;REGIÃO CENTRO-OESTE;MATO GROSSO DO SUL;ÓLEO DIESEL S-500;77385,27025
2017;ABR;REGIÃO CENTRO-OESTE;MATO GROSSO DO SUL;ÓLEO DIESEL S-500;55817,75221
2017;MAI;REGIÃO CENTRO-OESTE;MATO GROSSO DO SUL;ÓLEO DIESEL S-500;60453,20925
2017;JUN;REGIÃO CENTRO-OESTE;MATO GROSSO DO SUL;ÓLEO DIESEL S-500;69105,20329
2017;JUL;REGIÃO CENTRO-OESTE;MATO GROSSO DO SUL;ÓLEO DIESEL S-500;85366,52473
2017;AGO;REGIÃO CENTRO-OESTE;MATO GROSSO DO SUL;ÓLEO DIESEL S-500;79367,41073
2017;SET;REGIÃO CENTRO-OESTE;MATO GROSSO DO SUL;ÓLEO DIESEL S-500;76974,10992
2017;OUT;REGIÃO CENTRO-OESTE;MATO GROSSO DO SUL;ÓLEO DIESEL S-500;74559,98092
2017;NOV;REGIÃO CENTRO-OESTE;MATO GROSSO DO SUL;ÓLEO DIESEL S-500;61542,29696
2017;DEZ;REGIÃO CENTRO-OESTE;MATO GROSSO DO SUL;ÓLEO DIESEL S-500;48095,18192
2017;JAN;REGIÃO CENTRO-OESTE;MATO GROSSO;ÓLEO DIESEL S-500;179747,3445
2017;FEV;REGIÃO CENTRO-OESTE;MATO GROSSO;ÓLEO DIESEL S-500;205096,5072
2017;MAR;REGIÃO CENTRO-OESTE;MATO GROSSO;ÓLEO DIESEL S-500;194822,0453
2017;ABR;REGIÃO CENTRO-OESTE;MATO GROSSO;ÓLEO DIESEL S-500;133209,0135
2017;MAI;REGIÃO CENTRO-OESTE;MATO GROSSO;ÓLEO DIESEL S-500;160788,1053
2017;JUN;REGIÃO CENTRO-OESTE;MATO GROSSO;ÓLEO DIESEL S-500;194169,7991
2017;JUL;REGIÃO CENTRO-OESTE;MATO GROSSO;ÓLEO DIESEL S-500;206781,9434
2017;AGO;REGIÃO CENTRO-OESTE;MATO GROSSO;ÓLEO DIESEL S-500;194420,8734
2017;SET;REGIÃO CENTRO-OESTE;MATO GROSSO;ÓLEO DIESEL S-500;189270,1174
2017;OUT;REGIÃO CENTRO-OESTE;MATO GROSSO;ÓLEO DIESEL S-500;203344,6894
2017;NOV;REGIÃO CENTRO-OESTE;MATO GROSSO;ÓLEO DIESEL S-500;175128,0962
2017;DEZ;REGIÃO CENTRO-OESTE;MATO GROSSO;ÓLEO DIESEL S-500;141785,1504
2017;JAN;REGIÃO CENTRO-OESTE;GOIÁS;ÓLEO DIESEL S-500;126175,1535
2017;FEV;REGIÃO CENTRO-OESTE;GOIÁS;ÓLEO DIESEL S-500;146851,7204
2017;MAR;REGIÃO CENTRO-OESTE;GOIÁS;ÓLEO DIESEL S-500;162069,8987
2017;ABR;REGIÃO CENTRO-OESTE;GOIÁS;ÓLEO DIESEL S-500;129342,1635
2017;MAI;REGIÃO CENTRO-OESTE;GOIÁS;ÓLEO DIESEL S-500;155370,0157
2017;JUN;REGIÃO CENTRO-OESTE;GOIÁS;ÓLEO DIESEL S-500;169228,091
2017;JUL;REGIÃO CENTRO-OESTE;GOIÁS;ÓLEO DIESEL S-500;176996,6941
2017;AGO;REGIÃO CENTRO-OESTE;GOIÁS;ÓLEO DIESEL S-500;179252,1931
2017;SET;REGIÃO CENTRO-OESTE;GOIÁS;ÓLEO DIESEL S-500;175311,1945
2017;OUT;REGIÃO CENTRO-OESTE;GOIÁS;ÓLEO DIESEL S-500;180811,1735
2017;NOV;REGIÃO CENTRO-OESTE;GOIÁS;ÓLEO DIESEL S-500;156101,4497
2017;DEZ;REGIÃO CENTRO-OESTE;GOIÁS;ÓLEO DIESEL S-500;121867,2045
2017;JAN;REGIÃO CENTRO-OESTE;DISTRITO FEDERAL;ÓLEO DIESEL S-500;13175,13425
2017;FEV;REGIÃO CENTRO-OESTE;DISTRITO FEDERAL;ÓLEO DIESEL S-500;12619,5774
2017;MAR;REGIÃO CENTRO-OESTE;DISTRITO FEDERAL;ÓLEO DIESEL S-500;15383,66301
2017;ABR;REGIÃO CENTRO-OESTE;DISTRITO FEDERAL;ÓLEO DIESEL S-500;13054,73425
2017;MAI;REGIÃO CENTRO-OESTE;DISTRITO FEDERAL;ÓLEO DIESEL S-500;14245,04301
2017;JUN;REGIÃO CENTRO-OESTE;DISTRITO FEDERAL;ÓLEO DIESEL S-500;13549,29178
2017;JUL;REGIÃO CENTRO-OESTE;DISTRITO FEDERAL;ÓLEO DIESEL S-500;12875,29863
2017;AGO;REGIÃO CENTRO-OESTE;DISTRITO FEDERAL;ÓLEO DIESEL S-500;14474,44663
2017;SET;REGIÃO CENTRO-OESTE;DISTRITO FEDERAL;ÓLEO DIESEL S-500;13562,01947
2017;OUT;REGIÃO CENTRO-OESTE;DISTRITO FEDERAL;ÓLEO DIESEL S-500;13908,34147
2017;NOV;REGIÃO CENTRO-OESTE;DISTRITO FEDERAL;ÓLEO DIESEL S-500;13100,59123
2017;DEZ;REGIÃO CENTRO-OESTE;DISTRITO FEDERAL;ÓLEO DIESEL S-500;12085,68947
2017;JAN;REGIÃO NORTE;RONDÔNIA;ÓLEO DIESEL S-1800;33
2017;FEV;REGIÃO NORTE;RONDÔNIA;ÓLEO DIESEL S-1800;40
2017;MAR;REGIÃO NORTE;RONDÔNIA;ÓLEO DIESEL S-1800;104
2017;ABR;REGIÃO NORTE;RONDÔNIA;ÓLEO DIESEL S-1800;45
2017;MAI;REGIÃO NORTE;RONDÔNIA;ÓLEO DIESEL S-1800;62
2017;JUN;REGIÃO NORTE;RONDÔNIA;ÓLEO DIESEL S-1800;148
2017;JUL;REGIÃO NORTE;RONDÔNIA;ÓLEO DIESEL S-1800;0
2017;AGO;REGIÃO NORTE;RONDÔNIA;ÓLEO DIESEL S-1800;0
2017;SET;REGIÃO NORTE;RONDÔNIA;ÓLEO DIESEL S-1800;0
2017;OUT;REGIÃO NORTE;RONDÔNIA;ÓLEO DIESEL S-1800;0
2017;NOV;REGIÃO NORTE;RONDÔNIA;ÓLEO DIESEL S-1800;0
2017;DEZ;REGIÃO NORTE;RONDÔNIA;ÓLEO DIESEL S-1800;0
2017;JAN;REGIÃO NORTE;ACRE;ÓLEO DIESEL S-1800;0
2017;FEV;REGIÃO NORTE;ACRE;ÓLEO DIESEL S-1800;0
2017;MAR;REGIÃO NORTE;ACRE;ÓLEO DIESEL S-1800;0
2017;ABR;REGIÃO NORTE;ACRE;ÓLEO DIESEL S-1800;0
2017;MAI;REGIÃO NORTE;ACRE;ÓLEO DIESEL S-1800;0
2017;JUN;REGIÃO NORTE;ACRE;ÓLEO DIESEL S-1800;0
2017;JUL;REGIÃO NORTE;ACRE;ÓLEO DIESEL S-1800;0
2017;AGO;REGIÃO NORTE;ACRE;ÓLEO DIESEL S-1800;0
2017;SET;REGIÃO NORTE;ACRE;ÓLEO DIESEL S-1800;0
2017;OUT;REGIÃO NORTE;ACRE;ÓLEO DIESEL S-1800;0
2017;NOV;REGIÃO NORTE;ACRE;ÓLEO DIESEL S-1800;0
2017;DEZ;REGIÃO NORTE;ACRE;ÓLEO DIESEL S-1800;0
2017;JAN;REGIÃO NORTE;AMAZONAS;ÓLEO DIESEL S-1800;22383,354
2017;FEV;REGIÃO NORTE;AMAZONAS;ÓLEO DIESEL S-1800;28552,455
2017;MAR;REGIÃO NORTE;AMAZONAS;ÓLEO DIESEL S-1800;8111,411
2017;ABR;REGIÃO NORTE;AMAZONAS;ÓLEO DIESEL S-1800;15154,03
2017;MAI;REGIÃO NORTE;AMAZONAS;ÓLEO DIESEL S-1800;35119,034
2017;JUN;REGIÃO NORTE;AMAZONAS;ÓLEO DIESEL S-1800;42191,883
2017;JUL;REGIÃO NORTE;AMAZONAS;ÓLEO DIESEL S-1800;42542,314
2017;AGO;REGIÃO NORTE;AMAZONAS;ÓLEO DIESEL S-1800;53985,517
2017;SET;REGIÃO NORTE;AMAZONAS;ÓLEO DIESEL S-1800;61948,95
2017;OUT;REGIÃO NORTE;AMAZONAS;ÓLEO DIESEL S-1800;39875,351
2017;NOV;REGIÃO NORTE;AMAZONAS;ÓLEO DIESEL S-1800;38908,364
2017;DEZ;REGIÃO NORTE;AMAZONAS;ÓLEO DIESEL S-1800;54221,529
2017;JAN;REGIÃO NORTE;RORAIMA;ÓLEO DIESEL S-1800;0
2017;FEV;REGIÃO NORTE;RORAIMA;ÓLEO DIESEL S-1800;0
2017;MAR;REGIÃO NORTE;RORAIMA;ÓLEO DIESEL S-1800;0
2017;ABR;REGIÃO NORTE;RORAIMA;ÓLEO DIESEL S-1800;0
2017;MAI;REGIÃO NORTE;RORAIMA;ÓLEO DIESEL S-1800;0
2017;JUN;REGIÃO NORTE;RORAIMA;ÓLEO DIESEL S-1800;0
2017;JUL;REGIÃO NORTE;RORAIMA;ÓLEO DIESEL S-1800;0
2017;AGO;REGIÃO NORTE;RORAIMA;ÓLEO DIESEL S-1800;0
2017;SET;REGIÃO NORTE;RORAIMA;ÓLEO DIESEL S-1800;0
2017;OUT;REGIÃO NORTE;RORAIMA;ÓLEO DIESEL S-1800;0
2017;NOV;REGIÃO NORTE;RORAIMA;ÓLEO DIESEL S-1800;830
2017;DEZ;REGIÃO NORTE;RORAIMA;ÓLEO DIESEL S-1800;60
2017;JAN;REGIÃO NORTE;PARÁ;ÓLEO DIESEL S-1800;4629,574
2017;FEV;REGIÃO NORTE;PARÁ;ÓLEO DIESEL S-1800;32
2017;MAR;REGIÃO NORTE;PARÁ;ÓLEO DIESEL S-1800;5
2017;ABR;REGIÃO NORTE;PARÁ;ÓLEO DIESEL S-1800;30
2017;MAI;REGIÃO NORTE;PARÁ;ÓLEO DIESEL S-1800;275
2017;JUN;REGIÃO NORTE;PARÁ;ÓLEO DIESEL S-1800;64
2017;JUL;REGIÃO NORTE;PARÁ;ÓLEO DIESEL S-1800;0
2017;AGO;REGIÃO NORTE;PARÁ;ÓLEO DIESEL S-1800;0
2017;SET;REGIÃO NORTE;PARÁ;ÓLEO DIESEL S-1800;0
2017;OUT;REGIÃO NORTE;PARÁ;ÓLEO DIESEL S-1800;0
2017;NOV;REGIÃO NORTE;PARÁ;ÓLEO DIESEL S-1800;0
2017;DEZ;REGIÃO NORTE;PARÁ;ÓLEO DIESEL S-1800;0
2017;JAN;REGIÃO NORTE;AMAPÁ;ÓLEO DIESEL S-1800;0
2017;FEV;REGIÃO NORTE;AMAPÁ;ÓLEO DIESEL S-1800;0
2017;MAR;REGIÃO NORTE;AMAPÁ;ÓLEO DIESEL S-1800;0
2017;ABR;REGIÃO NORTE;AMAPÁ;ÓLEO DIESEL S-1800;0
2017;MAI;REGIÃO NORTE;AMAPÁ;ÓLEO DIESEL S-1800;0
2017;JUN;REGIÃO NORTE;AMAPÁ;ÓLEO DIESEL S-1800;0
2017;JUL;REGIÃO NORTE;AMAPÁ;ÓLEO DIESEL S-1800;0
2017;AGO;REGIÃO NORTE;AMAPÁ;ÓLEO DIESEL S-1800;0
2017;SET;REGIÃO NORTE;AMAPÁ;ÓLEO DIESEL S-1800;0
2017;OUT;REGIÃO NORTE;AMAPÁ;ÓLEO DIESEL S-1800;0
2017;NOV;REGIÃO NORTE;AMAPÁ;ÓLEO DIESEL S-1800;0
2017;DEZ;REGIÃO NORTE;AMAPÁ;ÓLEO DIESEL S-1800;0
2017;JAN;REGIÃO NORTE;TOCANTINS;ÓLEO DIESEL S-1800;0
2017;FEV;REGIÃO NORTE;TOCANTINS;ÓLEO DIESEL S-1800;0
2017;MAR;REGIÃO NORTE;TOCANTINS;ÓLEO DIESEL S-1800;0
2017;ABR;REGIÃO NORTE;TOCANTINS;ÓLEO DIESEL S-1800;0
2017;MAI;REGIÃO NORTE;TOCANTINS;ÓLEO DIESEL S-1800;0
2017;JUN;REGIÃO NORTE;TOCANTINS;ÓLEO DIESEL S-1800;0
2017;JUL;REGIÃO NORTE;TOCANTINS;ÓLEO DIESEL S-1800;0
2017;AGO;REGIÃO NORTE;TOCANTINS;ÓLEO DIESEL S-1800;0
2017;SET;REGIÃO NORTE;TOCANTINS;ÓLEO DIESEL S-1800;0
2017;OUT;REGIÃO NORTE;TOCANTINS;ÓLEO DIESEL S-1800;0
2017;NOV;REGIÃO NORTE;TOCANTINS;ÓLEO DIESEL S-1800;0
2017;DEZ;REGIÃO NORTE;TOCANTINS;ÓLEO DIESEL S-1800;0
2017;JAN;REGIÃO NORDESTE;MARANHÃO;ÓLEO DIESEL S-1800;0
2017;FEV;REGIÃO NORDESTE;MARANHÃO;ÓLEO DIESEL S-1800;0
2017;MAR;REGIÃO NORDESTE;MARANHÃO;ÓLEO DIESEL S-1800;0
2017;ABR;REGIÃO NORDESTE;MARANHÃO;ÓLEO DIESEL S-1800;0
2017;MAI;REGIÃO NORDESTE;MARANHÃO;ÓLEO DIESEL S-1800;0
2017;JUN;REGIÃO NORDESTE;MARANHÃO;ÓLEO DIESEL S-1800;0
2017;JUL;REGIÃO NORDESTE;MARANHÃO;ÓLEO DIESEL S-1800;0
2017;AGO;REGIÃO NORDESTE;MARANHÃO;ÓLEO DIESEL S-1800;0
2017;SET;REGIÃO NORDESTE;MARANHÃO;ÓLEO DIESEL S-1800;0
2017;OUT;REGIÃO NORDESTE;MARANHÃO;ÓLEO DIESEL S-1800;0
2017;NOV;REGIÃO NORDESTE;MARANHÃO;ÓLEO DIESEL S-1800;0
2017;DEZ;REGIÃO NORDESTE;MARANHÃO;ÓLEO DIESEL S-1800;0
2017;JAN;REGIÃO NORDESTE;PIAUÍ;ÓLEO DIESEL S-1800;0
2017;FEV;REGIÃO NORDESTE;PIAUÍ;ÓLEO DIESEL S-1800;0
2017;MAR;REGIÃO NORDESTE;PIAUÍ;ÓLEO DIESEL S-1800;0
2017;ABR;REGIÃO NORDESTE;PIAUÍ;ÓLEO DIESEL S-1800;0
2017;MAI;REGIÃO NORDESTE;PIAUÍ;ÓLEO DIESEL S-1800;0
2017;JUN;REGIÃO NORDESTE;PIAUÍ;ÓLEO DIESEL S-1800;0
2017;JUL;REGIÃO NORDESTE;PIAUÍ;ÓLEO DIESEL S-1800;0
2017;AGO;REGIÃO NORDESTE;PIAUÍ;ÓLEO DIESEL S-1800;0
2017;SET;REGIÃO NORDESTE;PIAUÍ;ÓLEO DIESEL S-1800;0
2017;OUT;REGIÃO NORDESTE;PIAUÍ;ÓLEO DIESEL S-1800;0
2017;NOV;REGIÃO NORDESTE;PIAUÍ;ÓLEO DIESEL S-1800;0
2017;DEZ;REGIÃO NORDESTE;PIAUÍ;ÓLEO DIESEL S-1800;0
2017;JAN;REGIÃO NORDESTE;CEARÁ;ÓLEO DIESEL S-1800;0
2017;FEV;REGIÃO NORDESTE;CEARÁ;ÓLEO DIESEL S-1800;0
2017;MAR;REGIÃO NORDESTE;CEARÁ;ÓLEO DIESEL S-1800;0
2017;ABR;REGIÃO NORDESTE;CEARÁ;ÓLEO DIESEL S-1800;0
2017;MAI;REGIÃO NORDESTE;CEARÁ;ÓLEO DIESEL S-1800;0
2017;JUN;REGIÃO NORDESTE;CEARÁ;ÓLEO DIESEL S-1800;0
2017;JUL;REGIÃO NORDESTE;CEARÁ;ÓLEO DIESEL S-1800;0
2017;AGO;REGIÃO NORDESTE;CEARÁ;ÓLEO DIESEL S-1800;0
2017;SET;REGIÃO NORDESTE;CEARÁ;ÓLEO DIESEL S-1800;0
2017;OUT;REGIÃO NORDESTE;CEARÁ;ÓLEO DIESEL S-1800;0
2017;NOV;REGIÃO NORDESTE;CEARÁ;ÓLEO DIESEL S-1800;10
2017;DEZ;REGIÃO NORDESTE;CEARÁ;ÓLEO DIESEL S-1800;0
2017;JAN;REGIÃO NORDESTE;RIO GRANDE DO NORTE;ÓLEO DIESEL S-1800;0
2017;FEV;REGIÃO NORDESTE;RIO GRANDE DO NORTE;ÓLEO DIESEL S-1800;0
2017;MAR;REGIÃO NORDESTE;RIO GRANDE DO NORTE;ÓLEO DIESEL S-1800;0
2017;ABR;REGIÃO NORDESTE;RIO GRANDE DO NORTE;ÓLEO DIESEL S-1800;0
2017;MAI;REGIÃO NORDESTE;RIO GRANDE DO NORTE;ÓLEO DIESEL S-1800;0
2017;JUN;REGIÃO NORDESTE;RIO GRANDE DO NORTE;ÓLEO DIESEL S-1800;0
2017;JUL;REGIÃO NORDESTE;RIO GRANDE DO NORTE;ÓLEO DIESEL S-1800;0
2017;AGO;REGIÃO NORDESTE;RIO GRANDE DO NORTE;ÓLEO DIESEL S-1800;0
2017;SET;REGIÃO NORDESTE;RIO GRANDE DO NORTE;ÓLEO DIESEL S-1800;0
2017;OUT;REGIÃO NORDESTE;RIO GRANDE DO NORTE;ÓLEO DIESEL S-1800;0
2017;NOV;REGIÃO NORDESTE;RIO GRANDE DO NORTE;ÓLEO DIESEL S-1800;0
2017;DEZ;REGIÃO NORDESTE;RIO GRANDE DO NORTE;ÓLEO DIESEL S-1800;0
2017;JAN;REGIÃO NORDESTE;PARAÍBA;ÓLEO DIESEL S-1800;180
2017;FEV;REGIÃO NORDESTE;PARAÍBA;ÓLEO DIESEL S-1800;80
2017;MAR;REGIÃO NORDESTE;PARAÍBA;ÓLEO DIESEL S-1800;180
2017;ABR;REGIÃO NORDESTE;PARAÍBA;ÓLEO DIESEL S-1800;0
2017;MAI;REGIÃO NORDESTE;PARAÍBA;ÓLEO DIESEL S-1800;60
2017;JUN;REGIÃO NORDESTE;PARAÍBA;ÓLEO DIESEL S-1800;0
2017;JUL;REGIÃO NORDESTE;PARAÍBA;ÓLEO DIESEL S-1800;0
2017;AGO;REGIÃO NORDESTE;PARAÍBA;ÓLEO DIESEL S-1800;30
2017;SET;REGIÃO NORDESTE;PARAÍBA;ÓLEO DIESEL S-1800;0
2017;OUT;REGIÃO NORDESTE;PARAÍBA;ÓLEO DIESEL S-1800;0
2017;NOV;REGIÃO NORDESTE;PARAÍBA;ÓLEO DIESEL S-1800;0
2017;DEZ;REGIÃO NORDESTE;PARAÍBA;ÓLEO DIESEL S-1800;0
2017;JAN;REGIÃO NORDESTE;PERNAMBUCO;ÓLEO DIESEL S-1800;0
2017;FEV;REGIÃO NORDESTE;PERNAMBUCO;ÓLEO DIESEL S-1800;0
2017;MAR;REGIÃO NORDESTE;PERNAMBUCO;ÓLEO DIESEL S-1800;0
2017;ABR;REGIÃO NORDESTE;PERNAMBUCO;ÓLEO DIESEL S-1800;0
2017;MAI;REGIÃO NORDESTE;PERNAMBUCO;ÓLEO DIESEL S-1800;0
2017;JUN;REGIÃO NORDESTE;PERNAMBUCO;ÓLEO DIESEL S-1800;0
2017;JUL;REGIÃO NORDESTE;PERNAMBUCO;ÓLEO DIESEL S-1800;0
2017;AGO;REGIÃO NORDESTE;PERNAMBUCO;ÓLEO DIESEL S-1800;0
2017;SET;REGIÃO NORDESTE;PERNAMBUCO;ÓLEO DIESEL S-1800;0
2017;OUT;REGIÃO NORDESTE;PERNAMBUCO;ÓLEO DIESEL S-1800;0
2017;NOV;REGIÃO NORDESTE;PERNAMBUCO;ÓLEO DIESEL S-1800;0
2017;DEZ;REGIÃO NORDESTE;PERNAMBUCO;ÓLEO DIESEL S-1800;0
2017;JAN;REGIÃO NORDESTE;ALAGOAS;ÓLEO DIESEL S-1800;0
2017;FEV;REGIÃO NORDESTE;ALAGOAS;ÓLEO DIESEL S-1800;5
2017;MAR;REGIÃO NORDESTE;ALAGOAS;ÓLEO DIESEL S-1800;0
2017;ABR;REGIÃO NORDESTE;ALAGOAS;ÓLEO DIESEL S-1800;0
2017;MAI;REGIÃO NORDESTE;ALAGOAS;ÓLEO DIESEL S-1800;0
2017;JUN;REGIÃO NORDESTE;ALAGOAS;ÓLEO DIESEL S-1800;0
2017;JUL;REGIÃO NORDESTE;ALAGOAS;ÓLEO DIESEL S-1800;0
2017;AGO;REGIÃO NORDESTE;ALAGOAS;ÓLEO DIESEL S-1800;0
2017;SET;REGIÃO NORDESTE;ALAGOAS;ÓLEO DIESEL S-1800;0
2017;OUT;REGIÃO NORDESTE;ALAGOAS;ÓLEO DIESEL S-1800;0
2017;NOV;REGIÃO NORDESTE;ALAGOAS;ÓLEO DIESEL S-1800;35
2017;DEZ;REGIÃO NORDESTE;ALAGOAS;ÓLEO DIESEL S-1800;0
2017;JAN;REGIÃO NORDESTE;SERGIPE;ÓLEO DIESEL S-1800;0
2017;FEV;REGIÃO NORDESTE;SERGIPE;ÓLEO DIESEL S-1800;0
2017;MAR;REGIÃO NORDESTE;SERGIPE;ÓLEO DIESEL S-1800;0
2017;ABR;REGIÃO NORDESTE;SERGIPE;ÓLEO DIESEL S-1800;0
2017;MAI;REGIÃO NORDESTE;SERGIPE;ÓLEO DIESEL S-1800;0
2017;JUN;REGIÃO NORDESTE;SERGIPE;ÓLEO DIESEL S-1800;0
2017;JUL;REGIÃO NORDESTE;SERGIPE;ÓLEO DIESEL S-1800;0
2017;AGO;REGIÃO NORDESTE;SERGIPE;ÓLEO DIESEL S-1800;0
2017;SET;REGIÃO NORDESTE;SERGIPE;ÓLEO DIESEL S-1800;0
2017;OUT;REGIÃO NORDESTE;SERGIPE;ÓLEO DIESEL S-1800;0
2017;NOV;REGIÃO NORDESTE;SERGIPE;ÓLEO DIESEL S-1800;0
2017;DEZ;REGIÃO NORDESTE;SERGIPE;ÓLEO DIESEL S-1800;0
2017;JAN;REGIÃO NORDESTE;BAHIA;ÓLEO DIESEL S-1800;0
2017;FEV;REGIÃO NORDESTE;BAHIA;ÓLEO DIESEL S-1800;0
2017;MAR;REGIÃO NORDESTE;BAHIA;ÓLEO DIESEL S-1800;0
2017;ABR;REGIÃO NORDESTE;BAHIA;ÓLEO DIESEL S-1800;0
2017;MAI;REGIÃO NORDESTE;BAHIA;ÓLEO DIESEL S-1800;0
2017;JUN;REGIÃO NORDESTE;BAHIA;ÓLEO DIESEL S-1800;0
2017;JUL;REGIÃO NORDESTE;BAHIA;ÓLEO DIESEL S-1800;0
2017;AGO;REGIÃO NORDESTE;BAHIA;ÓLEO DIESEL S-1800;0
2017;SET;REGIÃO NORDESTE;BAHIA;ÓLEO DIESEL S-1800;0
2017;OUT;REGIÃO NORDESTE;BAHIA;ÓLEO DIESEL S-1800;0
2017;NOV;REGIÃO NORDESTE;BAHIA;ÓLEO DIESEL S-1800;0
2017;DEZ;REGIÃO NORDESTE;BAHIA;ÓLEO DIESEL S-1800;0
2017;JAN;REGIÃO SUDESTE;MINAS GERAIS;ÓLEO DIESEL S-1800;5
2017;FEV;REGIÃO SUDESTE;MINAS GERAIS;ÓLEO DIESEL S-1800;10
2017;MAR;REGIÃO SUDESTE;MINAS GERAIS;ÓLEO DIESEL S-1800;5
2017;ABR;REGIÃO SUDESTE;MINAS GERAIS;ÓLEO DIESEL S-1800;10
2017;MAI;REGIÃO SUDESTE;MINAS GERAIS;ÓLEO DIESEL S-1800;5
2017;JUN;REGIÃO SUDESTE;MINAS GERAIS;ÓLEO DIESEL S-1800;0
2017;JUL;REGIÃO SUDESTE;MINAS GERAIS;ÓLEO DIESEL S-1800;0
2017;AGO;REGIÃO SUDESTE;MINAS GERAIS;ÓLEO DIESEL S-1800;0
2017;SET;REGIÃO SUDESTE;MINAS GERAIS;ÓLEO DIESEL S-1800;0
2017;OUT;REGIÃO SUDESTE;MINAS GERAIS;ÓLEO DIESEL S-1800;0
2017;NOV;REGIÃO SUDESTE;MINAS GERAIS;ÓLEO DIESEL S-1800;0
2017;DEZ;REGIÃO SUDESTE;MINAS GERAIS;ÓLEO DIESEL S-1800;0
2017;JAN;REGIÃO SUDESTE;ESPÍRITO SANTO;ÓLEO DIESEL S-1800;0
2017;FEV;REGIÃO SUDESTE;ESPÍRITO SANTO;ÓLEO DIESEL S-1800;0
2017;MAR;REGIÃO SUDESTE;ESPÍRITO SANTO;ÓLEO DIESEL S-1800;0
2017;ABR;REGIÃO SUDESTE;ESPÍRITO SANTO;ÓLEO DIESEL S-1800;0
2017;MAI;REGIÃO SUDESTE;ESPÍRITO SANTO;ÓLEO DIESEL S-1800;0
2017;JUN;REGIÃO SUDESTE;ESPÍRITO SANTO;ÓLEO DIESEL S-1800;0
2017;JUL;REGIÃO SUDESTE;ESPÍRITO SANTO;ÓLEO DIESEL S-1800;0
2017;AGO;REGIÃO SUDESTE;ESPÍRITO SANTO;ÓLEO DIESEL S-1800;0
2017;SET;REGIÃO SUDESTE;ESPÍRITO SANTO;ÓLEO DIESEL S-1800;0
2017;OUT;REGIÃO SUDESTE;ESPÍRITO SANTO;ÓLEO DIESEL S-1800;0
2017;NOV;REGIÃO SUDESTE;ESPÍRITO SANTO;ÓLEO DIESEL S-1800;0
2017;DEZ;REGIÃO SUDESTE;ESPÍRITO SANTO;ÓLEO DIESEL S-1800;0
2017;JAN;REGIÃO SUDESTE;RIO DE JANEIRO;ÓLEO DIESEL S-1800;0
2017;FEV;REGIÃO SUDESTE;RIO DE JANEIRO;ÓLEO DIESEL S-1800;0
2017;MAR;REGIÃO SUDESTE;RIO DE JANEIRO;ÓLEO DIESEL S-1800;0
2017;ABR;REGIÃO SUDESTE;RIO DE JANEIRO;ÓLEO DIESEL S-1800;0
2017;MAI;REGIÃO SUDESTE;RIO DE JANEIRO;ÓLEO DIESEL S-1800;0
2017;JUN;REGIÃO SUDESTE;RIO DE JANEIRO;ÓLEO DIESEL S-1800;0
2017;JUL;REGIÃO SUDESTE;RIO DE JANEIRO;ÓLEO DIESEL S-1800;0
2017;AGO;REGIÃO SUDESTE;RIO DE JANEIRO;ÓLEO DIESEL S-1800;0
2017;SET;REGIÃO SUDESTE;RIO DE JANEIRO;ÓLEO DIESEL S-1800;0
2017;OUT;REGIÃO SUDESTE;RIO DE JANEIRO;ÓLEO DIESEL S-1800;0
2017;NOV;REGIÃO SUDESTE;RIO DE JANEIRO;ÓLEO DIESEL S-1800;0
2017;DEZ;REGIÃO SUDESTE;RIO DE JANEIRO;ÓLEO DIESEL S-1800;0
2017;JAN;REGIÃO SUDESTE;SÃO PAULO;ÓLEO DIESEL S-1800;0
2017;FEV;REGIÃO SUDESTE;SÃO PAULO;ÓLEO DIESEL S-1800;225
2017;MAR;REGIÃO SUDESTE;SÃO PAULO;ÓLEO DIESEL S-1800;385
2017;ABR;REGIÃO SUDESTE;SÃO PAULO;ÓLEO DIESEL S-1800;1225
2017;MAI;REGIÃO SUDESTE;SÃO PAULO;ÓLEO DIESEL S-1800;1275
2017;JUN;REGIÃO SUDESTE;SÃO PAULO;ÓLEO DIESEL S-1800;1450
2017;JUL;REGIÃO SUDESTE;SÃO PAULO;ÓLEO DIESEL S-1800;1560
2017;AGO;REGIÃO SUDESTE;SÃO PAULO;ÓLEO DIESEL S-1800;1265
2017;SET;REGIÃO SUDESTE;SÃO PAULO;ÓLEO DIESEL S-1800;1455
2017;OUT;REGIÃO SUDESTE;SÃO PAULO;ÓLEO DIESEL S-1800;1193
2017;NOV;REGIÃO SUDESTE;SÃO PAULO;ÓLEO DIESEL S-1800;500
2017;DEZ;REGIÃO SUDESTE;SÃO PAULO;ÓLEO DIESEL S-1800;240
2017;JAN;REGIÃO SUL;PARANÁ;ÓLEO DIESEL S-1800;0
2017;FEV;REGIÃO SUL;PARANÁ;ÓLEO DIESEL S-1800;0
2017;MAR;REGIÃO SUL;PARANÁ;ÓLEO DIESEL S-1800;0
2017;ABR;REGIÃO SUL;PARANÁ;ÓLEO DIESEL S-1800;0
2017;MAI;REGIÃO SUL;PARANÁ;ÓLEO DIESEL S-1800;0
2017;JUN;REGIÃO SUL;PARANÁ;ÓLEO DIESEL S-1800;0
2017;JUL;REGIÃO SUL;PARANÁ;ÓLEO DIESEL S-1800;0
2017;AGO;REGIÃO SUL;PARANÁ;ÓLEO DIESEL S-1800;0
2017;SET;REGIÃO SUL;PARANÁ;ÓLEO DIESEL S-1800;0
2017;OUT;REGIÃO SUL;PARANÁ;ÓLEO DIESEL S-1800;0
2017;NOV;REGIÃO SUL;PARANÁ;ÓLEO DIESEL S-1800;0
2017;DEZ;REGIÃO SUL;PARANÁ;ÓLEO DIESEL S-1800;0
2017;JAN;REGIÃO SUL;SANTA CATARINA;ÓLEO DIESEL S-1800;0
2017;FEV;REGIÃO SUL;SANTA CATARINA;ÓLEO DIESEL S-1800;0
2017;MAR;REGIÃO SUL;SANTA CATARINA;ÓLEO DIESEL S-1800;0
2017;ABR;REGIÃO SUL;SANTA CATARINA;ÓLEO DIESEL S-1800;0
2017;MAI;REGIÃO SUL;SANTA CATARINA;ÓLEO DIESEL S-1800;0
2017;JUN;REGIÃO SUL;SANTA CATARINA;ÓLEO DIESEL S-1800;0
2017;JUL;REGIÃO SUL;SANTA CATARINA;ÓLEO DIESEL S-1800;0
2017;AGO;REGIÃO SUL;SANTA CATARINA;ÓLEO DIESEL S-1800;0
2017;SET;REGIÃO SUL;SANTA CATARINA;ÓLEO DIESEL S-1800;0
2017;OUT;REGIÃO SUL;SANTA CATARINA;ÓLEO DIESEL S-1800;0
2017;NOV;REGIÃO SUL;SANTA CATARINA;ÓLEO DIESEL S-1800;0
2017;DEZ;REGIÃO SUL;SANTA CATARINA;ÓLEO DIESEL S-1800;0
2017;JAN;REGIÃO SUL;RIO GRANDE DO SUL;ÓLEO DIESEL S-1800;0
2017;FEV;REGIÃO SUL;RIO GRANDE DO SUL;ÓLEO DIESEL S-1800;0
2017;MAR;REGIÃO SUL;RIO GRANDE DO SUL;ÓLEO DIESEL S-1800;0
2017;ABR;REGIÃO SUL;RIO GRANDE DO SUL;ÓLEO DIESEL S-1800;0
2017;MAI;REGIÃO SUL;RIO GRANDE DO SUL;ÓLEO DIESEL S-1800;0
2017;JUN;REGIÃO SUL;RIO GRANDE DO SUL;ÓLEO DIESEL S-1800;0
2017;JUL;REGIÃO SUL;RIO GRANDE DO SUL;ÓLEO DIESEL S-1800;0
2017;AGO;REGIÃO SUL;RIO GRANDE DO SUL;ÓLEO DIESEL S-1800;0
2017;SET;REGIÃO SUL;RIO GRANDE DO SUL;ÓLEO DIESEL S-1800;0
2017;OUT;REGIÃO SUL;RIO GRANDE DO SUL;ÓLEO DIESEL S-1800;0
2017;NOV;REGIÃO SUL;RIO GRANDE DO SUL;ÓLEO DIESEL S-1800;0
2017;DEZ;REGIÃO SUL;RIO GRANDE DO SUL;ÓLEO DIESEL S-1800;0
2017;JAN;REGIÃO CENTRO-OESTE;MATO GROSSO DO SUL;ÓLEO DIESEL S-1800;0
2017;FEV;REGIÃO CENTRO-OESTE;MATO GROSSO DO SUL;ÓLEO DIESEL S-1800;0
2017;MAR;REGIÃO CENTRO-OESTE;MATO GROSSO DO SUL;ÓLEO DIESEL S-1800;0
2017;ABR;REGIÃO CENTRO-OESTE;MATO GROSSO DO SUL;ÓLEO DIESEL S-1800;0
2017;MAI;REGIÃO CENTRO-OESTE;MATO GROSSO DO SUL;ÓLEO DIESEL S-1800;0
2017;JUN;REGIÃO CENTRO-OESTE;MATO GROSSO DO SUL;ÓLEO DIESEL S-1800;0
2017;JUL;REGIÃO CENTRO-OESTE;MATO GROSSO DO SUL;ÓLEO DIESEL S-1800;0
2017;AGO;REGIÃO CENTRO-OESTE;MATO GROSSO DO SUL;ÓLEO DIESEL S-1800;0
2017;SET;REGIÃO CENTRO-OESTE;MATO GROSSO DO SUL;ÓLEO DIESEL S-1800;0
2017;OUT;REGIÃO CENTRO-OESTE;MATO GROSSO DO SUL;ÓLEO DIESEL S-1800;0
2017;NOV;REGIÃO CENTRO-OESTE;MATO GROSSO DO SUL;ÓLEO DIESEL S-1800;0
2017;DEZ;REGIÃO CENTRO-OESTE;MATO GROSSO DO SUL;ÓLEO DIESEL S-1800;0
2017;JAN;REGIÃO CENTRO-OESTE;MATO GROSSO;ÓLEO DIESEL S-1800;229
2017;FEV;REGIÃO CENTRO-OESTE;MATO GROSSO;ÓLEO DIESEL S-1800;242
2017;MAR;REGIÃO CENTRO-OESTE;MATO GROSSO;ÓLEO DIESEL S-1800;423
2017;ABR;REGIÃO CENTRO-OESTE;MATO GROSSO;ÓLEO DIESEL S-1800;92
2017;MAI;REGIÃO CENTRO-OESTE;MATO GROSSO;ÓLEO DIESEL S-1800;210
2017;JUN;REGIÃO CENTRO-OESTE;MATO GROSSO;ÓLEO DIESEL S-1800;247
2017;JUL;REGIÃO CENTRO-OESTE;MATO GROSSO;ÓLEO DIESEL S-1800;0
2017;AGO;REGIÃO CENTRO-OESTE;MATO GROSSO;ÓLEO DIESEL S-1800;36
2017;SET;REGIÃO CENTRO-OESTE;MATO GROSSO;ÓLEO DIESEL S-1800;37
2017;OUT;REGIÃO CENTRO-OESTE;MATO GROSSO;ÓLEO DIESEL S-1800;28
2017;NOV;REGIÃO CENTRO-OESTE;MATO GROSSO;ÓLEO DIESEL S-1800;31
2017;DEZ;REGIÃO CENTRO-OESTE;MATO GROSSO;ÓLEO DIESEL S-1800;31
2017;JAN;REGIÃO CENTRO-OESTE;GOIÁS;ÓLEO DIESEL S-1800;0
2017;FEV;REGIÃO CENTRO-OESTE;GOIÁS;ÓLEO DIESEL S-1800;0
2017;MAR;REGIÃO CENTRO-OESTE;GOIÁS;ÓLEO DIESEL S-1800;0
2017;ABR;REGIÃO CENTRO-OESTE;GOIÁS;ÓLEO DIESEL S-1800;0
2017;MAI;REGIÃO CENTRO-OESTE;GOIÁS;ÓLEO DIESEL S-1800;0
2017;JUN;REGIÃO CENTRO-OESTE;GOIÁS;ÓLEO DIESEL S-1800;0
2017;JUL;REGIÃO CENTRO-OESTE;GOIÁS;ÓLEO DIESEL S-1800;0
2017;AGO;REGIÃO CENTRO-OESTE;GOIÁS;ÓLEO DIESEL S-1800;0
2017;SET;REGIÃO CENTRO-OESTE;GOIÁS;ÓLEO DIESEL S-1800;0
2017;OUT;REGIÃO CENTRO-OESTE;GOIÁS;ÓLEO DIESEL S-1800;0
2017;NOV;REGIÃO CENTRO-OESTE;GOIÁS;ÓLEO DIESEL S-1800;0
2017;DEZ;REGIÃO CENTRO-OESTE;GOIÁS;ÓLEO DIESEL S-1800;0
2017;JAN;REGIÃO CENTRO-OESTE;DISTRITO FEDERAL;ÓLEO DIESEL S-1800;0
2017;FEV;REGIÃO CENTRO-OESTE;DISTRITO FEDERAL;ÓLEO DIESEL S-1800;0
2017;MAR;REGIÃO CENTRO-OESTE;DISTRITO FEDERAL;ÓLEO DIESEL S-1800;0
2017;ABR;REGIÃO CENTRO-OESTE;DISTRITO FEDERAL;ÓLEO DIESEL S-1800;0
2017;MAI;REGIÃO CENTRO-OESTE;DISTRITO FEDERAL;ÓLEO DIESEL S-1800;0
2017;JUN;REGIÃO CENTRO-OESTE;DISTRITO FEDERAL;ÓLEO DIESEL S-1800;0
2017;JUL;REGIÃO CENTRO-OESTE;DISTRITO FEDERAL;ÓLEO DIESEL S-1800;0
2017;AGO;REGIÃO CENTRO-OESTE;DISTRITO FEDERAL;ÓLEO DIESEL S-1800;0
2017;SET;REGIÃO CENTRO-OESTE;DISTRITO FEDERAL;ÓLEO DIESEL S-1800;0
2017;OUT;REGIÃO CENTRO-OESTE;DISTRITO FEDERAL;ÓLEO DIESEL S-1800;0
2017;NOV;REGIÃO CENTRO-OESTE;DISTRITO FEDERAL;ÓLEO DIESEL S-1800;0
2017;DEZ;REGIÃO CENTRO-OESTE;DISTRITO FEDERAL;ÓLEO DIESEL S-1800;0
2017;JAN;REGIÃO NORTE;RONDÔNIA;ÓLEO DIESEL MARÍTIMO;510,2
2017;FEV;REGIÃO NORTE;RONDÔNIA;ÓLEO DIESEL MARÍTIMO;503
2017;MAR;REGIÃO NORTE;RONDÔNIA;ÓLEO DIESEL MARÍTIMO;601,6
2017;ABR;REGIÃO NORTE;RONDÔNIA;ÓLEO DIESEL MARÍTIMO;740,2281511
2017;MAI;REGIÃO NORTE;RONDÔNIA;ÓLEO DIESEL MARÍTIMO;440,5
2017;JUN;REGIÃO NORTE;RONDÔNIA;ÓLEO DIESEL MARÍTIMO;642,4
2017;JUL;REGIÃO NORTE;RONDÔNIA;ÓLEO DIESEL MARÍTIMO;763,5
2017;AGO;REGIÃO NORTE;RONDÔNIA;ÓLEO DIESEL MARÍTIMO;1222
2017;SET;REGIÃO NORTE;RONDÔNIA;ÓLEO DIESEL MARÍTIMO;1110
2017;OUT;REGIÃO NORTE;RONDÔNIA;ÓLEO DIESEL MARÍTIMO;1191,8
2017;NOV;REGIÃO NORTE;RONDÔNIA;ÓLEO DIESEL MARÍTIMO;843,4
2017;DEZ;REGIÃO NORTE;RONDÔNIA;ÓLEO DIESEL MARÍTIMO;667
2017;JAN;REGIÃO NORTE;ACRE;ÓLEO DIESEL MARÍTIMO;76
2017;FEV;REGIÃO NORTE;ACRE;ÓLEO DIESEL MARÍTIMO;28
2017;MAR;REGIÃO NORTE;ACRE;ÓLEO DIESEL MARÍTIMO;113
2017;ABR;REGIÃO NORTE;ACRE;ÓLEO DIESEL MARÍTIMO;60,08724553
2017;MAI;REGIÃO NORTE;ACRE;ÓLEO DIESEL MARÍTIMO;140
2017;JUN;REGIÃO NORTE;ACRE;ÓLEO DIESEL MARÍTIMO;61
2017;JUL;REGIÃO NORTE;ACRE;ÓLEO DIESEL MARÍTIMO;23
2017;AGO;REGIÃO NORTE;ACRE;ÓLEO DIESEL MARÍTIMO;21
2017;SET;REGIÃO NORTE;ACRE;ÓLEO DIESEL MARÍTIMO;34
2017;OUT;REGIÃO NORTE;ACRE;ÓLEO DIESEL MARÍTIMO;89
2017;NOV;REGIÃO NORTE;ACRE;ÓLEO DIESEL MARÍTIMO;43
2017;DEZ;REGIÃO NORTE;ACRE;ÓLEO DIESEL MARÍTIMO;63
2017;JAN;REGIÃO NORTE;AMAZONAS;ÓLEO DIESEL MARÍTIMO;10936,15
2017;FEV;REGIÃO NORTE;AMAZONAS;ÓLEO DIESEL MARÍTIMO;8439,585
2017;MAR;REGIÃO NORTE;AMAZONAS;ÓLEO DIESEL MARÍTIMO;10529,566
2017;ABR;REGIÃO NORTE;AMAZONAS;ÓLEO DIESEL MARÍTIMO;10633,38425
2017;MAI;REGIÃO NORTE;AMAZONAS;ÓLEO DIESEL MARÍTIMO;12349,592
2017;JUN;REGIÃO NORTE;AMAZONAS;ÓLEO DIESEL MARÍTIMO;11165,023
2017;JUL;REGIÃO NORTE;AMAZONAS;ÓLEO DIESEL MARÍTIMO;11593,898
2017;AGO;REGIÃO NORTE;AMAZONAS;ÓLEO DIESEL MARÍTIMO;11726,814
2017;SET;REGIÃO NORTE;AMAZONAS;ÓLEO DIESEL MARÍTIMO;11903,103
2017;OUT;REGIÃO NORTE;AMAZONAS;ÓLEO DIESEL MARÍTIMO;12539,576
2017;NOV;REGIÃO NORTE;AMAZONAS;ÓLEO DIESEL MARÍTIMO;11351,044
2017;DEZ;REGIÃO NORTE;AMAZONAS;ÓLEO DIESEL MARÍTIMO;12152,378
2017;JAN;REGIÃO NORTE;RORAIMA;ÓLEO DIESEL MARÍTIMO;0
2017;FEV;REGIÃO NORTE;RORAIMA;ÓLEO DIESEL MARÍTIMO;0
2017;MAR;REGIÃO NORTE;RORAIMA;ÓLEO DIESEL MARÍTIMO;0
2017;ABR;REGIÃO NORTE;RORAIMA;ÓLEO DIESEL MARÍTIMO;0,065419663
2017;MAI;REGIÃO NORTE;RORAIMA;ÓLEO DIESEL MARÍTIMO;0
2017;JUN;REGIÃO NORTE;RORAIMA;ÓLEO DIESEL MARÍTIMO;0
2017;JUL;REGIÃO NORTE;RORAIMA;ÓLEO DIESEL MARÍTIMO;0
2017;AGO;REGIÃO NORTE;RORAIMA;ÓLEO DIESEL MARÍTIMO;105
2017;SET;REGIÃO NORTE;RORAIMA;ÓLEO DIESEL MARÍTIMO;135
2017;OUT;REGIÃO NORTE;RORAIMA;ÓLEO DIESEL MARÍTIMO;75
2017;NOV;REGIÃO NORTE;RORAIMA;ÓLEO DIESEL MARÍTIMO;0
2017;DEZ;REGIÃO NORTE;RORAIMA;ÓLEO DIESEL MARÍTIMO;0
2017;JAN;REGIÃO NORTE;PARÁ;ÓLEO DIESEL MARÍTIMO;7115,7
2017;FEV;REGIÃO NORTE;PARÁ;ÓLEO DIESEL MARÍTIMO;8173,5
2017;MAR;REGIÃO NORTE;PARÁ;ÓLEO DIESEL MARÍTIMO;8116,83
2017;ABR;REGIÃO NORTE;PARÁ;ÓLEO DIESEL MARÍTIMO;9494,269836
2017;MAI;REGIÃO NORTE;PARÁ;ÓLEO DIESEL MARÍTIMO;6514,948
2017;JUN;REGIÃO NORTE;PARÁ;ÓLEO DIESEL MARÍTIMO;8647,583
2017;JUL;REGIÃO NORTE;PARÁ;ÓLEO DIESEL MARÍTIMO;8618,55
2017;AGO;REGIÃO NORTE;PARÁ;ÓLEO DIESEL MARÍTIMO;9456,43
2017;SET;REGIÃO NORTE;PARÁ;ÓLEO DIESEL MARÍTIMO;13578,107
2017;OUT;REGIÃO NORTE;PARÁ;ÓLEO DIESEL MARÍTIMO;7758,932
2017;NOV;REGIÃO NORTE;PARÁ;ÓLEO DIESEL MARÍTIMO;7826,013
2017;DEZ;REGIÃO NORTE;PARÁ;ÓLEO DIESEL MARÍTIMO;6979,219
2017;JAN;REGIÃO NORTE;AMAPÁ;ÓLEO DIESEL MARÍTIMO;65
2017;FEV;REGIÃO NORTE;AMAPÁ;ÓLEO DIESEL MARÍTIMO;90
2017;MAR;REGIÃO NORTE;AMAPÁ;ÓLEO DIESEL MARÍTIMO;130
2017;ABR;REGIÃO NORTE;AMAPÁ;ÓLEO DIESEL MARÍTIMO;30,0662915
2017;MAI;REGIÃO NORTE;AMAPÁ;ÓLEO DIESEL MARÍTIMO;90
2017;JUN;REGIÃO NORTE;AMAPÁ;ÓLEO DIESEL MARÍTIMO;118
2017;JUL;REGIÃO NORTE;AMAPÁ;ÓLEO DIESEL MARÍTIMO;120
2017;AGO;REGIÃO NORTE;AMAPÁ;ÓLEO DIESEL MARÍTIMO;205
2017;SET;REGIÃO NORTE;AMAPÁ;ÓLEO DIESEL MARÍTIMO;115
2017;OUT;REGIÃO NORTE;AMAPÁ;ÓLEO DIESEL MARÍTIMO;73
2017;NOV;REGIÃO NORTE;AMAPÁ;ÓLEO DIESEL MARÍTIMO;53
2017;DEZ;REGIÃO NORTE;AMAPÁ;ÓLEO DIESEL MARÍTIMO;35
2017;JAN;REGIÃO NORTE;TOCANTINS;ÓLEO DIESEL MARÍTIMO;0
2017;FEV;REGIÃO NORTE;TOCANTINS;ÓLEO DIESEL MARÍTIMO;0
2017;MAR;REGIÃO NORTE;TOCANTINS;ÓLEO DIESEL MARÍTIMO;0
2017;ABR;REGIÃO NORTE;TOCANTINS;ÓLEO DIESEL MARÍTIMO;0,463640676
2017;MAI;REGIÃO NORTE;TOCANTINS;ÓLEO DIESEL MARÍTIMO;0
2017;JUN;REGIÃO NORTE;TOCANTINS;ÓLEO DIESEL MARÍTIMO;0
2017;JUL;REGIÃO NORTE;TOCANTINS;ÓLEO DIESEL MARÍTIMO;0
2017;AGO;REGIÃO NORTE;TOCANTINS;ÓLEO DIESEL MARÍTIMO;0
2017;SET;REGIÃO NORTE;TOCANTINS;ÓLEO DIESEL MARÍTIMO;0
2017;OUT;REGIÃO NORTE;TOCANTINS;ÓLEO DIESEL MARÍTIMO;0
2017;NOV;REGIÃO NORTE;TOCANTINS;ÓLEO DIESEL MARÍTIMO;0
2017;DEZ;REGIÃO NORTE;TOCANTINS;ÓLEO DIESEL MARÍTIMO;0
2017;JAN;REGIÃO NORDESTE;MARANHÃO;ÓLEO DIESEL MARÍTIMO;768
2017;FEV;REGIÃO NORDESTE;MARANHÃO;ÓLEO DIESEL MARÍTIMO;519
2017;MAR;REGIÃO NORDESTE;MARANHÃO;ÓLEO DIESEL MARÍTIMO;908
2017;ABR;REGIÃO NORDESTE;MARANHÃO;ÓLEO DIESEL MARÍTIMO;517,6864811
2017;MAI;REGIÃO NORDESTE;MARANHÃO;ÓLEO DIESEL MARÍTIMO;1138
2017;JUN;REGIÃO NORDESTE;MARANHÃO;ÓLEO DIESEL MARÍTIMO;495
2017;JUL;REGIÃO NORDESTE;MARANHÃO;ÓLEO DIESEL MARÍTIMO;767
2017;AGO;REGIÃO NORDESTE;MARANHÃO;ÓLEO DIESEL MARÍTIMO;1004
2017;SET;REGIÃO NORDESTE;MARANHÃO;ÓLEO DIESEL MARÍTIMO;787
2017;OUT;REGIÃO NORDESTE;MARANHÃO;ÓLEO DIESEL MARÍTIMO;722,876
2017;NOV;REGIÃO NORDESTE;MARANHÃO;ÓLEO DIESEL MARÍTIMO;950,943
2017;DEZ;REGIÃO NORDESTE;MARANHÃO;ÓLEO DIESEL MARÍTIMO;637,598
2017;JAN;REGIÃO NORDESTE;PIAUÍ;ÓLEO DIESEL MARÍTIMO;0
2017;FEV;REGIÃO NORDESTE;PIAUÍ;ÓLEO DIESEL MARÍTIMO;0
2017;MAR;REGIÃO NORDESTE;PIAUÍ;ÓLEO DIESEL MARÍTIMO;0
2017;ABR;REGIÃO NORDESTE;PIAUÍ;ÓLEO DIESEL MARÍTIMO;0,276383729
2017;MAI;REGIÃO NORDESTE;PIAUÍ;ÓLEO DIESEL MARÍTIMO;0
2017;JUN;REGIÃO NORDESTE;PIAUÍ;ÓLEO DIESEL MARÍTIMO;0
2017;JUL;REGIÃO NORDESTE;PIAUÍ;ÓLEO DIESEL MARÍTIMO;0
2017;AGO;REGIÃO NORDESTE;PIAUÍ;ÓLEO DIESEL MARÍTIMO;0
2017;SET;REGIÃO NORDESTE;PIAUÍ;ÓLEO DIESEL MARÍTIMO;0
2017;OUT;REGIÃO NORDESTE;PIAUÍ;ÓLEO DIESEL MARÍTIMO;0
2017;NOV;REGIÃO NORDESTE;PIAUÍ;ÓLEO DIESEL MARÍTIMO;0
2017;DEZ;REGIÃO NORDESTE;PIAUÍ;ÓLEO DIESEL MARÍTIMO;0
2017;JAN;REGIÃO NORDESTE;CEARÁ;ÓLEO DIESEL MARÍTIMO;530
2017;FEV;REGIÃO NORDESTE;CEARÁ;ÓLEO DIESEL MARÍTIMO;1060
2017;MAR;REGIÃO NORDESTE;CEARÁ;ÓLEO DIESEL MARÍTIMO;610
2017;ABR;REGIÃO NORDESTE;CEARÁ;ÓLEO DIESEL MARÍTIMO;575,5702449
2017;MAI;REGIÃO NORDESTE;CEARÁ;ÓLEO DIESEL MARÍTIMO;1030
2017;JUN;REGIÃO NORDESTE;CEARÁ;ÓLEO DIESEL MARÍTIMO;800
2017;JUL;REGIÃO NORDESTE;CEARÁ;ÓLEO DIESEL MARÍTIMO;1130
2017;AGO;REGIÃO NORDESTE;CEARÁ;ÓLEO DIESEL MARÍTIMO;905
2017;SET;REGIÃO NORDESTE;CEARÁ;ÓLEO DIESEL MARÍTIMO;795
2017;OUT;REGIÃO NORDESTE;CEARÁ;ÓLEO DIESEL MARÍTIMO;880
2017;NOV;REGIÃO NORDESTE;CEARÁ;ÓLEO DIESEL MARÍTIMO;1090
2017;DEZ;REGIÃO NORDESTE;CEARÁ;ÓLEO DIESEL MARÍTIMO;890
2017;JAN;REGIÃO NORDESTE;RIO GRANDE DO NORTE;ÓLEO DIESEL MARÍTIMO;925
2017;FEV;REGIÃO NORDESTE;RIO GRANDE DO NORTE;ÓLEO DIESEL MARÍTIMO;976
2017;MAR;REGIÃO NORDESTE;RIO GRANDE DO NORTE;ÓLEO DIESEL MARÍTIMO;845
2017;ABR;REGIÃO NORDESTE;RIO GRANDE DO NORTE;ÓLEO DIESEL MARÍTIMO;845,2663782
2017;MAI;REGIÃO NORDESTE;RIO GRANDE DO NORTE;ÓLEO DIESEL MARÍTIMO;885
2017;JUN;REGIÃO NORDESTE;RIO GRANDE DO NORTE;ÓLEO DIESEL MARÍTIMO;1020
2017;JUL;REGIÃO NORDESTE;RIO GRANDE DO NORTE;ÓLEO DIESEL MARÍTIMO;805
2017;AGO;REGIÃO NORDESTE;RIO GRANDE DO NORTE;ÓLEO DIESEL MARÍTIMO;690
2017;SET;REGIÃO NORDESTE;RIO GRANDE DO NORTE;ÓLEO DIESEL MARÍTIMO;535
2017;OUT;REGIÃO NORDESTE;RIO GRANDE DO NORTE;ÓLEO DIESEL MARÍTIMO;690
2017;NOV;REGIÃO NORDESTE;RIO GRANDE DO NORTE;ÓLEO DIESEL MARÍTIMO;420
2017;DEZ;REGIÃO NORDESTE;RIO GRANDE DO NORTE;ÓLEO DIESEL MARÍTIMO;765
2017;JAN;REGIÃO NORDESTE;PARAÍBA;ÓLEO DIESEL MARÍTIMO;0
2017;FEV;REGIÃO NORDESTE;PARAÍBA;ÓLEO DIESEL MARÍTIMO;20
2017;MAR;REGIÃO NORDESTE;PARAÍBA;ÓLEO DIESEL MARÍTIMO;0
2017;ABR;REGIÃO NORDESTE;PARAÍBA;ÓLEO DIESEL MARÍTIMO;0,258017718
2017;MAI;REGIÃO NORDESTE;PARAÍBA;ÓLEO DIESEL MARÍTIMO;0
2017;JUN;REGIÃO NORDESTE;PARAÍBA;ÓLEO DIESEL MARÍTIMO;0
2017;JUL;REGIÃO NORDESTE;PARAÍBA;ÓLEO DIESEL MARÍTIMO;0
2017;AGO;REGIÃO NORDESTE;PARAÍBA;ÓLEO DIESEL MARÍTIMO;30
2017;SET;REGIÃO NORDESTE;PARAÍBA;ÓLEO DIESEL MARÍTIMO;0
2017;OUT;REGIÃO NORDESTE;PARAÍBA;ÓLEO DIESEL MARÍTIMO;0
2017;NOV;REGIÃO NORDESTE;PARAÍBA;ÓLEO DIESEL MARÍTIMO;0
2017;DEZ;REGIÃO NORDESTE;PARAÍBA;ÓLEO DIESEL MARÍTIMO;0
2017;JAN;REGIÃO NORDESTE;PERNAMBUCO;ÓLEO DIESEL MARÍTIMO;450
2017;FEV;REGIÃO NORDESTE;PERNAMBUCO;ÓLEO DIESEL MARÍTIMO;235
2017;MAR;REGIÃO NORDESTE;PERNAMBUCO;ÓLEO DIESEL MARÍTIMO;95
2017;ABR;REGIÃO NORDESTE;PERNAMBUCO;ÓLEO DIESEL MARÍTIMO;215,7286985
2017;MAI;REGIÃO NORDESTE;PERNAMBUCO;ÓLEO DIESEL MARÍTIMO;135
2017;JUN;REGIÃO NORDESTE;PERNAMBUCO;ÓLEO DIESEL MARÍTIMO;205
2017;JUL;REGIÃO NORDESTE;PERNAMBUCO;ÓLEO DIESEL MARÍTIMO;309
2017;AGO;REGIÃO NORDESTE;PERNAMBUCO;ÓLEO DIESEL MARÍTIMO;240
2017;SET;REGIÃO NORDESTE;PERNAMBUCO;ÓLEO DIESEL MARÍTIMO;290
2017;OUT;REGIÃO NORDESTE;PERNAMBUCO;ÓLEO DIESEL MARÍTIMO;203
2017;NOV;REGIÃO NORDESTE;PERNAMBUCO;ÓLEO DIESEL MARÍTIMO;300
2017;DEZ;REGIÃO NORDESTE;PERNAMBUCO;ÓLEO DIESEL MARÍTIMO;252
2017;JAN;REGIÃO NORDESTE;ALAGOAS;ÓLEO DIESEL MARÍTIMO;20
2017;FEV;REGIÃO NORDESTE;ALAGOAS;ÓLEO DIESEL MARÍTIMO;70
2017;MAR;REGIÃO NORDESTE;ALAGOAS;ÓLEO DIESEL MARÍTIMO;430
2017;ABR;REGIÃO NORDESTE;ALAGOAS;ÓLEO DIESEL MARÍTIMO;45,21052885
2017;MAI;REGIÃO NORDESTE;ALAGOAS;ÓLEO DIESEL MARÍTIMO;60
2017;JUN;REGIÃO NORDESTE;ALAGOAS;ÓLEO DIESEL MARÍTIMO;10
2017;JUL;REGIÃO NORDESTE;ALAGOAS;ÓLEO DIESEL MARÍTIMO;0
2017;AGO;REGIÃO NORDESTE;ALAGOAS;ÓLEO DIESEL MARÍTIMO;30
2017;SET;REGIÃO NORDESTE;ALAGOAS;ÓLEO DIESEL MARÍTIMO;40
2017;OUT;REGIÃO NORDESTE;ALAGOAS;ÓLEO DIESEL MARÍTIMO;310
2017;NOV;REGIÃO NORDESTE;ALAGOAS;ÓLEO DIESEL MARÍTIMO;475
2017;DEZ;REGIÃO NORDESTE;ALAGOAS;ÓLEO DIESEL MARÍTIMO;185
2017;JAN;REGIÃO NORDESTE;SERGIPE;ÓLEO DIESEL MARÍTIMO;30
2017;FEV;REGIÃO NORDESTE;SERGIPE;ÓLEO DIESEL MARÍTIMO;105
2017;MAR;REGIÃO NORDESTE;SERGIPE;ÓLEO DIESEL MARÍTIMO;110
2017;ABR;REGIÃO NORDESTE;SERGIPE;ÓLEO DIESEL MARÍTIMO;10,17715178
2017;MAI;REGIÃO NORDESTE;SERGIPE;ÓLEO DIESEL MARÍTIMO;115
2017;JUN;REGIÃO NORDESTE;SERGIPE;ÓLEO DIESEL MARÍTIMO;180
2017;JUL;REGIÃO NORDESTE;SERGIPE;ÓLEO DIESEL MARÍTIMO;95
2017;AGO;REGIÃO NORDESTE;SERGIPE;ÓLEO DIESEL MARÍTIMO;155
2017;SET;REGIÃO NORDESTE;SERGIPE;ÓLEO DIESEL MARÍTIMO;100
2017;OUT;REGIÃO NORDESTE;SERGIPE;ÓLEO DIESEL MARÍTIMO;175
2017;NOV;REGIÃO NORDESTE;SERGIPE;ÓLEO DIESEL MARÍTIMO;145
2017;DEZ;REGIÃO NORDESTE;SERGIPE;ÓLEO DIESEL MARÍTIMO;60
2017;JAN;REGIÃO NORDESTE;BAHIA;ÓLEO DIESEL MARÍTIMO;1115
2017;FEV;REGIÃO NORDESTE;BAHIA;ÓLEO DIESEL MARÍTIMO;915
2017;MAR;REGIÃO NORDESTE;BAHIA;ÓLEO DIESEL MARÍTIMO;980
2017;ABR;REGIÃO NORDESTE;BAHIA;ÓLEO DIESEL MARÍTIMO;1041,643227
2017;MAI;REGIÃO NORDESTE;BAHIA;ÓLEO DIESEL MARÍTIMO;765
2017;JUN;REGIÃO NORDESTE;BAHIA;ÓLEO DIESEL MARÍTIMO;745
2017;JUL;REGIÃO NORDESTE;BAHIA;ÓLEO DIESEL MARÍTIMO;895
2017;AGO;REGIÃO NORDESTE;BAHIA;ÓLEO DIESEL MARÍTIMO;720
2017;SET;REGIÃO NORDESTE;BAHIA;ÓLEO DIESEL MARÍTIMO;905
2017;OUT;REGIÃO NORDESTE;BAHIA;ÓLEO DIESEL MARÍTIMO;770
2017;NOV;REGIÃO NORDESTE;BAHIA;ÓLEO DIESEL MARÍTIMO;948,156
2017;DEZ;REGIÃO NORDESTE;BAHIA;ÓLEO DIESEL MARÍTIMO;855
2017;JAN;REGIÃO SUDESTE;MINAS GERAIS;ÓLEO DIESEL MARÍTIMO;0
2017;FEV;REGIÃO SUDESTE;MINAS GERAIS;ÓLEO DIESEL MARÍTIMO;0
2017;MAR;REGIÃO SUDESTE;MINAS GERAIS;ÓLEO DIESEL MARÍTIMO;0
2017;ABR;REGIÃO SUDESTE;MINAS GERAIS;ÓLEO DIESEL MARÍTIMO;3,75508754
2017;MAI;REGIÃO SUDESTE;MINAS GERAIS;ÓLEO DIESEL MARÍTIMO;0
2017;JUN;REGIÃO SUDESTE;MINAS GERAIS;ÓLEO DIESEL MARÍTIMO;0
2017;JUL;REGIÃO SUDESTE;MINAS GERAIS;ÓLEO DIESEL MARÍTIMO;0
2017;AGO;REGIÃO SUDESTE;MINAS GERAIS;ÓLEO DIESEL MARÍTIMO;0
2017;SET;REGIÃO SUDESTE;MINAS GERAIS;ÓLEO DIESEL MARÍTIMO;0
2017;OUT;REGIÃO SUDESTE;MINAS GERAIS;ÓLEO DIESEL MARÍTIMO;0
2017;NOV;REGIÃO SUDESTE;MINAS GERAIS;ÓLEO DIESEL MARÍTIMO;0
2017;DEZ;REGIÃO SUDESTE;MINAS GERAIS;ÓLEO DIESEL MARÍTIMO;0
2017;JAN;REGIÃO SUDESTE;ESPÍRITO SANTO;ÓLEO DIESEL MARÍTIMO;2275,826
2017;FEV;REGIÃO SUDESTE;ESPÍRITO SANTO;ÓLEO DIESEL MARÍTIMO;2709,664
2017;MAR;REGIÃO SUDESTE;ESPÍRITO SANTO;ÓLEO DIESEL MARÍTIMO;1755,853
2017;ABR;REGIÃO SUDESTE;ESPÍRITO SANTO;ÓLEO DIESEL MARÍTIMO;1912,148748
2017;MAI;REGIÃO SUDESTE;ESPÍRITO SANTO;ÓLEO DIESEL MARÍTIMO;2283,779
2017;JUN;REGIÃO SUDESTE;ESPÍRITO SANTO;ÓLEO DIESEL MARÍTIMO;2257,815
2017;JUL;REGIÃO SUDESTE;ESPÍRITO SANTO;ÓLEO DIESEL MARÍTIMO;2353,22
2017;AGO;REGIÃO SUDESTE;ESPÍRITO SANTO;ÓLEO DIESEL MARÍTIMO;1973,883
2017;SET;REGIÃO SUDESTE;ESPÍRITO SANTO;ÓLEO DIESEL MARÍTIMO;1634,826
2017;OUT;REGIÃO SUDESTE;ESPÍRITO SANTO;ÓLEO DIESEL MARÍTIMO;1437,549
2017;NOV;REGIÃO SUDESTE;ESPÍRITO SANTO;ÓLEO DIESEL MARÍTIMO;2248,546
2017;DEZ;REGIÃO SUDESTE;ESPÍRITO SANTO;ÓLEO DIESEL MARÍTIMO;3209,945
2017;JAN;REGIÃO SUDESTE;RIO DE JANEIRO;ÓLEO DIESEL MARÍTIMO;23458,626
2017;FEV;REGIÃO SUDESTE;RIO DE JANEIRO;ÓLEO DIESEL MARÍTIMO;17475,66
2017;MAR;REGIÃO SUDESTE;RIO DE JANEIRO;ÓLEO DIESEL MARÍTIMO;20723,76
2017;ABR;REGIÃO SUDESTE;RIO DE JANEIRO;ÓLEO DIESEL MARÍTIMO;15925,5686
2017;MAI;REGIÃO SUDESTE;RIO DE JANEIRO;ÓLEO DIESEL MARÍTIMO;18546,795
2017;JUN;REGIÃO SUDESTE;RIO DE JANEIRO;ÓLEO DIESEL MARÍTIMO;16249,424
2017;JUL;REGIÃO SUDESTE;RIO DE JANEIRO;ÓLEO DIESEL MARÍTIMO;11945,559
2017;AGO;REGIÃO SUDESTE;RIO DE JANEIRO;ÓLEO DIESEL MARÍTIMO;21865,48
2017;SET;REGIÃO SUDESTE;RIO DE JANEIRO;ÓLEO DIESEL MARÍTIMO;16757,346
2017;OUT;REGIÃO SUDESTE;RIO DE JANEIRO;ÓLEO DIESEL MARÍTIMO;18028,599
2017;NOV;REGIÃO SUDESTE;RIO DE JANEIRO;ÓLEO DIESEL MARÍTIMO;12808,802
2017;DEZ;REGIÃO SUDESTE;RIO DE JANEIRO;ÓLEO DIESEL MARÍTIMO;16164,5
2017;JAN;REGIÃO SUDESTE;SÃO PAULO;ÓLEO DIESEL MARÍTIMO;4162,5
2017;FEV;REGIÃO SUDESTE;SÃO PAULO;ÓLEO DIESEL MARÍTIMO;3146,4
2017;MAR;REGIÃO SUDESTE;SÃO PAULO;ÓLEO DIESEL MARÍTIMO;4994,6
2017;ABR;REGIÃO SUDESTE;SÃO PAULO;ÓLEO DIESEL MARÍTIMO;3518,696442
2017;MAI;REGIÃO SUDESTE;SÃO PAULO;ÓLEO DIESEL MARÍTIMO;3327,51
2017;JUN;REGIÃO SUDESTE;SÃO PAULO;ÓLEO DIESEL MARÍTIMO;3008
2017;JUL;REGIÃO SUDESTE;SÃO PAULO;ÓLEO DIESEL MARÍTIMO;3451,759
2017;AGO;REGIÃO SUDESTE;SÃO PAULO;ÓLEO DIESEL MARÍTIMO;3153,5
2017;SET;REGIÃO SUDESTE;SÃO PAULO;ÓLEO DIESEL MARÍTIMO;2826,868
2017;OUT;REGIÃO SUDESTE;SÃO PAULO;ÓLEO DIESEL MARÍTIMO;2895,606
2017;NOV;REGIÃO SUDESTE;SÃO PAULO;ÓLEO DIESEL MARÍTIMO;2714,868
2017;DEZ;REGIÃO SUDESTE;SÃO PAULO;ÓLEO DIESEL MARÍTIMO;2516,605
2017;JAN;REGIÃO SUL;PARANÁ;ÓLEO DIESEL MARÍTIMO;603,1
2017;FEV;REGIÃO SUL;PARANÁ;ÓLEO DIESEL MARÍTIMO;493,5
2017;MAR;REGIÃO SUL;PARANÁ;ÓLEO DIESEL MARÍTIMO;371,5
2017;ABR;REGIÃO SUL;PARANÁ;ÓLEO DIESEL MARÍTIMO;384,8486704
2017;MAI;REGIÃO SUL;PARANÁ;ÓLEO DIESEL MARÍTIMO;517,592
2017;JUN;REGIÃO SUL;PARANÁ;ÓLEO DIESEL MARÍTIMO;431
2017;JUL;REGIÃO SUL;PARANÁ;ÓLEO DIESEL MARÍTIMO;564
2017;AGO;REGIÃO SUL;PARANÁ;ÓLEO DIESEL MARÍTIMO;407,5
2017;SET;REGIÃO SUL;PARANÁ;ÓLEO DIESEL MARÍTIMO;570,945
2017;OUT;REGIÃO SUL;PARANÁ;ÓLEO DIESEL MARÍTIMO;454,547
2017;NOV;REGIÃO SUL;PARANÁ;ÓLEO DIESEL MARÍTIMO;417,701
2017;DEZ;REGIÃO SUL;PARANÁ;ÓLEO DIESEL MARÍTIMO;497,678
2017;JAN;REGIÃO SUL;SANTA CATARINA;ÓLEO DIESEL MARÍTIMO;3394
2017;FEV;REGIÃO SUL;SANTA CATARINA;ÓLEO DIESEL MARÍTIMO;4298,768
2017;MAR;REGIÃO SUL;SANTA CATARINA;ÓLEO DIESEL MARÍTIMO;4428,309
2017;ABR;REGIÃO SUL;SANTA CATARINA;ÓLEO DIESEL MARÍTIMO;4184,350388
2017;MAI;REGIÃO SUL;SANTA CATARINA;ÓLEO DIESEL MARÍTIMO;4774,111
2017;JUN;REGIÃO SUL;SANTA CATARINA;ÓLEO DIESEL MARÍTIMO;4249,2
2017;JUL;REGIÃO SUL;SANTA CATARINA;ÓLEO DIESEL MARÍTIMO;5113
2017;AGO;REGIÃO SUL;SANTA CATARINA;ÓLEO DIESEL MARÍTIMO;5484
2017;SET;REGIÃO SUL;SANTA CATARINA;ÓLEO DIESEL MARÍTIMO;4809,2
2017;OUT;REGIÃO SUL;SANTA CATARINA;ÓLEO DIESEL MARÍTIMO;5145,144
2017;NOV;REGIÃO SUL;SANTA CATARINA;ÓLEO DIESEL MARÍTIMO;4511,604
2017;DEZ;REGIÃO SUL;SANTA CATARINA;ÓLEO DIESEL MARÍTIMO;6274,729
2017;JAN;REGIÃO SUL;RIO GRANDE DO SUL;ÓLEO DIESEL MARÍTIMO;3748,5
2017;FEV;REGIÃO SUL;RIO GRANDE DO SUL;ÓLEO DIESEL MARÍTIMO;2326
2017;MAR;REGIÃO SUL;RIO GRANDE DO SUL;ÓLEO DIESEL MARÍTIMO;2828
2017;ABR;REGIÃO SUL;RIO GRANDE DO SUL;ÓLEO DIESEL MARÍTIMO;3043,955766
2017;MAI;REGIÃO SUL;RIO GRANDE DO SUL;ÓLEO DIESEL MARÍTIMO;2143
2017;JUN;REGIÃO SUL;RIO GRANDE DO SUL;ÓLEO DIESEL MARÍTIMO;2120
2017;JUL;REGIÃO SUL;RIO GRANDE DO SUL;ÓLEO DIESEL MARÍTIMO;1862
2017;AGO;REGIÃO SUL;RIO GRANDE DO SUL;ÓLEO DIESEL MARÍTIMO;2127
2017;SET;REGIÃO SUL;RIO GRANDE DO SUL;ÓLEO DIESEL MARÍTIMO;2877
2017;OUT;REGIÃO SUL;RIO GRANDE DO SUL;ÓLEO DIESEL MARÍTIMO;2420,731
2017;NOV;REGIÃO SUL;RIO GRANDE DO SUL;ÓLEO DIESEL MARÍTIMO;3449,664
2017;DEZ;REGIÃO SUL;RIO GRANDE DO SUL;ÓLEO DIESEL MARÍTIMO;2548,055
2017;JAN;REGIÃO CENTRO-OESTE;MATO GROSSO DO SUL;ÓLEO DIESEL MARÍTIMO;135
2017;FEV;REGIÃO CENTRO-OESTE;MATO GROSSO DO SUL;ÓLEO DIESEL MARÍTIMO;285
2017;MAR;REGIÃO CENTRO-OESTE;MATO GROSSO DO SUL;ÓLEO DIESEL MARÍTIMO;312
2017;ABR;REGIÃO CENTRO-OESTE;MATO GROSSO DO SUL;ÓLEO DIESEL MARÍTIMO;323,7408856
2017;MAI;REGIÃO CENTRO-OESTE;MATO GROSSO DO SUL;ÓLEO DIESEL MARÍTIMO;509
2017;JUN;REGIÃO CENTRO-OESTE;MATO GROSSO DO SUL;ÓLEO DIESEL MARÍTIMO;636,9
2017;JUL;REGIÃO CENTRO-OESTE;MATO GROSSO DO SUL;ÓLEO DIESEL MARÍTIMO;583
2017;AGO;REGIÃO CENTRO-OESTE;MATO GROSSO DO SUL;ÓLEO DIESEL MARÍTIMO;401
2017;SET;REGIÃO CENTRO-OESTE;MATO GROSSO DO SUL;ÓLEO DIESEL MARÍTIMO;396
2017;OUT;REGIÃO CENTRO-OESTE;MATO GROSSO DO SUL;ÓLEO DIESEL MARÍTIMO;283
2017;NOV;REGIÃO CENTRO-OESTE;MATO GROSSO DO SUL;ÓLEO DIESEL MARÍTIMO;108
2017;DEZ;REGIÃO CENTRO-OESTE;MATO GROSSO DO SUL;ÓLEO DIESEL MARÍTIMO;84
2017;JAN;REGIÃO CENTRO-OESTE;MATO GROSSO;ÓLEO DIESEL MARÍTIMO;0
2017;FEV;REGIÃO CENTRO-OESTE;MATO GROSSO;ÓLEO DIESEL MARÍTIMO;0
2017;MAR;REGIÃO CENTRO-OESTE;MATO GROSSO;ÓLEO DIESEL MARÍTIMO;0
2017;ABR;REGIÃO CENTRO-OESTE;MATO GROSSO;ÓLEO DIESEL MARÍTIMO;1,428583197
2017;MAI;REGIÃO CENTRO-OESTE;MATO GROSSO;ÓLEO DIESEL MARÍTIMO;0
2017;JUN;REGIÃO CENTRO-OESTE;MATO GROSSO;ÓLEO DIESEL MARÍTIMO;0
2017;JUL;REGIÃO CENTRO-OESTE;MATO GROSSO;ÓLEO DIESEL MARÍTIMO;0
2017;AGO;REGIÃO CENTRO-OESTE;MATO GROSSO;ÓLEO DIESEL MARÍTIMO;0
2017;SET;REGIÃO CENTRO-OESTE;MATO GROSSO;ÓLEO DIESEL MARÍTIMO;0
2017;OUT;REGIÃO CENTRO-OESTE;MATO GROSSO;ÓLEO DIESEL MARÍTIMO;0
2017;NOV;REGIÃO CENTRO-OESTE;MATO GROSSO;ÓLEO DIESEL MARÍTIMO;0
2017;DEZ;REGIÃO CENTRO-OESTE;MATO GROSSO;ÓLEO DIESEL MARÍTIMO;0
2017;JAN;REGIÃO CENTRO-OESTE;GOIÁS;ÓLEO DIESEL MARÍTIMO;0
2017;FEV;REGIÃO CENTRO-OESTE;GOIÁS;ÓLEO DIESEL MARÍTIMO;0
2017;MAR;REGIÃO CENTRO-OESTE;GOIÁS;ÓLEO DIESEL MARÍTIMO;0
2017;ABR;REGIÃO CENTRO-OESTE;GOIÁS;ÓLEO DIESEL MARÍTIMO;1,424189541
2017;MAI;REGIÃO CENTRO-OESTE;GOIÁS;ÓLEO DIESEL MARÍTIMO;0
2017;JUN;REGIÃO CENTRO-OESTE;GOIÁS;ÓLEO DIESEL MARÍTIMO;0
2017;JUL;REGIÃO CENTRO-OESTE;GOIÁS;ÓLEO DIESEL MARÍTIMO;0
2017;AGO;REGIÃO CENTRO-OESTE;GOIÁS;ÓLEO DIESEL MARÍTIMO;0
2017;SET;REGIÃO CENTRO-OESTE;GOIÁS;ÓLEO DIESEL MARÍTIMO;0
2017;OUT;REGIÃO CENTRO-OESTE;GOIÁS;ÓLEO DIESEL MARÍTIMO;30
2017;NOV;REGIÃO CENTRO-OESTE;GOIÁS;ÓLEO DIESEL MARÍTIMO;0
2017;DEZ;REGIÃO CENTRO-OESTE;GOIÁS;ÓLEO DIESEL MARÍTIMO;0
2017;JAN;REGIÃO CENTRO-OESTE;DISTRITO FEDERAL;ÓLEO DIESEL MARÍTIMO;0
2017;FEV;REGIÃO CENTRO-OESTE;DISTRITO FEDERAL;ÓLEO DIESEL MARÍTIMO;0
2017;MAR;REGIÃO CENTRO-OESTE;DISTRITO FEDERAL;ÓLEO DIESEL MARÍTIMO;0
2017;ABR;REGIÃO CENTRO-OESTE;DISTRITO FEDERAL;ÓLEO DIESEL MARÍTIMO;0,213698438
2017;MAI;REGIÃO CENTRO-OESTE;DISTRITO FEDERAL;ÓLEO DIESEL MARÍTIMO;0
2017;JUN;REGIÃO CENTRO-OESTE;DISTRITO FEDERAL;ÓLEO DIESEL MARÍTIMO;0
2017;JUL;REGIÃO CENTRO-OESTE;DISTRITO FEDERAL;ÓLEO DIESEL MARÍTIMO;0
2017;AGO;REGIÃO CENTRO-OESTE;DISTRITO FEDERAL;ÓLEO DIESEL MARÍTIMO;0
2017;SET;REGIÃO CENTRO-OESTE;DISTRITO FEDERAL;ÓLEO DIESEL MARÍTIMO;0
2017;OUT;REGIÃO CENTRO-OESTE;DISTRITO FEDERAL;ÓLEO DIESEL MARÍTIMO;0
2017;NOV;REGIÃO CENTRO-OESTE;DISTRITO FEDERAL;ÓLEO DIESEL MARÍTIMO;0
2017;DEZ;REGIÃO CENTRO-OESTE;DISTRITO FEDERAL;ÓLEO DIESEL MARÍTIMO;0
2017;JAN;REGIÃO NORTE;RONDÔNIA;ÓLEO DIESEL (OUTROS );198
2017;FEV;REGIÃO NORTE;RONDÔNIA;ÓLEO DIESEL (OUTROS );438,5
2017;MAR;REGIÃO NORTE;RONDÔNIA;ÓLEO DIESEL (OUTROS );252
2017;ABR;REGIÃO NORTE;RONDÔNIA;ÓLEO DIESEL (OUTROS );326
2017;MAI;REGIÃO NORTE;RONDÔNIA;ÓLEO DIESEL (OUTROS );335
2017;JUN;REGIÃO NORTE;RONDÔNIA;ÓLEO DIESEL (OUTROS );0
2017;JUL;REGIÃO NORTE;RONDÔNIA;ÓLEO DIESEL (OUTROS );0
2017;AGO;REGIÃO NORTE;RONDÔNIA;ÓLEO DIESEL (OUTROS );0
2017;SET;REGIÃO NORTE;RONDÔNIA;ÓLEO DIESEL (OUTROS );0
2017;OUT;REGIÃO NORTE;RONDÔNIA;ÓLEO DIESEL (OUTROS );0
2017;NOV;REGIÃO NORTE;RONDÔNIA;ÓLEO DIESEL (OUTROS );0
2017;DEZ;REGIÃO NORTE;RONDÔNIA;ÓLEO DIESEL (OUTROS );0
2017;JAN;REGIÃO NORTE;ACRE;ÓLEO DIESEL (OUTROS );0
2017;FEV;REGIÃO NORTE;ACRE;ÓLEO DIESEL (OUTROS );0
2017;MAR;REGIÃO NORTE;ACRE;ÓLEO DIESEL (OUTROS );0
2017;ABR;REGIÃO NORTE;ACRE;ÓLEO DIESEL (OUTROS );0
2017;MAI;REGIÃO NORTE;ACRE;ÓLEO DIESEL (OUTROS );0
2017;JUN;REGIÃO NORTE;ACRE;ÓLEO DIESEL (OUTROS );0
2017;JUL;REGIÃO NORTE;ACRE;ÓLEO DIESEL (OUTROS );0
2017;AGO;REGIÃO NORTE;ACRE;ÓLEO DIESEL (OUTROS );0
2017;SET;REGIÃO NORTE;ACRE;ÓLEO DIESEL (OUTROS );0
2017;OUT;REGIÃO NORTE;ACRE;ÓLEO DIESEL (OUTROS );0
2017;NOV;REGIÃO NORTE;ACRE;ÓLEO DIESEL (OUTROS );0
2017;DEZ;REGIÃO NORTE;ACRE;ÓLEO DIESEL (OUTROS );0
2017;JAN;REGIÃO NORTE;AMAZONAS;ÓLEO DIESEL (OUTROS );0
2017;FEV;REGIÃO NORTE;AMAZONAS;ÓLEO DIESEL (OUTROS );0
2017;MAR;REGIÃO NORTE;AMAZONAS;ÓLEO DIESEL (OUTROS );0
2017;ABR;REGIÃO NORTE;AMAZONAS;ÓLEO DIESEL (OUTROS );0
2017;MAI;REGIÃO NORTE;AMAZONAS;ÓLEO DIESEL (OUTROS );0
2017;JUN;REGIÃO NORTE;AMAZONAS;ÓLEO DIESEL (OUTROS );0
2017;JUL;REGIÃO NORTE;AMAZONAS;ÓLEO DIESEL (OUTROS );0
2017;AGO;REGIÃO NORTE;AMAZONAS;ÓLEO DIESEL (OUTROS );0
2017;SET;REGIÃO NORTE;AMAZONAS;ÓLEO DIESEL (OUTROS );0
2017;OUT;REGIÃO NORTE;AMAZONAS;ÓLEO DIESEL (OUTROS );0
2017;NOV;REGIÃO NORTE;AMAZONAS;ÓLEO DIESEL (OUTROS );0
2017;DEZ;REGIÃO NORTE;AMAZONAS;ÓLEO DIESEL (OUTROS );0
2017;JAN;REGIÃO NORTE;RORAIMA;ÓLEO DIESEL (OUTROS );0
2017;FEV;REGIÃO NORTE;RORAIMA;ÓLEO DIESEL (OUTROS );0
2017;MAR;REGIÃO NORTE;RORAIMA;ÓLEO DIESEL (OUTROS );0
2017;ABR;REGIÃO NORTE;RORAIMA;ÓLEO DIESEL (OUTROS );0
2017;MAI;REGIÃO NORTE;RORAIMA;ÓLEO DIESEL (OUTROS );0
2017;JUN;REGIÃO NORTE;RORAIMA;ÓLEO DIESEL (OUTROS );0
2017;JUL;REGIÃO NORTE;RORAIMA;ÓLEO DIESEL (OUTROS );0
2017;AGO;REGIÃO NORTE;RORAIMA;ÓLEO DIESEL (OUTROS );0
2017;SET;REGIÃO NORTE;RORAIMA;ÓLEO DIESEL (OUTROS );0
2017;OUT;REGIÃO NORTE;RORAIMA;ÓLEO DIESEL (OUTROS );0
2017;NOV;REGIÃO NORTE;RORAIMA;ÓLEO DIESEL (OUTROS );0
2017;DEZ;REGIÃO NORTE;RORAIMA;ÓLEO DIESEL (OUTROS );0
2017;JAN;REGIÃO NORTE;PARÁ;ÓLEO DIESEL (OUTROS );0
2017;FEV;REGIÃO NORTE;PARÁ;ÓLEO DIESEL (OUTROS );0
2017;MAR;REGIÃO NORTE;PARÁ;ÓLEO DIESEL (OUTROS );0
2017;ABR;REGIÃO NORTE;PARÁ;ÓLEO DIESEL (OUTROS );0
2017;MAI;REGIÃO NORTE;PARÁ;ÓLEO DIESEL (OUTROS );0
2017;JUN;REGIÃO NORTE;PARÁ;ÓLEO DIESEL (OUTROS );0
2017;JUL;REGIÃO NORTE;PARÁ;ÓLEO DIESEL (OUTROS );0
2017;AGO;REGIÃO NORTE;PARÁ;ÓLEO DIESEL (OUTROS );0
2017;SET;REGIÃO NORTE;PARÁ;ÓLEO DIESEL (OUTROS );0
2017;OUT;REGIÃO NORTE;PARÁ;ÓLEO DIESEL (OUTROS );0
2017;NOV;REGIÃO NORTE;PARÁ;ÓLEO DIESEL (OUTROS );0
2017;DEZ;REGIÃO NORTE;PARÁ;ÓLEO DIESEL (OUTROS );0
2017;JAN;REGIÃO NORTE;AMAPÁ;ÓLEO DIESEL (OUTROS );0
2017;FEV;REGIÃO NORTE;AMAPÁ;ÓLEO DIESEL (OUTROS );0
2017;MAR;REGIÃO NORTE;AMAPÁ;ÓLEO DIESEL (OUTROS );0
2017;ABR;REGIÃO NORTE;AMAPÁ;ÓLEO DIESEL (OUTROS );0
2017;MAI;REGIÃO NORTE;AMAPÁ;ÓLEO DIESEL (OUTROS );0
2017;JUN;REGIÃO NORTE;AMAPÁ;ÓLEO DIESEL (OUTROS );0
2017;JUL;REGIÃO NORTE;AMAPÁ;ÓLEO DIESEL (OUTROS );0
2017;AGO;REGIÃO NORTE;AMAPÁ;ÓLEO DIESEL (OUTROS );0
2017;SET;REGIÃO NORTE;AMAPÁ;ÓLEO DIESEL (OUTROS );0
2017;OUT;REGIÃO NORTE;AMAPÁ;ÓLEO DIESEL (OUTROS );0
2017;NOV;REGIÃO NORTE;AMAPÁ;ÓLEO DIESEL (OUTROS );0
2017;DEZ;REGIÃO NORTE;AMAPÁ;ÓLEO DIESEL (OUTROS );0
2017;JAN;REGIÃO NORTE;TOCANTINS;ÓLEO DIESEL (OUTROS );0
2017;FEV;REGIÃO NORTE;TOCANTINS;ÓLEO DIESEL (OUTROS );0
2017;MAR;REGIÃO NORTE;TOCANTINS;ÓLEO DIESEL (OUTROS );0
2017;ABR;REGIÃO NORTE;TOCANTINS;ÓLEO DIESEL (OUTROS );0
2017;MAI;REGIÃO NORTE;TOCANTINS;ÓLEO DIESEL (OUTROS );0
2017;JUN;REGIÃO NORTE;TOCANTINS;ÓLEO DIESEL (OUTROS );0
2017;JUL;REGIÃO NORTE;TOCANTINS;ÓLEO DIESEL (OUTROS );0
2017;AGO;REGIÃO NORTE;TOCANTINS;ÓLEO DIESEL (OUTROS );0
2017;SET;REGIÃO NORTE;TOCANTINS;ÓLEO DIESEL (OUTROS );0
2017;OUT;REGIÃO NORTE;TOCANTINS;ÓLEO DIESEL (OUTROS );0
2017;NOV;REGIÃO NORTE;TOCANTINS;ÓLEO DIESEL (OUTROS );0
2017;DEZ;REGIÃO NORTE;TOCANTINS;ÓLEO DIESEL (OUTROS );0
2017;JAN;REGIÃO NORDESTE;MARANHÃO;ÓLEO DIESEL (OUTROS );0
2017;FEV;REGIÃO NORDESTE;MARANHÃO;ÓLEO DIESEL (OUTROS );0
2017;MAR;REGIÃO NORDESTE;MARANHÃO;ÓLEO DIESEL (OUTROS );0
2017;ABR;REGIÃO NORDESTE;MARANHÃO;ÓLEO DIESEL (OUTROS );0
2017;MAI;REGIÃO NORDESTE;MARANHÃO;ÓLEO DIESEL (OUTROS );0
2017;JUN;REGIÃO NORDESTE;MARANHÃO;ÓLEO DIESEL (OUTROS );0
2017;JUL;REGIÃO NORDESTE;MARANHÃO;ÓLEO DIESEL (OUTROS );0
2017;AGO;REGIÃO NORDESTE;MARANHÃO;ÓLEO DIESEL (OUTROS );0
2017;SET;REGIÃO NORDESTE;MARANHÃO;ÓLEO DIESEL (OUTROS );0
2017;OUT;REGIÃO NORDESTE;MARANHÃO;ÓLEO DIESEL (OUTROS );0
2017;NOV;REGIÃO NORDESTE;MARANHÃO;ÓLEO DIESEL (OUTROS );0
2017;DEZ;REGIÃO NORDESTE;MARANHÃO;ÓLEO DIESEL (OUTROS );0
2017;JAN;REGIÃO NORDESTE;PIAUÍ;ÓLEO DIESEL (OUTROS );0
2017;FEV;REGIÃO NORDESTE;PIAUÍ;ÓLEO DIESEL (OUTROS );0
2017;MAR;REGIÃO NORDESTE;PIAUÍ;ÓLEO DIESEL (OUTROS );0
2017;ABR;REGIÃO NORDESTE;PIAUÍ;ÓLEO DIESEL (OUTROS );0
2017;MAI;REGIÃO NORDESTE;PIAUÍ;ÓLEO DIESEL (OUTROS );0
2017;JUN;REGIÃO NORDESTE;PIAUÍ;ÓLEO DIESEL (OUTROS );0
2017;JUL;REGIÃO NORDESTE;PIAUÍ;ÓLEO DIESEL (OUTROS );0
2017;AGO;REGIÃO NORDESTE;PIAUÍ;ÓLEO DIESEL (OUTROS );0
2017;SET;REGIÃO NORDESTE;PIAUÍ;ÓLEO DIESEL (OUTROS );0
2017;OUT;REGIÃO NORDESTE;PIAUÍ;ÓLEO DIESEL (OUTROS );0
2017;NOV;REGIÃO NORDESTE;PIAUÍ;ÓLEO DIESEL (OUTROS );0
2017;DEZ;REGIÃO NORDESTE;PIAUÍ;ÓLEO DIESEL (OUTROS );0
2017;JAN;REGIÃO NORDESTE;CEARÁ;ÓLEO DIESEL (OUTROS );0
2017;FEV;REGIÃO NORDESTE;CEARÁ;ÓLEO DIESEL (OUTROS );0
2017;MAR;REGIÃO NORDESTE;CEARÁ;ÓLEO DIESEL (OUTROS );0
2017;ABR;REGIÃO NORDESTE;CEARÁ;ÓLEO DIESEL (OUTROS );0
2017;MAI;REGIÃO NORDESTE;CEARÁ;ÓLEO DIESEL (OUTROS );0
2017;JUN;REGIÃO NORDESTE;CEARÁ;ÓLEO DIESEL (OUTROS );0
2017;JUL;REGIÃO NORDESTE;CEARÁ;ÓLEO DIESEL (OUTROS );0
2017;AGO;REGIÃO NORDESTE;CEARÁ;ÓLEO DIESEL (OUTROS );0
2017;SET;REGIÃO NORDESTE;CEARÁ;ÓLEO DIESEL (OUTROS );0
2017;OUT;REGIÃO NORDESTE;CEARÁ;ÓLEO DIESEL (OUTROS );0
2017;NOV;REGIÃO NORDESTE;CEARÁ;ÓLEO DIESEL (OUTROS );0
2017;DEZ;REGIÃO NORDESTE;CEARÁ;ÓLEO DIESEL (OUTROS );0
2017;JAN;REGIÃO NORDESTE;RIO GRANDE DO NORTE;ÓLEO DIESEL (OUTROS );0
2017;FEV;REGIÃO NORDESTE;RIO GRANDE DO NORTE;ÓLEO DIESEL (OUTROS );0
2017;MAR;REGIÃO NORDESTE;RIO GRANDE DO NORTE;ÓLEO DIESEL (OUTROS );0
2017;ABR;REGIÃO NORDESTE;RIO GRANDE DO NORTE;ÓLEO DIESEL (OUTROS );0
2017;MAI;REGIÃO NORDESTE;RIO GRANDE DO NORTE;ÓLEO DIESEL (OUTROS );0
2017;JUN;REGIÃO NORDESTE;RIO GRANDE DO NORTE;ÓLEO DIESEL (OUTROS );0
2017;JUL;REGIÃO NORDESTE;RIO GRANDE DO NORTE;ÓLEO DIESEL (OUTROS );0
2017;AGO;REGIÃO NORDESTE;RIO GRANDE DO NORTE;ÓLEO DIESEL (OUTROS );0
2017;SET;REGIÃO NORDESTE;RIO GRANDE DO NORTE;ÓLEO DIESEL (OUTROS );0
2017;OUT;REGIÃO NORDESTE;RIO GRANDE DO NORTE;ÓLEO DIESEL (OUTROS );0
2017;NOV;REGIÃO NORDESTE;RIO GRANDE DO NORTE;ÓLEO DIESEL (OUTROS );0
2017;DEZ;REGIÃO NORDESTE;RIO GRANDE DO NORTE;ÓLEO DIESEL (OUTROS );0
2017;JAN;REGIÃO NORDESTE;PARAÍBA;ÓLEO DIESEL (OUTROS );0
2017;FEV;REGIÃO NORDESTE;PARAÍBA;ÓLEO DIESEL (OUTROS );0
2017;MAR;REGIÃO NORDESTE;PARAÍBA;ÓLEO DIESEL (OUTROS );0
2017;ABR;REGIÃO NORDESTE;PARAÍBA;ÓLEO DIESEL (OUTROS );0
2017;MAI;REGIÃO NORDESTE;PARAÍBA;ÓLEO DIESEL (OUTROS );0
2017;JUN;REGIÃO NORDESTE;PARAÍBA;ÓLEO DIESEL (OUTROS );0
2017;JUL;REGIÃO NORDESTE;PARAÍBA;ÓLEO DIESEL (OUTROS );0
2017;AGO;REGIÃO NORDESTE;PARAÍBA;ÓLEO DIESEL (OUTROS );0
2017;SET;REGIÃO NORDESTE;PARAÍBA;ÓLEO DIESEL (OUTROS );0
2017;OUT;REGIÃO NORDESTE;PARAÍBA;ÓLEO DIESEL (OUTROS );0
2017;NOV;REGIÃO NORDESTE;PARAÍBA;ÓLEO DIESEL (OUTROS );0
2017;DEZ;REGIÃO NORDESTE;PARAÍBA;ÓLEO DIESEL (OUTROS );0
2017;JAN;REGIÃO NORDESTE;PERNAMBUCO;ÓLEO DIESEL (OUTROS );0
2017;FEV;REGIÃO NORDESTE;PERNAMBUCO;ÓLEO DIESEL (OUTROS );0
2017;MAR;REGIÃO NORDESTE;PERNAMBUCO;ÓLEO DIESEL (OUTROS );0
2017;ABR;REGIÃO NORDESTE;PERNAMBUCO;ÓLEO DIESEL (OUTROS );0
2017;MAI;REGIÃO NORDESTE;PERNAMBUCO;ÓLEO DIESEL (OUTROS );0
2017;JUN;REGIÃO NORDESTE;PERNAMBUCO;ÓLEO DIESEL (OUTROS );0
2017;JUL;REGIÃO NORDESTE;PERNAMBUCO;ÓLEO DIESEL (OUTROS );0
2017;AGO;REGIÃO NORDESTE;PERNAMBUCO;ÓLEO DIESEL (OUTROS );0
2017;SET;REGIÃO NORDESTE;PERNAMBUCO;ÓLEO DIESEL (OUTROS );0
2017;OUT;REGIÃO NORDESTE;PERNAMBUCO;ÓLEO DIESEL (OUTROS );0
2017;NOV;REGIÃO NORDESTE;PERNAMBUCO;ÓLEO DIESEL (OUTROS );0
2017;DEZ;REGIÃO NORDESTE;PERNAMBUCO;ÓLEO DIESEL (OUTROS );0
2017;JAN;REGIÃO NORDESTE;ALAGOAS;ÓLEO DIESEL (OUTROS );0
2017;FEV;REGIÃO NORDESTE;ALAGOAS;ÓLEO DIESEL (OUTROS );0
2017;MAR;REGIÃO NORDESTE;ALAGOAS;ÓLEO DIESEL (OUTROS );0
2017;ABR;REGIÃO NORDESTE;ALAGOAS;ÓLEO DIESEL (OUTROS );0
2017;MAI;REGIÃO NORDESTE;ALAGOAS;ÓLEO DIESEL (OUTROS );0
2017;JUN;REGIÃO NORDESTE;ALAGOAS;ÓLEO DIESEL (OUTROS );0
2017;JUL;REGIÃO NORDESTE;ALAGOAS;ÓLEO DIESEL (OUTROS );0
2017;AGO;REGIÃO NORDESTE;ALAGOAS;ÓLEO DIESEL (OUTROS );0
2017;SET;REGIÃO NORDESTE;ALAGOAS;ÓLEO DIESEL (OUTROS );0
2017;OUT;REGIÃO NORDESTE;ALAGOAS;ÓLEO DIESEL (OUTROS );0
2017;NOV;REGIÃO NORDESTE;ALAGOAS;ÓLEO DIESEL (OUTROS );0
2017;DEZ;REGIÃO NORDESTE;ALAGOAS;ÓLEO DIESEL (OUTROS );0
2017;JAN;REGIÃO NORDESTE;SERGIPE;ÓLEO DIESEL (OUTROS );0
2017;FEV;REGIÃO NORDESTE;SERGIPE;ÓLEO DIESEL (OUTROS );0
2017;MAR;REGIÃO NORDESTE;SERGIPE;ÓLEO DIESEL (OUTROS );0
2017;ABR;REGIÃO NORDESTE;SERGIPE;ÓLEO DIESEL (OUTROS );0
2017;MAI;REGIÃO NORDESTE;SERGIPE;ÓLEO DIESEL (OUTROS );0
2017;JUN;REGIÃO NORDESTE;SERGIPE;ÓLEO DIESEL (OUTROS );0
2017;JUL;REGIÃO NORDESTE;SERGIPE;ÓLEO DIESEL (OUTROS );0
2017;AGO;REGIÃO NORDESTE;SERGIPE;ÓLEO DIESEL (OUTROS );0
2017;SET;REGIÃO NORDESTE;SERGIPE;ÓLEO DIESEL (OUTROS );0
2017;OUT;REGIÃO NORDESTE;SERGIPE;ÓLEO DIESEL (OUTROS );0
2017;NOV;REGIÃO NORDESTE;SERGIPE;ÓLEO DIESEL (OUTROS );0
2017;DEZ;REGIÃO NORDESTE;SERGIPE;ÓLEO DIESEL (OUTROS );0
2017;JAN;REGIÃO NORDESTE;BAHIA;ÓLEO DIESEL (OUTROS );0
2017;FEV;REGIÃO NORDESTE;BAHIA;ÓLEO DIESEL (OUTROS );0
2017;MAR;REGIÃO NORDESTE;BAHIA;ÓLEO DIESEL (OUTROS );0
2017;ABR;REGIÃO NORDESTE;BAHIA;ÓLEO DIESEL (OUTROS );0
2017;MAI;REGIÃO NORDESTE;BAHIA;ÓLEO DIESEL (OUTROS );0
2017;JUN;REGIÃO NORDESTE;BAHIA;ÓLEO DIESEL (OUTROS );0
2017;JUL;REGIÃO NORDESTE;BAHIA;ÓLEO DIESEL (OUTROS );0
2017;AGO;REGIÃO NORDESTE;BAHIA;ÓLEO DIESEL (OUTROS );0
2017;SET;REGIÃO NORDESTE;BAHIA;ÓLEO DIESEL (OUTROS );0
2017;OUT;REGIÃO NORDESTE;BAHIA;ÓLEO DIESEL (OUTROS );0
2017;NOV;REGIÃO NORDESTE;BAHIA;ÓLEO DIESEL (OUTROS );0
2017;DEZ;REGIÃO NORDESTE;BAHIA;ÓLEO DIESEL (OUTROS );0
2017;JAN;REGIÃO SUDESTE;MINAS GERAIS;ÓLEO DIESEL (OUTROS );0
2017;FEV;REGIÃO SUDESTE;MINAS GERAIS;ÓLEO DIESEL (OUTROS );0
2017;MAR;REGIÃO SUDESTE;MINAS GERAIS;ÓLEO DIESEL (OUTROS );5
2017;ABR;REGIÃO SUDESTE;MINAS GERAIS;ÓLEO DIESEL (OUTROS );5
2017;MAI;REGIÃO SUDESTE;MINAS GERAIS;ÓLEO DIESEL (OUTROS );0
2017;JUN;REGIÃO SUDESTE;MINAS GERAIS;ÓLEO DIESEL (OUTROS );0
2017;JUL;REGIÃO SUDESTE;MINAS GERAIS;ÓLEO DIESEL (OUTROS );0
2017;AGO;REGIÃO SUDESTE;MINAS GERAIS;ÓLEO DIESEL (OUTROS );0
2017;SET;REGIÃO SUDESTE;MINAS GERAIS;ÓLEO DIESEL (OUTROS );0
2017;OUT;REGIÃO SUDESTE;MINAS GERAIS;ÓLEO DIESEL (OUTROS );0
2017;NOV;REGIÃO SUDESTE;MINAS GERAIS;ÓLEO DIESEL (OUTROS );0
2017;DEZ;REGIÃO SUDESTE;MINAS GERAIS;ÓLEO DIESEL (OUTROS );5
2017;JAN;REGIÃO SUDESTE;ESPÍRITO SANTO;ÓLEO DIESEL (OUTROS );0
2017;FEV;REGIÃO SUDESTE;ESPÍRITO SANTO;ÓLEO DIESEL (OUTROS );0
2017;MAR;REGIÃO SUDESTE;ESPÍRITO SANTO;ÓLEO DIESEL (OUTROS );0
2017;ABR;REGIÃO SUDESTE;ESPÍRITO SANTO;ÓLEO DIESEL (OUTROS );0
2017;MAI;REGIÃO SUDESTE;ESPÍRITO SANTO;ÓLEO DIESEL (OUTROS );0
2017;JUN;REGIÃO SUDESTE;ESPÍRITO SANTO;ÓLEO DIESEL (OUTROS );0
2017;JUL;REGIÃO SUDESTE;ESPÍRITO SANTO;ÓLEO DIESEL (OUTROS );0
2017;AGO;REGIÃO SUDESTE;ESPÍRITO SANTO;ÓLEO DIESEL (OUTROS );0
2017;SET;REGIÃO SUDESTE;ESPÍRITO SANTO;ÓLEO DIESEL (OUTROS );0
2017;OUT;REGIÃO SUDESTE;ESPÍRITO SANTO;ÓLEO DIESEL (OUTROS );0
2017;NOV;REGIÃO SUDESTE;ESPÍRITO SANTO;ÓLEO DIESEL (OUTROS );40
2017;DEZ;REGIÃO SUDESTE;ESPÍRITO SANTO;ÓLEO DIESEL (OUTROS );20
2017;JAN;REGIÃO SUDESTE;RIO DE JANEIRO;ÓLEO DIESEL (OUTROS );1549,142
2017;FEV;REGIÃO SUDESTE;RIO DE JANEIRO;ÓLEO DIESEL (OUTROS );1640,508
2017;MAR;REGIÃO SUDESTE;RIO DE JANEIRO;ÓLEO DIESEL (OUTROS );972,406
2017;ABR;REGIÃO SUDESTE;RIO DE JANEIRO;ÓLEO DIESEL (OUTROS );1117,357
2017;MAI;REGIÃO SUDESTE;RIO DE JANEIRO;ÓLEO DIESEL (OUTROS );552,305
2017;JUN;REGIÃO SUDESTE;RIO DE JANEIRO;ÓLEO DIESEL (OUTROS );793,368
2017;JUL;REGIÃO SUDESTE;RIO DE JANEIRO;ÓLEO DIESEL (OUTROS );701,442
2017;AGO;REGIÃO SUDESTE;RIO DE JANEIRO;ÓLEO DIESEL (OUTROS );644,383
2017;SET;REGIÃO SUDESTE;RIO DE JANEIRO;ÓLEO DIESEL (OUTROS );1047,593
2017;OUT;REGIÃO SUDESTE;RIO DE JANEIRO;ÓLEO DIESEL (OUTROS );1042,91
2017;NOV;REGIÃO SUDESTE;RIO DE JANEIRO;ÓLEO DIESEL (OUTROS );984,614
2017;DEZ;REGIÃO SUDESTE;RIO DE JANEIRO;ÓLEO DIESEL (OUTROS );1581,499
2017;JAN;REGIÃO SUDESTE;SÃO PAULO;ÓLEO DIESEL (OUTROS );947,6
2017;FEV;REGIÃO SUDESTE;SÃO PAULO;ÓLEO DIESEL (OUTROS );1081
2017;MAR;REGIÃO SUDESTE;SÃO PAULO;ÓLEO DIESEL (OUTROS );682
2017;ABR;REGIÃO SUDESTE;SÃO PAULO;ÓLEO DIESEL (OUTROS );561,8
2017;MAI;REGIÃO SUDESTE;SÃO PAULO;ÓLEO DIESEL (OUTROS );436
2017;JUN;REGIÃO SUDESTE;SÃO PAULO;ÓLEO DIESEL (OUTROS );450
2017;JUL;REGIÃO SUDESTE;SÃO PAULO;ÓLEO DIESEL (OUTROS );589
2017;AGO;REGIÃO SUDESTE;SÃO PAULO;ÓLEO DIESEL (OUTROS );452
2017;SET;REGIÃO SUDESTE;SÃO PAULO;ÓLEO DIESEL (OUTROS );658,2
2017;OUT;REGIÃO SUDESTE;SÃO PAULO;ÓLEO DIESEL (OUTROS );681,8
2017;NOV;REGIÃO SUDESTE;SÃO PAULO;ÓLEO DIESEL (OUTROS );597
2017;DEZ;REGIÃO SUDESTE;SÃO PAULO;ÓLEO DIESEL (OUTROS );1015
2017;JAN;REGIÃO SUL;PARANÁ;ÓLEO DIESEL (OUTROS );30
2017;FEV;REGIÃO SUL;PARANÁ;ÓLEO DIESEL (OUTROS );15,87
2017;MAR;REGIÃO SUL;PARANÁ;ÓLEO DIESEL (OUTROS );25
2017;ABR;REGIÃO SUL;PARANÁ;ÓLEO DIESEL (OUTROS );15
2017;MAI;REGIÃO SUL;PARANÁ;ÓLEO DIESEL (OUTROS );25
2017;JUN;REGIÃO SUL;PARANÁ;ÓLEO DIESEL (OUTROS );20,703
2017;JUL;REGIÃO SUL;PARANÁ;ÓLEO DIESEL (OUTROS );16,187
2017;AGO;REGIÃO SUL;PARANÁ;ÓLEO DIESEL (OUTROS );20
2017;SET;REGIÃO SUL;PARANÁ;ÓLEO DIESEL (OUTROS );15
2017;OUT;REGIÃO SUL;PARANÁ;ÓLEO DIESEL (OUTROS );10
2017;NOV;REGIÃO SUL;PARANÁ;ÓLEO DIESEL (OUTROS );0
2017;DEZ;REGIÃO SUL;PARANÁ;ÓLEO DIESEL (OUTROS );22,876
2017;JAN;REGIÃO SUL;SANTA CATARINA;ÓLEO DIESEL (OUTROS );95
2017;FEV;REGIÃO SUL;SANTA CATARINA;ÓLEO DIESEL (OUTROS );65
2017;MAR;REGIÃO SUL;SANTA CATARINA;ÓLEO DIESEL (OUTROS );65
2017;ABR;REGIÃO SUL;SANTA CATARINA;ÓLEO DIESEL (OUTROS );35
2017;MAI;REGIÃO SUL;SANTA CATARINA;ÓLEO DIESEL (OUTROS );15
2017;JUN;REGIÃO SUL;SANTA CATARINA;ÓLEO DIESEL (OUTROS );40
2017;JUL;REGIÃO SUL;SANTA CATARINA;ÓLEO DIESEL (OUTROS );30
2017;AGO;REGIÃO SUL;SANTA CATARINA;ÓLEO DIESEL (OUTROS );40
2017;SET;REGIÃO SUL;SANTA CATARINA;ÓLEO DIESEL (OUTROS );30
2017;OUT;REGIÃO SUL;SANTA CATARINA;ÓLEO DIESEL (OUTROS );40
2017;NOV;REGIÃO SUL;SANTA CATARINA;ÓLEO DIESEL (OUTROS );35
2017;DEZ;REGIÃO SUL;SANTA CATARINA;ÓLEO DIESEL (OUTROS );55
2017;JAN;REGIÃO SUL;RIO GRANDE DO SUL;ÓLEO DIESEL (OUTROS );0
2017;FEV;REGIÃO SUL;RIO GRANDE DO SUL;ÓLEO DIESEL (OUTROS );0
2017;MAR;REGIÃO SUL;RIO GRANDE DO SUL;ÓLEO DIESEL (OUTROS );0
2017;ABR;REGIÃO SUL;RIO GRANDE DO SUL;ÓLEO DIESEL (OUTROS );0
2017;MAI;REGIÃO SUL;RIO GRANDE DO SUL;ÓLEO DIESEL (OUTROS );0
2017;JUN;REGIÃO SUL;RIO GRANDE DO SUL;ÓLEO DIESEL (OUTROS );0
2017;JUL;REGIÃO SUL;RIO GRANDE DO SUL;ÓLEO DIESEL (OUTROS );0
2017;AGO;REGIÃO SUL;RIO GRANDE DO SUL;ÓLEO DIESEL (OUTROS );0
2017;SET;REGIÃO SUL;RIO GRANDE DO SUL;ÓLEO DIESEL (OUTROS );0
2017;OUT;REGIÃO SUL;RIO GRANDE DO SUL;ÓLEO DIESEL (OUTROS );0
2017;NOV;REGIÃO SUL;RIO GRANDE DO SUL;ÓLEO DIESEL (OUTROS );0
2017;DEZ;REGIÃO SUL;RIO GRANDE DO SUL;ÓLEO DIESEL (OUTROS );0
2017;JAN;REGIÃO CENTRO-OESTE;MATO GROSSO DO SUL;ÓLEO DIESEL (OUTROS );0
2017;FEV;REGIÃO CENTRO-OESTE;MATO GROSSO DO SUL;ÓLEO DIESEL (OUTROS );0
2017;MAR;REGIÃO CENTRO-OESTE;MATO GROSSO DO SUL;ÓLEO DIESEL (OUTROS );0
2017;ABR;REGIÃO CENTRO-OESTE;MATO GROSSO DO SUL;ÓLEO DIESEL (OUTROS );0
2017;MAI;REGIÃO CENTRO-OESTE;MATO GROSSO DO SUL;ÓLEO DIESEL (OUTROS );0
2017;JUN;REGIÃO CENTRO-OESTE;MATO GROSSO DO SUL;ÓLEO DIESEL (OUTROS );0
2017;JUL;REGIÃO CENTRO-OESTE;MATO GROSSO DO SUL;ÓLEO DIESEL (OUTROS );0
2017;AGO;REGIÃO CENTRO-OESTE;MATO GROSSO DO SUL;ÓLEO DIESEL (OUTROS );0
2017;SET;REGIÃO CENTRO-OESTE;MATO GROSSO DO SUL;ÓLEO DIESEL (OUTROS );0
2017;OUT;REGIÃO CENTRO-OESTE;MATO GROSSO DO SUL;ÓLEO DIESEL (OUTROS );0
2017;NOV;REGIÃO CENTRO-OESTE;MATO GROSSO DO SUL;ÓLEO DIESEL (OUTROS );0
2017;DEZ;REGIÃO CENTRO-OESTE;MATO GROSSO DO SUL;ÓLEO DIESEL (OUTROS );0
2017;JAN;REGIÃO CENTRO-OESTE;MATO GROSSO;ÓLEO DIESEL (OUTROS );146
2017;FEV;REGIÃO CENTRO-OESTE;MATO GROSSO;ÓLEO DIESEL (OUTROS );391
2017;MAR;REGIÃO CENTRO-OESTE;MATO GROSSO;ÓLEO DIESEL (OUTROS );53
2017;ABR;REGIÃO CENTRO-OESTE;MATO GROSSO;ÓLEO DIESEL (OUTROS );232
2017;MAI;REGIÃO CENTRO-OESTE;MATO GROSSO;ÓLEO DIESEL (OUTROS );184
2017;JUN;REGIÃO CENTRO-OESTE;MATO GROSSO;ÓLEO DIESEL (OUTROS );0
2017;JUL;REGIÃO CENTRO-OESTE;MATO GROSSO;ÓLEO DIESEL (OUTROS );0
2017;AGO;REGIÃO CENTRO-OESTE;MATO GROSSO;ÓLEO DIESEL (OUTROS );0
2017;SET;REGIÃO CENTRO-OESTE;MATO GROSSO;ÓLEO DIESEL (OUTROS );0
2017;OUT;REGIÃO CENTRO-OESTE;MATO GROSSO;ÓLEO DIESEL (OUTROS );0
2017;NOV;REGIÃO CENTRO-OESTE;MATO GROSSO;ÓLEO DIESEL (OUTROS );0
2017;DEZ;REGIÃO CENTRO-OESTE;MATO GROSSO;ÓLEO DIESEL (OUTROS );0
2017;JAN;REGIÃO CENTRO-OESTE;GOIÁS;ÓLEO DIESEL (OUTROS );0
2017;FEV;REGIÃO CENTRO-OESTE;GOIÁS;ÓLEO DIESEL (OUTROS );0
2017;MAR;REGIÃO CENTRO-OESTE;GOIÁS;ÓLEO DIESEL (OUTROS );0
2017;ABR;REGIÃO CENTRO-OESTE;GOIÁS;ÓLEO DIESEL (OUTROS );0
2017;MAI;REGIÃO CENTRO-OESTE;GOIÁS;ÓLEO DIESEL (OUTROS );0
2017;JUN;REGIÃO CENTRO-OESTE;GOIÁS;ÓLEO DIESEL (OUTROS );0
2017;JUL;REGIÃO CENTRO-OESTE;GOIÁS;ÓLEO DIESEL (OUTROS );0
2017;AGO;REGIÃO CENTRO-OESTE;GOIÁS;ÓLEO DIESEL (OUTROS );0
2017;SET;REGIÃO CENTRO-OESTE;GOIÁS;ÓLEO DIESEL (OUTROS );0
2017;OUT;REGIÃO CENTRO-OESTE;GOIÁS;ÓLEO DIESEL (OUTROS );0
2017;NOV;REGIÃO CENTRO-OESTE;GOIÁS;ÓLEO DIESEL (OUTROS );0
2017;DEZ;REGIÃO CENTRO-OESTE;GOIÁS;ÓLEO DIESEL (OUTROS );0
2017;JAN;REGIÃO CENTRO-OESTE;DISTRITO FEDERAL;ÓLEO DIESEL (OUTROS );0
2017;FEV;REGIÃO CENTRO-OESTE;DISTRITO FEDERAL;ÓLEO DIESEL (OUTROS );0
2017;MAR;REGIÃO CENTRO-OESTE;DISTRITO FEDERAL;ÓLEO DIESEL (OUTROS );0
2017;ABR;REGIÃO CENTRO-OESTE;DISTRITO FEDERAL;ÓLEO DIESEL (OUTROS );0
2017;MAI;REGIÃO CENTRO-OESTE;DISTRITO FEDERAL;ÓLEO DIESEL (OUTROS );0
2017;JUN;REGIÃO CENTRO-OESTE;DISTRITO FEDERAL;ÓLEO DIESEL (OUTROS );0
2017;JUL;REGIÃO CENTRO-OESTE;DISTRITO FEDERAL;ÓLEO DIESEL (OUTROS );0
2017;AGO;REGIÃO CENTRO-OESTE;DISTRITO FEDERAL;ÓLEO DIESEL (OUTROS );0
2017;SET;REGIÃO CENTRO-OESTE;DISTRITO FEDERAL;ÓLEO DIESEL (OUTROS );0
2017;OUT;REGIÃO CENTRO-OESTE;DISTRITO FEDERAL;ÓLEO DIESEL (OUTROS );0
2017;NOV;REGIÃO CENTRO-OESTE;DISTRITO FEDERAL;ÓLEO DIESEL (OUTROS );0
2017;DEZ;REGIÃO CENTRO-OESTE;DISTRITO FEDERAL;ÓLEO DIESEL (OUTROS );0
2018;JAN;REGIÃO NORTE;RONDÔNIA;ÓLEO DIESEL S-10;15455,337
2018;FEV;REGIÃO NORTE;RONDÔNIA;ÓLEO DIESEL S-10;16360,385
2018;MAR;REGIÃO NORTE;RONDÔNIA;ÓLEO DIESEL S-10;18378,04
2018;ABR;REGIÃO NORTE;RONDÔNIA;ÓLEO DIESEL S-10;17405,856
2018;MAI;REGIÃO NORTE;RONDÔNIA;ÓLEO DIESEL S-10;15078,608
2018;JUN;REGIÃO NORTE;RONDÔNIA;ÓLEO DIESEL S-10;20779,072
2018;JUL;REGIÃO NORTE;RONDÔNIA;ÓLEO DIESEL S-10;21891,283
2018;AGO;REGIÃO NORTE;RONDÔNIA;ÓLEO DIESEL S-10;21607,51
2018;SET;REGIÃO NORTE;RONDÔNIA;ÓLEO DIESEL S-10;21355,119
2018;OUT;REGIÃO NORTE;RONDÔNIA;ÓLEO DIESEL S-10;22160,809
2018;NOV;REGIÃO NORTE;RONDÔNIA;ÓLEO DIESEL S-10;23678,825
2018;DEZ;REGIÃO NORTE;RONDÔNIA;ÓLEO DIESEL S-10;25333,182
2018;JAN;REGIÃO NORTE;ACRE;ÓLEO DIESEL S-10;2519,765
2018;FEV;REGIÃO NORTE;ACRE;ÓLEO DIESEL S-10;2499,208
2018;MAR;REGIÃO NORTE;ACRE;ÓLEO DIESEL S-10;2948,908
2018;ABR;REGIÃO NORTE;ACRE;ÓLEO DIESEL S-10;2905,094
2018;MAI;REGIÃO NORTE;ACRE;ÓLEO DIESEL S-10;3154,237
2018;JUN;REGIÃO NORTE;ACRE;ÓLEO DIESEL S-10;3075,16
2018;JUL;REGIÃO NORTE;ACRE;ÓLEO DIESEL S-10;3646,2
2018;AGO;REGIÃO NORTE;ACRE;ÓLEO DIESEL S-10;4060,9
2018;SET;REGIÃO NORTE;ACRE;ÓLEO DIESEL S-10;3544,789
2018;OUT;REGIÃO NORTE;ACRE;ÓLEO DIESEL S-10;3662,897
2018;NOV;REGIÃO NORTE;ACRE;ÓLEO DIESEL S-10;3255,579
2018;DEZ;REGIÃO NORTE;ACRE;ÓLEO DIESEL S-10;2878,078
2018;JAN;REGIÃO NORTE;AMAZONAS;ÓLEO DIESEL S-10;9988,742
2018;FEV;REGIÃO NORTE;AMAZONAS;ÓLEO DIESEL S-10;9143,539
2018;MAR;REGIÃO NORTE;AMAZONAS;ÓLEO DIESEL S-10;11004,309
2018;ABR;REGIÃO NORTE;AMAZONAS;ÓLEO DIESEL S-10;10042,315
2018;MAI;REGIÃO NORTE;AMAZONAS;ÓLEO DIESEL S-10;11119,214
2018;JUN;REGIÃO NORTE;AMAZONAS;ÓLEO DIESEL S-10;10564,127
2018;JUL;REGIÃO NORTE;AMAZONAS;ÓLEO DIESEL S-10;11609,609
2018;AGO;REGIÃO NORTE;AMAZONAS;ÓLEO DIESEL S-10;13672,078
2018;SET;REGIÃO NORTE;AMAZONAS;ÓLEO DIESEL S-10;12455,442
2018;OUT;REGIÃO NORTE;AMAZONAS;ÓLEO DIESEL S-10;13622,73
2018;NOV;REGIÃO NORTE;AMAZONAS;ÓLEO DIESEL S-10;11964,739
2018;DEZ;REGIÃO NORTE;AMAZONAS;ÓLEO DIESEL S-10;11414,364
2018;JAN;REGIÃO NORTE;RORAIMA;ÓLEO DIESEL S-10;3470,852
2018;FEV;REGIÃO NORTE;RORAIMA;ÓLEO DIESEL S-10;3527,934
2018;MAR;REGIÃO NORTE;RORAIMA;ÓLEO DIESEL S-10;4108,445
2018;ABR;REGIÃO NORTE;RORAIMA;ÓLEO DIESEL S-10;3623,953
2018;MAI;REGIÃO NORTE;RORAIMA;ÓLEO DIESEL S-10;3247,562
2018;JUN;REGIÃO NORTE;RORAIMA;ÓLEO DIESEL S-10;2970,2
2018;JUL;REGIÃO NORTE;RORAIMA;ÓLEO DIESEL S-10;2748
2018;AGO;REGIÃO NORTE;RORAIMA;ÓLEO DIESEL S-10;3557,8
2018;SET;REGIÃO NORTE;RORAIMA;ÓLEO DIESEL S-10;3788,222
2018;OUT;REGIÃO NORTE;RORAIMA;ÓLEO DIESEL S-10;4193,929
2018;NOV;REGIÃO NORTE;RORAIMA;ÓLEO DIESEL S-10;3776,892
2018;DEZ;REGIÃO NORTE;RORAIMA;ÓLEO DIESEL S-10;3820,215
2018;JAN;REGIÃO NORTE;PARÁ;ÓLEO DIESEL S-10;67543,655
2018;FEV;REGIÃO NORTE;PARÁ;ÓLEO DIESEL S-10;58797,919
2018;MAR;REGIÃO NORTE;PARÁ;ÓLEO DIESEL S-10;70329,705
2018;ABR;REGIÃO NORTE;PARÁ;ÓLEO DIESEL S-10;65362,584
2018;MAI;REGIÃO NORTE;PARÁ;ÓLEO DIESEL S-10;60254,025
2018;JUN;REGIÃO NORTE;PARÁ;ÓLEO DIESEL S-10;74808,064
2018;JUL;REGIÃO NORTE;PARÁ;ÓLEO DIESEL S-10;78023,467
2018;AGO;REGIÃO NORTE;PARÁ;ÓLEO DIESEL S-10;88070,812
2018;SET;REGIÃO NORTE;PARÁ;ÓLEO DIESEL S-10;80664,616
2018;OUT;REGIÃO NORTE;PARÁ;ÓLEO DIESEL S-10;89540,858
2018;NOV;REGIÃO NORTE;PARÁ;ÓLEO DIESEL S-10;87255,145
2018;DEZ;REGIÃO NORTE;PARÁ;ÓLEO DIESEL S-10;83399,356
2018;JAN;REGIÃO NORTE;AMAPÁ;ÓLEO DIESEL S-10;1131,884
2018;FEV;REGIÃO NORTE;AMAPÁ;ÓLEO DIESEL S-10;1079,501
2018;MAR;REGIÃO NORTE;AMAPÁ;ÓLEO DIESEL S-10;1287,891
2018;ABR;REGIÃO NORTE;AMAPÁ;ÓLEO DIESEL S-10;1258,293
2018;MAI;REGIÃO NORTE;AMAPÁ;ÓLEO DIESEL S-10;1257,498
2018;JUN;REGIÃO NORTE;AMAPÁ;ÓLEO DIESEL S-10;1598,18
2018;JUL;REGIÃO NORTE;AMAPÁ;ÓLEO DIESEL S-10;1661,697
2018;AGO;REGIÃO NORTE;AMAPÁ;ÓLEO DIESEL S-10;2137,128
2018;SET;REGIÃO NORTE;AMAPÁ;ÓLEO DIESEL S-10;1620,09
2018;OUT;REGIÃO NORTE;AMAPÁ;ÓLEO DIESEL S-10;1295,136
2018;NOV;REGIÃO NORTE;AMAPÁ;ÓLEO DIESEL S-10;747,974
2018;DEZ;REGIÃO NORTE;AMAPÁ;ÓLEO DIESEL S-10;736,914
2018;JAN;REGIÃO NORTE;TOCANTINS;ÓLEO DIESEL S-10;24847,897
2018;FEV;REGIÃO NORTE;TOCANTINS;ÓLEO DIESEL S-10;24401,076
2018;MAR;REGIÃO NORTE;TOCANTINS;ÓLEO DIESEL S-10;31983,397
2018;ABR;REGIÃO NORTE;TOCANTINS;ÓLEO DIESEL S-10;30233,033
2018;MAI;REGIÃO NORTE;TOCANTINS;ÓLEO DIESEL S-10;23110,439
2018;JUN;REGIÃO NORTE;TOCANTINS;ÓLEO DIESEL S-10;32810,96
2018;JUL;REGIÃO NORTE;TOCANTINS;ÓLEO DIESEL S-10;33538,209
2018;AGO;REGIÃO NORTE;TOCANTINS;ÓLEO DIESEL S-10;35993,37
2018;SET;REGIÃO NORTE;TOCANTINS;ÓLEO DIESEL S-10;33941,463
2018;OUT;REGIÃO NORTE;TOCANTINS;ÓLEO DIESEL S-10;38383,584
2018;NOV;REGIÃO NORTE;TOCANTINS;ÓLEO DIESEL S-10;39615,244
2018;DEZ;REGIÃO NORTE;TOCANTINS;ÓLEO DIESEL S-10;35550,153
2018;JAN;REGIÃO NORDESTE;MARANHÃO;ÓLEO DIESEL S-10;39847,326
2018;FEV;REGIÃO NORDESTE;MARANHÃO;ÓLEO DIESEL S-10;32689,649
2018;MAR;REGIÃO NORDESTE;MARANHÃO;ÓLEO DIESEL S-10;41421,134
2018;ABR;REGIÃO NORDESTE;MARANHÃO;ÓLEO DIESEL S-10;38634,923
2018;MAI;REGIÃO NORDESTE;MARANHÃO;ÓLEO DIESEL S-10;34925,164
2018;JUN;REGIÃO NORDESTE;MARANHÃO;ÓLEO DIESEL S-10;43349,85
2018;JUL;REGIÃO NORDESTE;MARANHÃO;ÓLEO DIESEL S-10;47568,95
2018;AGO;REGIÃO NORDESTE;MARANHÃO;ÓLEO DIESEL S-10;51066,181
2018;SET;REGIÃO NORDESTE;MARANHÃO;ÓLEO DIESEL S-10;47409,44
2018;OUT;REGIÃO NORDESTE;MARANHÃO;ÓLEO DIESEL S-10;52303,734
2018;NOV;REGIÃO NORDESTE;MARANHÃO;ÓLEO DIESEL S-10;50096,041
2018;DEZ;REGIÃO NORDESTE;MARANHÃO;ÓLEO DIESEL S-10;46972,213
2018;JAN;REGIÃO NORDESTE;PIAUÍ;ÓLEO DIESEL S-10;19725,701
2018;FEV;REGIÃO NORDESTE;PIAUÍ;ÓLEO DIESEL S-10;17456,571
2018;MAR;REGIÃO NORDESTE;PIAUÍ;ÓLEO DIESEL S-10;21429,992
2018;ABR;REGIÃO NORDESTE;PIAUÍ;ÓLEO DIESEL S-10;21502,917
2018;MAI;REGIÃO NORDESTE;PIAUÍ;ÓLEO DIESEL S-10;19102,771
2018;JUN;REGIÃO NORDESTE;PIAUÍ;ÓLEO DIESEL S-10;23437,9
2018;JUL;REGIÃO NORDESTE;PIAUÍ;ÓLEO DIESEL S-10;23888,55
2018;AGO;REGIÃO NORDESTE;PIAUÍ;ÓLEO DIESEL S-10;25023,937
2018;SET;REGIÃO NORDESTE;PIAUÍ;ÓLEO DIESEL S-10;23863,463
2018;OUT;REGIÃO NORDESTE;PIAUÍ;ÓLEO DIESEL S-10;24681,082
2018;NOV;REGIÃO NORDESTE;PIAUÍ;ÓLEO DIESEL S-10;25629,154
2018;DEZ;REGIÃO NORDESTE;PIAUÍ;ÓLEO DIESEL S-10;23984,664
2018;JAN;REGIÃO NORDESTE;CEARÁ;ÓLEO DIESEL S-10;63951,204
2018;FEV;REGIÃO NORDESTE;CEARÁ;ÓLEO DIESEL S-10;55110,087
2018;MAR;REGIÃO NORDESTE;CEARÁ;ÓLEO DIESEL S-10;62280,295
2018;ABR;REGIÃO NORDESTE;CEARÁ;ÓLEO DIESEL S-10;58655,498
2018;MAI;REGIÃO NORDESTE;CEARÁ;ÓLEO DIESEL S-10;56703,65
2018;JUN;REGIÃO NORDESTE;CEARÁ;ÓLEO DIESEL S-10;66088,7
2018;JUL;REGIÃO NORDESTE;CEARÁ;ÓLEO DIESEL S-10;68313,6
2018;AGO;REGIÃO NORDESTE;CEARÁ;ÓLEO DIESEL S-10;73171,3
2018;SET;REGIÃO NORDESTE;CEARÁ;ÓLEO DIESEL S-10;68974,268
2018;OUT;REGIÃO NORDESTE;CEARÁ;ÓLEO DIESEL S-10;75684,195
2018;NOV;REGIÃO NORDESTE;CEARÁ;ÓLEO DIESEL S-10;72027,016
2018;DEZ;REGIÃO NORDESTE;CEARÁ;ÓLEO DIESEL S-10;70211,192
2018;JAN;REGIÃO NORDESTE;RIO GRANDE DO NORTE;ÓLEO DIESEL S-10;11714,687
2018;FEV;REGIÃO NORDESTE;RIO GRANDE DO NORTE;ÓLEO DIESEL S-10;10008,392
2018;MAR;REGIÃO NORDESTE;RIO GRANDE DO NORTE;ÓLEO DIESEL S-10;11509,15
2018;ABR;REGIÃO NORDESTE;RIO GRANDE DO NORTE;ÓLEO DIESEL S-10;10583,878
2018;MAI;REGIÃO NORDESTE;RIO GRANDE DO NORTE;ÓLEO DIESEL S-10;9145,184
2018;JUN;REGIÃO NORDESTE;RIO GRANDE DO NORTE;ÓLEO DIESEL S-10;12586,745
2018;JUL;REGIÃO NORDESTE;RIO GRANDE DO NORTE;ÓLEO DIESEL S-10;11784,5
2018;AGO;REGIÃO NORDESTE;RIO GRANDE DO NORTE;ÓLEO DIESEL S-10;13149,5
2018;SET;REGIÃO NORDESTE;RIO GRANDE DO NORTE;ÓLEO DIESEL S-10;11934,474
2018;OUT;REGIÃO NORDESTE;RIO GRANDE DO NORTE;ÓLEO DIESEL S-10;13036,097
2018;NOV;REGIÃO NORDESTE;RIO GRANDE DO NORTE;ÓLEO DIESEL S-10;12981,058
2018;DEZ;REGIÃO NORDESTE;RIO GRANDE DO NORTE;ÓLEO DIESEL S-10;13352,619
2018;JAN;REGIÃO NORDESTE;PARAÍBA;ÓLEO DIESEL S-10;18396,997
2018;FEV;REGIÃO NORDESTE;PARAÍBA;ÓLEO DIESEL S-10;16092,836
2018;MAR;REGIÃO NORDESTE;PARAÍBA;ÓLEO DIESEL S-10;17768,338
2018;ABR;REGIÃO NORDESTE;PARAÍBA;ÓLEO DIESEL S-10;16538,336
2018;MAI;REGIÃO NORDESTE;PARAÍBA;ÓLEO DIESEL S-10;13916,257
2018;JUN;REGIÃO NORDESTE;PARAÍBA;ÓLEO DIESEL S-10;22525,208
2018;JUL;REGIÃO NORDESTE;PARAÍBA;ÓLEO DIESEL S-10;20982,2
2018;AGO;REGIÃO NORDESTE;PARAÍBA;ÓLEO DIESEL S-10;22893,74
2018;SET;REGIÃO NORDESTE;PARAÍBA;ÓLEO DIESEL S-10;17896,13
2018;OUT;REGIÃO NORDESTE;PARAÍBA;ÓLEO DIESEL S-10;19692,42
2018;NOV;REGIÃO NORDESTE;PARAÍBA;ÓLEO DIESEL S-10;19223,873
2018;DEZ;REGIÃO NORDESTE;PARAÍBA;ÓLEO DIESEL S-10;18977,598
2018;JAN;REGIÃO NORDESTE;PERNAMBUCO;ÓLEO DIESEL S-10;101107,841
2018;FEV;REGIÃO NORDESTE;PERNAMBUCO;ÓLEO DIESEL S-10;89061,511
2018;MAR;REGIÃO NORDESTE;PERNAMBUCO;ÓLEO DIESEL S-10;99598,806
2018;ABR;REGIÃO NORDESTE;PERNAMBUCO;ÓLEO DIESEL S-10;94327,197
2018;MAI;REGIÃO NORDESTE;PERNAMBUCO;ÓLEO DIESEL S-10;76018,175
2018;JUN;REGIÃO NORDESTE;PERNAMBUCO;ÓLEO DIESEL S-10;107255,122
2018;JUL;REGIÃO NORDESTE;PERNAMBUCO;ÓLEO DIESEL S-10;103324,247
2018;AGO;REGIÃO NORDESTE;PERNAMBUCO;ÓLEO DIESEL S-10;115781,565
2018;SET;REGIÃO NORDESTE;PERNAMBUCO;ÓLEO DIESEL S-10;108515,091
2018;OUT;REGIÃO NORDESTE;PERNAMBUCO;ÓLEO DIESEL S-10;118630,202
2018;NOV;REGIÃO NORDESTE;PERNAMBUCO;ÓLEO DIESEL S-10;116058,022
2018;DEZ;REGIÃO NORDESTE;PERNAMBUCO;ÓLEO DIESEL S-10;121854,685
2018;JAN;REGIÃO NORDESTE;ALAGOAS;ÓLEO DIESEL S-10;16097,314
2018;FEV;REGIÃO NORDESTE;ALAGOAS;ÓLEO DIESEL S-10;13303,876
2018;MAR;REGIÃO NORDESTE;ALAGOAS;ÓLEO DIESEL S-10;14743,354
2018;ABR;REGIÃO NORDESTE;ALAGOAS;ÓLEO DIESEL S-10;13454,297
2018;MAI;REGIÃO NORDESTE;ALAGOAS;ÓLEO DIESEL S-10;11197,918
2018;JUN;REGIÃO NORDESTE;ALAGOAS;ÓLEO DIESEL S-10;13980,5
2018;JUL;REGIÃO NORDESTE;ALAGOAS;ÓLEO DIESEL S-10;13470,5
2018;AGO;REGIÃO NORDESTE;ALAGOAS;ÓLEO DIESEL S-10;15297,501
2018;SET;REGIÃO NORDESTE;ALAGOAS;ÓLEO DIESEL S-10;15231,358
2018;OUT;REGIÃO NORDESTE;ALAGOAS;ÓLEO DIESEL S-10;18553,806
2018;NOV;REGIÃO NORDESTE;ALAGOAS;ÓLEO DIESEL S-10;17655,33
2018;DEZ;REGIÃO NORDESTE;ALAGOAS;ÓLEO DIESEL S-10;16528,294
2018;JAN;REGIÃO NORDESTE;SERGIPE;ÓLEO DIESEL S-10;14633,698
2018;FEV;REGIÃO NORDESTE;SERGIPE;ÓLEO DIESEL S-10;12907,108
2018;MAR;REGIÃO NORDESTE;SERGIPE;ÓLEO DIESEL S-10;14693,328
2018;ABR;REGIÃO NORDESTE;SERGIPE;ÓLEO DIESEL S-10;14413,609
2018;MAI;REGIÃO NORDESTE;SERGIPE;ÓLEO DIESEL S-10;12635,521
2018;JUN;REGIÃO NORDESTE;SERGIPE;ÓLEO DIESEL S-10;14556,3
2018;JUL;REGIÃO NORDESTE;SERGIPE;ÓLEO DIESEL S-10;13941,014
2018;AGO;REGIÃO NORDESTE;SERGIPE;ÓLEO DIESEL S-10;15747
2018;SET;REGIÃO NORDESTE;SERGIPE;ÓLEO DIESEL S-10;15313,05
2018;OUT;REGIÃO NORDESTE;SERGIPE;ÓLEO DIESEL S-10;17290,34
2018;NOV;REGIÃO NORDESTE;SERGIPE;ÓLEO DIESEL S-10;16922,378
2018;DEZ;REGIÃO NORDESTE;SERGIPE;ÓLEO DIESEL S-10;16671,877
2018;JAN;REGIÃO NORDESTE;BAHIA;ÓLEO DIESEL S-10;100153,555
2018;FEV;REGIÃO NORDESTE;BAHIA;ÓLEO DIESEL S-10;90042,844
2018;MAR;REGIÃO NORDESTE;BAHIA;ÓLEO DIESEL S-10;111336,897
2018;ABR;REGIÃO NORDESTE;BAHIA;ÓLEO DIESEL S-10;109146,385
2018;MAI;REGIÃO NORDESTE;BAHIA;ÓLEO DIESEL S-10;85540,003
2018;JUN;REGIÃO NORDESTE;BAHIA;ÓLEO DIESEL S-10;115019,832
2018;JUL;REGIÃO NORDESTE;BAHIA;ÓLEO DIESEL S-10;115178,314
2018;AGO;REGIÃO NORDESTE;BAHIA;ÓLEO DIESEL S-10;125719,692
2018;SET;REGIÃO NORDESTE;BAHIA;ÓLEO DIESEL S-10;114180,605
2018;OUT;REGIÃO NORDESTE;BAHIA;ÓLEO DIESEL S-10;127309,923
2018;NOV;REGIÃO NORDESTE;BAHIA;ÓLEO DIESEL S-10;125911,042
2018;DEZ;REGIÃO NORDESTE;BAHIA;ÓLEO DIESEL S-10;121655,634
2018;JAN;REGIÃO SUDESTE;MINAS GERAIS;ÓLEO DIESEL S-10;162932,847
2018;FEV;REGIÃO SUDESTE;MINAS GERAIS;ÓLEO DIESEL S-10;151162,768
2018;MAR;REGIÃO SUDESTE;MINAS GERAIS;ÓLEO DIESEL S-10;184845,015
2018;ABR;REGIÃO SUDESTE;MINAS GERAIS;ÓLEO DIESEL S-10;183275,856
2018;MAI;REGIÃO SUDESTE;MINAS GERAIS;ÓLEO DIESEL S-10;149569,013
2018;JUN;REGIÃO SUDESTE;MINAS GERAIS;ÓLEO DIESEL S-10;206230,311
2018;JUL;REGIÃO SUDESTE;MINAS GERAIS;ÓLEO DIESEL S-10;201256,972
2018;AGO;REGIÃO SUDESTE;MINAS GERAIS;ÓLEO DIESEL S-10;215481,617
2018;SET;REGIÃO SUDESTE;MINAS GERAIS;ÓLEO DIESEL S-10;198159,492
2018;OUT;REGIÃO SUDESTE;MINAS GERAIS;ÓLEO DIESEL S-10;217233,998
2018;NOV;REGIÃO SUDESTE;MINAS GERAIS;ÓLEO DIESEL S-10;202068,333
2018;DEZ;REGIÃO SUDESTE;MINAS GERAIS;ÓLEO DIESEL S-10;201931,631
2018;JAN;REGIÃO SUDESTE;ESPÍRITO SANTO;ÓLEO DIESEL S-10;36654,388
2018;FEV;REGIÃO SUDESTE;ESPÍRITO SANTO;ÓLEO DIESEL S-10;32182,679
2018;MAR;REGIÃO SUDESTE;ESPÍRITO SANTO;ÓLEO DIESEL S-10;37994,975
2018;ABR;REGIÃO SUDESTE;ESPÍRITO SANTO;ÓLEO DIESEL S-10;35501,686
2018;MAI;REGIÃO SUDESTE;ESPÍRITO SANTO;ÓLEO DIESEL S-10;31439,251
2018;JUN;REGIÃO SUDESTE;ESPÍRITO SANTO;ÓLEO DIESEL S-10;41829,078
2018;JUL;REGIÃO SUDESTE;ESPÍRITO SANTO;ÓLEO DIESEL S-10;40121,4
2018;AGO;REGIÃO SUDESTE;ESPÍRITO SANTO;ÓLEO DIESEL S-10;43503,4
2018;SET;REGIÃO SUDESTE;ESPÍRITO SANTO;ÓLEO DIESEL S-10;39927,845
2018;OUT;REGIÃO SUDESTE;ESPÍRITO SANTO;ÓLEO DIESEL S-10;42755,794
2018;NOV;REGIÃO SUDESTE;ESPÍRITO SANTO;ÓLEO DIESEL S-10;41468,679
2018;DEZ;REGIÃO SUDESTE;ESPÍRITO SANTO;ÓLEO DIESEL S-10;41347,154
2018;JAN;REGIÃO SUDESTE;RIO DE JANEIRO;ÓLEO DIESEL S-10;111945,967
2018;FEV;REGIÃO SUDESTE;RIO DE JANEIRO;ÓLEO DIESEL S-10;99465,292
2018;MAR;REGIÃO SUDESTE;RIO DE JANEIRO;ÓLEO DIESEL S-10;115098,453
2018;ABR;REGIÃO SUDESTE;RIO DE JANEIRO;ÓLEO DIESEL S-10;109732,54
2018;MAI;REGIÃO SUDESTE;RIO DE JANEIRO;ÓLEO DIESEL S-10;99136,82
2018;JUN;REGIÃO SUDESTE;RIO DE JANEIRO;ÓLEO DIESEL S-10;107396,204
2018;JUL;REGIÃO SUDESTE;RIO DE JANEIRO;ÓLEO DIESEL S-10;110072,048
2018;AGO;REGIÃO SUDESTE;RIO DE JANEIRO;ÓLEO DIESEL S-10;118989,69
2018;SET;REGIÃO SUDESTE;RIO DE JANEIRO;ÓLEO DIESEL S-10;109093,815
2018;OUT;REGIÃO SUDESTE;RIO DE JANEIRO;ÓLEO DIESEL S-10;120239,847
2018;NOV;REGIÃO SUDESTE;RIO DE JANEIRO;ÓLEO DIESEL S-10;114005,03
2018;DEZ;REGIÃO SUDESTE;RIO DE JANEIRO;ÓLEO DIESEL S-10;120708,829
2018;JAN;REGIÃO SUDESTE;SÃO PAULO;ÓLEO DIESEL S-10;359797,28
2018;FEV;REGIÃO SUDESTE;SÃO PAULO;ÓLEO DIESEL S-10;356706,553
2018;MAR;REGIÃO SUDESTE;SÃO PAULO;ÓLEO DIESEL S-10;422244,674
2018;ABR;REGIÃO SUDESTE;SÃO PAULO;ÓLEO DIESEL S-10;425041,325
2018;MAI;REGIÃO SUDESTE;SÃO PAULO;ÓLEO DIESEL S-10;367015,71
2018;JUN;REGIÃO SUDESTE;SÃO PAULO;ÓLEO DIESEL S-10;450392,722
2018;JUL;REGIÃO SUDESTE;SÃO PAULO;ÓLEO DIESEL S-10;438765,525
2018;AGO;REGIÃO SUDESTE;SÃO PAULO;ÓLEO DIESEL S-10;472748,689
2018;SET;REGIÃO SUDESTE;SÃO PAULO;ÓLEO DIESEL S-10;436195,25
2018;OUT;REGIÃO SUDESTE;SÃO PAULO;ÓLEO DIESEL S-10;461832,032
2018;NOV;REGIÃO SUDESTE;SÃO PAULO;ÓLEO DIESEL S-10;449289,287
2018;DEZ;REGIÃO SUDESTE;SÃO PAULO;ÓLEO DIESEL S-10;440511,324
2018;JAN;REGIÃO SUL;PARANÁ;ÓLEO DIESEL S-10;120908,928
2018;FEV;REGIÃO SUL;PARANÁ;ÓLEO DIESEL S-10;124783,397
2018;MAR;REGIÃO SUL;PARANÁ;ÓLEO DIESEL S-10;143365,358
2018;ABR;REGIÃO SUL;PARANÁ;ÓLEO DIESEL S-10;138572,245
2018;MAI;REGIÃO SUL;PARANÁ;ÓLEO DIESEL S-10;109503,525
2018;JUN;REGIÃO SUL;PARANÁ;ÓLEO DIESEL S-10;148249,025
2018;JUL;REGIÃO SUL;PARANÁ;ÓLEO DIESEL S-10;151004,66
2018;AGO;REGIÃO SUL;PARANÁ;ÓLEO DIESEL S-10;161649,488
2018;SET;REGIÃO SUL;PARANÁ;ÓLEO DIESEL S-10;148023,466
2018;OUT;REGIÃO SUL;PARANÁ;ÓLEO DIESEL S-10;153878,998
2018;NOV;REGIÃO SUL;PARANÁ;ÓLEO DIESEL S-10;160090,375
2018;DEZ;REGIÃO SUL;PARANÁ;ÓLEO DIESEL S-10;162161,072
2018;JAN;REGIÃO SUL;SANTA CATARINA;ÓLEO DIESEL S-10;69444,161
2018;FEV;REGIÃO SUL;SANTA CATARINA;ÓLEO DIESEL S-10;68793,411
2018;MAR;REGIÃO SUL;SANTA CATARINA;ÓLEO DIESEL S-10;75563,04
2018;ABR;REGIÃO SUL;SANTA CATARINA;ÓLEO DIESEL S-10;75138,6
2018;MAI;REGIÃO SUL;SANTA CATARINA;ÓLEO DIESEL S-10;57245,954
2018;JUN;REGIÃO SUL;SANTA CATARINA;ÓLEO DIESEL S-10;79252,256
2018;JUL;REGIÃO SUL;SANTA CATARINA;ÓLEO DIESEL S-10;76777,543
2018;AGO;REGIÃO SUL;SANTA CATARINA;ÓLEO DIESEL S-10;81601,603
2018;SET;REGIÃO SUL;SANTA CATARINA;ÓLEO DIESEL S-10;74010,788
2018;OUT;REGIÃO SUL;SANTA CATARINA;ÓLEO DIESEL S-10;81487,842
2018;NOV;REGIÃO SUL;SANTA CATARINA;ÓLEO DIESEL S-10;86554,419
2018;DEZ;REGIÃO SUL;SANTA CATARINA;ÓLEO DIESEL S-10;86037,764
2018;JAN;REGIÃO SUL;RIO GRANDE DO SUL;ÓLEO DIESEL S-10;76890,928
2018;FEV;REGIÃO SUL;RIO GRANDE DO SUL;ÓLEO DIESEL S-10;73382,915
2018;MAR;REGIÃO SUL;RIO GRANDE DO SUL;ÓLEO DIESEL S-10;88973,458
2018;ABR;REGIÃO SUL;RIO GRANDE DO SUL;ÓLEO DIESEL S-10;87143,779
2018;MAI;REGIÃO SUL;RIO GRANDE DO SUL;ÓLEO DIESEL S-10;70171,09
2018;JUN;REGIÃO SUL;RIO GRANDE DO SUL;ÓLEO DIESEL S-10;90230,577
2018;JUL;REGIÃO SUL;RIO GRANDE DO SUL;ÓLEO DIESEL S-10;87836,311
2018;AGO;REGIÃO SUL;RIO GRANDE DO SUL;ÓLEO DIESEL S-10;95442,978
2018;SET;REGIÃO SUL;RIO GRANDE DO SUL;ÓLEO DIESEL S-10;85948,888
2018;OUT;REGIÃO SUL;RIO GRANDE DO SUL;ÓLEO DIESEL S-10;96322,756
2018;NOV;REGIÃO SUL;RIO GRANDE DO SUL;ÓLEO DIESEL S-10;98389,252
2018;DEZ;REGIÃO SUL;RIO GRANDE DO SUL;ÓLEO DIESEL S-10;97253,239
2018;JAN;REGIÃO CENTRO-OESTE;MATO GROSSO DO SUL;ÓLEO DIESEL S-10;31129,997
2018;FEV;REGIÃO CENTRO-OESTE;MATO GROSSO DO SUL;ÓLEO DIESEL S-10;37290,027
2018;MAR;REGIÃO CENTRO-OESTE;MATO GROSSO DO SUL;ÓLEO DIESEL S-10;42708,583
2018;ABR;REGIÃO CENTRO-OESTE;MATO GROSSO DO SUL;ÓLEO DIESEL S-10;36660,203
2018;MAI;REGIÃO CENTRO-OESTE;MATO GROSSO DO SUL;ÓLEO DIESEL S-10;30489,476
2018;JUN;REGIÃO CENTRO-OESTE;MATO GROSSO DO SUL;ÓLEO DIESEL S-10;41137,728
2018;JUL;REGIÃO CENTRO-OESTE;MATO GROSSO DO SUL;ÓLEO DIESEL S-10;44331,993
2018;AGO;REGIÃO CENTRO-OESTE;MATO GROSSO DO SUL;ÓLEO DIESEL S-10;44680,678
2018;SET;REGIÃO CENTRO-OESTE;MATO GROSSO DO SUL;ÓLEO DIESEL S-10;40953,53
2018;OUT;REGIÃO CENTRO-OESTE;MATO GROSSO DO SUL;ÓLEO DIESEL S-10;43287,246
2018;NOV;REGIÃO CENTRO-OESTE;MATO GROSSO DO SUL;ÓLEO DIESEL S-10;41729,608
2018;DEZ;REGIÃO CENTRO-OESTE;MATO GROSSO DO SUL;ÓLEO DIESEL S-10;39489,083
2018;JAN;REGIÃO CENTRO-OESTE;MATO GROSSO;ÓLEO DIESEL S-10;45389,763
2018;FEV;REGIÃO CENTRO-OESTE;MATO GROSSO;ÓLEO DIESEL S-10;49917,756
2018;MAR;REGIÃO CENTRO-OESTE;MATO GROSSO;ÓLEO DIESEL S-10;54602,373
2018;ABR;REGIÃO CENTRO-OESTE;MATO GROSSO;ÓLEO DIESEL S-10;46715,957
2018;MAI;REGIÃO CENTRO-OESTE;MATO GROSSO;ÓLEO DIESEL S-10;40378,784
2018;JUN;REGIÃO CENTRO-OESTE;MATO GROSSO;ÓLEO DIESEL S-10;59906,061
2018;JUL;REGIÃO CENTRO-OESTE;MATO GROSSO;ÓLEO DIESEL S-10;63413,304
2018;AGO;REGIÃO CENTRO-OESTE;MATO GROSSO;ÓLEO DIESEL S-10;66572,08
2018;SET;REGIÃO CENTRO-OESTE;MATO GROSSO;ÓLEO DIESEL S-10;65882,37
2018;OUT;REGIÃO CENTRO-OESTE;MATO GROSSO;ÓLEO DIESEL S-10;72138,87
2018;NOV;REGIÃO CENTRO-OESTE;MATO GROSSO;ÓLEO DIESEL S-10;68989,142
2018;DEZ;REGIÃO CENTRO-OESTE;MATO GROSSO;ÓLEO DIESEL S-10;69084,362
2018;JAN;REGIÃO CENTRO-OESTE;GOIÁS;ÓLEO DIESEL S-10;58613,126
2018;FEV;REGIÃO CENTRO-OESTE;GOIÁS;ÓLEO DIESEL S-10;64286,527
2018;MAR;REGIÃO CENTRO-OESTE;GOIÁS;ÓLEO DIESEL S-10;75970,984
2018;ABR;REGIÃO CENTRO-OESTE;GOIÁS;ÓLEO DIESEL S-10;70782,248
2018;MAI;REGIÃO CENTRO-OESTE;GOIÁS;ÓLEO DIESEL S-10;61992,247
2018;JUN;REGIÃO CENTRO-OESTE;GOIÁS;ÓLEO DIESEL S-10;80735,33
2018;JUL;REGIÃO CENTRO-OESTE;GOIÁS;ÓLEO DIESEL S-10;85050,76
2018;AGO;REGIÃO CENTRO-OESTE;GOIÁS;ÓLEO DIESEL S-10;89212,381
2018;SET;REGIÃO CENTRO-OESTE;GOIÁS;ÓLEO DIESEL S-10;81007,511
2018;OUT;REGIÃO CENTRO-OESTE;GOIÁS;ÓLEO DIESEL S-10;90287,392
2018;NOV;REGIÃO CENTRO-OESTE;GOIÁS;ÓLEO DIESEL S-10;76602,452
2018;DEZ;REGIÃO CENTRO-OESTE;GOIÁS;ÓLEO DIESEL S-10;75576,06
2018;JAN;REGIÃO CENTRO-OESTE;DISTRITO FEDERAL;ÓLEO DIESEL S-10;15472,866
2018;FEV;REGIÃO CENTRO-OESTE;DISTRITO FEDERAL;ÓLEO DIESEL S-10;15008,318
2018;MAR;REGIÃO CENTRO-OESTE;DISTRITO FEDERAL;ÓLEO DIESEL S-10;18737,238
2018;ABR;REGIÃO CENTRO-OESTE;DISTRITO FEDERAL;ÓLEO DIESEL S-10;17700,966
2018;MAI;REGIÃO CENTRO-OESTE;DISTRITO FEDERAL;ÓLEO DIESEL S-10;16973,154
2018;JUN;REGIÃO CENTRO-OESTE;DISTRITO FEDERAL;ÓLEO DIESEL S-10;17326,5
2018;JUL;REGIÃO CENTRO-OESTE;DISTRITO FEDERAL;ÓLEO DIESEL S-10;17500,5
2018;AGO;REGIÃO CENTRO-OESTE;DISTRITO FEDERAL;ÓLEO DIESEL S-10;19421,5
2018;SET;REGIÃO CENTRO-OESTE;DISTRITO FEDERAL;ÓLEO DIESEL S-10;17690,651
2018;OUT;REGIÃO CENTRO-OESTE;DISTRITO FEDERAL;ÓLEO DIESEL S-10;19896,92
2018;NOV;REGIÃO CENTRO-OESTE;DISTRITO FEDERAL;ÓLEO DIESEL S-10;18323,944
2018;DEZ;REGIÃO CENTRO-OESTE;DISTRITO FEDERAL;ÓLEO DIESEL S-10;18414,823
2018;JAN;REGIÃO NORTE;RONDÔNIA;ÓLEO DIESEL S-500;44995,41
2018;FEV;REGIÃO NORTE;RONDÔNIA;ÓLEO DIESEL S-500;49365,629
2018;MAR;REGIÃO NORTE;RONDÔNIA;ÓLEO DIESEL S-500;55215,752
2018;ABR;REGIÃO NORTE;RONDÔNIA;ÓLEO DIESEL S-500;50034,019
2018;MAI;REGIÃO NORTE;RONDÔNIA;ÓLEO DIESEL S-500;43279,411
2018;JUN;REGIÃO NORTE;RONDÔNIA;ÓLEO DIESEL S-500;59130,857
2018;JUL;REGIÃO NORTE;RONDÔNIA;ÓLEO DIESEL S-500;58249,89
2018;AGO;REGIÃO NORTE;RONDÔNIA;ÓLEO DIESEL S-500;54326,114
2018;SET;REGIÃO NORTE;RONDÔNIA;ÓLEO DIESEL S-500;51299,528
2018;OUT;REGIÃO NORTE;RONDÔNIA;ÓLEO DIESEL S-500;51620,541
2018;NOV;REGIÃO NORTE;RONDÔNIA;ÓLEO DIESEL S-500;52166,715
2018;DEZ;REGIÃO NORTE;RONDÔNIA;ÓLEO DIESEL S-500;41912,72
2018;JAN;REGIÃO NORTE;ACRE;ÓLEO DIESEL S-500;8541,981
2018;FEV;REGIÃO NORTE;ACRE;ÓLEO DIESEL S-500;7276,524
2018;MAR;REGIÃO NORTE;ACRE;ÓLEO DIESEL S-500;9067,301
2018;ABR;REGIÃO NORTE;ACRE;ÓLEO DIESEL S-500;8623,703
2018;MAI;REGIÃO NORTE;ACRE;ÓLEO DIESEL S-500;9773,525
2018;JUN;REGIÃO NORTE;ACRE;ÓLEO DIESEL S-500;8679,7
2018;JUL;REGIÃO NORTE;ACRE;ÓLEO DIESEL S-500;10636,4
2018;AGO;REGIÃO NORTE;ACRE;ÓLEO DIESEL S-500;10491,9
2018;SET;REGIÃO NORTE;ACRE;ÓLEO DIESEL S-500;9967,594
2018;OUT;REGIÃO NORTE;ACRE;ÓLEO DIESEL S-500;10975,268
2018;NOV;REGIÃO NORTE;ACRE;ÓLEO DIESEL S-500;10017,267
2018;DEZ;REGIÃO NORTE;ACRE;ÓLEO DIESEL S-500;8949,348
2018;JAN;REGIÃO NORTE;AMAZONAS;ÓLEO DIESEL S-500;36657,748
2018;FEV;REGIÃO NORTE;AMAZONAS;ÓLEO DIESEL S-500;27283,709
2018;MAR;REGIÃO NORTE;AMAZONAS;ÓLEO DIESEL S-500;30022,516
2018;ABR;REGIÃO NORTE;AMAZONAS;ÓLEO DIESEL S-500;32053,438
2018;MAI;REGIÃO NORTE;AMAZONAS;ÓLEO DIESEL S-500;21307,104
2018;JUN;REGIÃO NORTE;AMAZONAS;ÓLEO DIESEL S-500;23230,23
2018;JUL;REGIÃO NORTE;AMAZONAS;ÓLEO DIESEL S-500;33779,252
2018;AGO;REGIÃO NORTE;AMAZONAS;ÓLEO DIESEL S-500;54221,46
2018;SET;REGIÃO NORTE;AMAZONAS;ÓLEO DIESEL S-500;69350,965
2018;OUT;REGIÃO NORTE;AMAZONAS;ÓLEO DIESEL S-500;83451,824
2018;NOV;REGIÃO NORTE;AMAZONAS;ÓLEO DIESEL S-500;81604,698
2018;DEZ;REGIÃO NORTE;AMAZONAS;ÓLEO DIESEL S-500;63976,649
2018;JAN;REGIÃO NORTE;RORAIMA;ÓLEO DIESEL S-500;6886,499
2018;FEV;REGIÃO NORTE;RORAIMA;ÓLEO DIESEL S-500;7894,617
2018;MAR;REGIÃO NORTE;RORAIMA;ÓLEO DIESEL S-500;12380,938
2018;ABR;REGIÃO NORTE;RORAIMA;ÓLEO DIESEL S-500;6390,233
2018;MAI;REGIÃO NORTE;RORAIMA;ÓLEO DIESEL S-500;5421,418
2018;JUN;REGIÃO NORTE;RORAIMA;ÓLEO DIESEL S-500;6988,586
2018;JUL;REGIÃO NORTE;RORAIMA;ÓLEO DIESEL S-500;4612
2018;AGO;REGIÃO NORTE;RORAIMA;ÓLEO DIESEL S-500;6670,3
2018;SET;REGIÃO NORTE;RORAIMA;ÓLEO DIESEL S-500;18575,817
2018;OUT;REGIÃO NORTE;RORAIMA;ÓLEO DIESEL S-500;23108,584
2018;NOV;REGIÃO NORTE;RORAIMA;ÓLEO DIESEL S-500;13865,361
2018;DEZ;REGIÃO NORTE;RORAIMA;ÓLEO DIESEL S-500;11559,412
2018;JAN;REGIÃO NORTE;PARÁ;ÓLEO DIESEL S-500;97261,968
2018;FEV;REGIÃO NORTE;PARÁ;ÓLEO DIESEL S-500;93396,851
2018;MAR;REGIÃO NORTE;PARÁ;ÓLEO DIESEL S-500;107445,426
2018;ABR;REGIÃO NORTE;PARÁ;ÓLEO DIESEL S-500;102873,858
2018;MAI;REGIÃO NORTE;PARÁ;ÓLEO DIESEL S-500;99776,528
2018;JUN;REGIÃO NORTE;PARÁ;ÓLEO DIESEL S-500;113957,457
2018;JUL;REGIÃO NORTE;PARÁ;ÓLEO DIESEL S-500;117457,795
2018;AGO;REGIÃO NORTE;PARÁ;ÓLEO DIESEL S-500;124440,926
2018;SET;REGIÃO NORTE;PARÁ;ÓLEO DIESEL S-500;114036,298
2018;OUT;REGIÃO NORTE;PARÁ;ÓLEO DIESEL S-500;119169,248
2018;NOV;REGIÃO NORTE;PARÁ;ÓLEO DIESEL S-500;107706,107
2018;DEZ;REGIÃO NORTE;PARÁ;ÓLEO DIESEL S-500;95376,666
2018;JAN;REGIÃO NORTE;AMAPÁ;ÓLEO DIESEL S-500;7013,973
2018;FEV;REGIÃO NORTE;AMAPÁ;ÓLEO DIESEL S-500;6383,602
2018;MAR;REGIÃO NORTE;AMAPÁ;ÓLEO DIESEL S-500;5801,182
2018;ABR;REGIÃO NORTE;AMAPÁ;ÓLEO DIESEL S-500;5813,627
2018;MAI;REGIÃO NORTE;AMAPÁ;ÓLEO DIESEL S-500;5926,601
2018;JUN;REGIÃO NORTE;AMAPÁ;ÓLEO DIESEL S-500;6610,882
2018;JUL;REGIÃO NORTE;AMAPÁ;ÓLEO DIESEL S-500;6305,759
2018;AGO;REGIÃO NORTE;AMAPÁ;ÓLEO DIESEL S-500;7147,41
2018;SET;REGIÃO NORTE;AMAPÁ;ÓLEO DIESEL S-500;7267,85
2018;OUT;REGIÃO NORTE;AMAPÁ;ÓLEO DIESEL S-500;7674,631
2018;NOV;REGIÃO NORTE;AMAPÁ;ÓLEO DIESEL S-500;6917,828
2018;DEZ;REGIÃO NORTE;AMAPÁ;ÓLEO DIESEL S-500;6392,742
2018;JAN;REGIÃO NORTE;TOCANTINS;ÓLEO DIESEL S-500;44117,342
2018;FEV;REGIÃO NORTE;TOCANTINS;ÓLEO DIESEL S-500;41164,935
2018;MAR;REGIÃO NORTE;TOCANTINS;ÓLEO DIESEL S-500;56892,973
2018;ABR;REGIÃO NORTE;TOCANTINS;ÓLEO DIESEL S-500;54159,742
2018;MAI;REGIÃO NORTE;TOCANTINS;ÓLEO DIESEL S-500;37989,536
2018;JUN;REGIÃO NORTE;TOCANTINS;ÓLEO DIESEL S-500;55092,97
2018;JUL;REGIÃO NORTE;TOCANTINS;ÓLEO DIESEL S-500;50028,07
2018;AGO;REGIÃO NORTE;TOCANTINS;ÓLEO DIESEL S-500;52860,15
2018;SET;REGIÃO NORTE;TOCANTINS;ÓLEO DIESEL S-500;48106,408
2018;OUT;REGIÃO NORTE;TOCANTINS;ÓLEO DIESEL S-500;52031,936
2018;NOV;REGIÃO NORTE;TOCANTINS;ÓLEO DIESEL S-500;48264,749
2018;DEZ;REGIÃO NORTE;TOCANTINS;ÓLEO DIESEL S-500;40595,199
2018;JAN;REGIÃO NORDESTE;MARANHÃO;ÓLEO DIESEL S-500;69314,722
2018;FEV;REGIÃO NORDESTE;MARANHÃO;ÓLEO DIESEL S-500;53295,105
2018;MAR;REGIÃO NORDESTE;MARANHÃO;ÓLEO DIESEL S-500;71632,795
2018;ABR;REGIÃO NORDESTE;MARANHÃO;ÓLEO DIESEL S-500;68242,605
2018;MAI;REGIÃO NORDESTE;MARANHÃO;ÓLEO DIESEL S-500;65528,786
2018;JUN;REGIÃO NORDESTE;MARANHÃO;ÓLEO DIESEL S-500;74251,249
2018;JUL;REGIÃO NORDESTE;MARANHÃO;ÓLEO DIESEL S-500;79892,158
2018;AGO;REGIÃO NORDESTE;MARANHÃO;ÓLEO DIESEL S-500;78718,392
2018;SET;REGIÃO NORDESTE;MARANHÃO;ÓLEO DIESEL S-500;71536,923
2018;OUT;REGIÃO NORDESTE;MARANHÃO;ÓLEO DIESEL S-500;79641,614
2018;NOV;REGIÃO NORDESTE;MARANHÃO;ÓLEO DIESEL S-500;75178,048
2018;DEZ;REGIÃO NORDESTE;MARANHÃO;ÓLEO DIESEL S-500;70723,429
2018;JAN;REGIÃO NORDESTE;PIAUÍ;ÓLEO DIESEL S-500;19541,777
2018;FEV;REGIÃO NORDESTE;PIAUÍ;ÓLEO DIESEL S-500;16704,281
2018;MAR;REGIÃO NORDESTE;PIAUÍ;ÓLEO DIESEL S-500;20719,471
2018;ABR;REGIÃO NORDESTE;PIAUÍ;ÓLEO DIESEL S-500;21917,692
2018;MAI;REGIÃO NORDESTE;PIAUÍ;ÓLEO DIESEL S-500;18096,337
2018;JUN;REGIÃO NORDESTE;PIAUÍ;ÓLEO DIESEL S-500;22495,8
2018;JUL;REGIÃO NORDESTE;PIAUÍ;ÓLEO DIESEL S-500;21787,25
2018;AGO;REGIÃO NORDESTE;PIAUÍ;ÓLEO DIESEL S-500;22293,82
2018;SET;REGIÃO NORDESTE;PIAUÍ;ÓLEO DIESEL S-500;20115,381
2018;OUT;REGIÃO NORDESTE;PIAUÍ;ÓLEO DIESEL S-500;21254,894
2018;NOV;REGIÃO NORDESTE;PIAUÍ;ÓLEO DIESEL S-500;21906,484
2018;DEZ;REGIÃO NORDESTE;PIAUÍ;ÓLEO DIESEL S-500;19981,532
2018;JAN;REGIÃO NORDESTE;CEARÁ;ÓLEO DIESEL S-500;21459,641
2018;FEV;REGIÃO NORDESTE;CEARÁ;ÓLEO DIESEL S-500;18194,294
2018;MAR;REGIÃO NORDESTE;CEARÁ;ÓLEO DIESEL S-500;18841,808
2018;ABR;REGIÃO NORDESTE;CEARÁ;ÓLEO DIESEL S-500;16519,535
2018;MAI;REGIÃO NORDESTE;CEARÁ;ÓLEO DIESEL S-500;15282,582
2018;JUN;REGIÃO NORDESTE;CEARÁ;ÓLEO DIESEL S-500;19496
2018;JUL;REGIÃO NORDESTE;CEARÁ;ÓLEO DIESEL S-500;17762
2018;AGO;REGIÃO NORDESTE;CEARÁ;ÓLEO DIESEL S-500;18772
2018;SET;REGIÃO NORDESTE;CEARÁ;ÓLEO DIESEL S-500;17624,49
2018;OUT;REGIÃO NORDESTE;CEARÁ;ÓLEO DIESEL S-500;19515,353
2018;NOV;REGIÃO NORDESTE;CEARÁ;ÓLEO DIESEL S-500;17377,762
2018;DEZ;REGIÃO NORDESTE;CEARÁ;ÓLEO DIESEL S-500;16922,185
2018;JAN;REGIÃO NORDESTE;RIO GRANDE DO NORTE;ÓLEO DIESEL S-500;24405,662
2018;FEV;REGIÃO NORDESTE;RIO GRANDE DO NORTE;ÓLEO DIESEL S-500;21632,646
2018;MAR;REGIÃO NORDESTE;RIO GRANDE DO NORTE;ÓLEO DIESEL S-500;25800,277
2018;ABR;REGIÃO NORDESTE;RIO GRANDE DO NORTE;ÓLEO DIESEL S-500;22365,352
2018;MAI;REGIÃO NORDESTE;RIO GRANDE DO NORTE;ÓLEO DIESEL S-500;20582,04
2018;JUN;REGIÃO NORDESTE;RIO GRANDE DO NORTE;ÓLEO DIESEL S-500;23619
2018;JUL;REGIÃO NORDESTE;RIO GRANDE DO NORTE;ÓLEO DIESEL S-500;24269,5
2018;AGO;REGIÃO NORDESTE;RIO GRANDE DO NORTE;ÓLEO DIESEL S-500;26537,5
2018;SET;REGIÃO NORDESTE;RIO GRANDE DO NORTE;ÓLEO DIESEL S-500;24275,627
2018;OUT;REGIÃO NORDESTE;RIO GRANDE DO NORTE;ÓLEO DIESEL S-500;26763,698
2018;NOV;REGIÃO NORDESTE;RIO GRANDE DO NORTE;ÓLEO DIESEL S-500;26148,143
2018;DEZ;REGIÃO NORDESTE;RIO GRANDE DO NORTE;ÓLEO DIESEL S-500;30456,027
2018;JAN;REGIÃO NORDESTE;PARAÍBA;ÓLEO DIESEL S-500;19765,668
2018;FEV;REGIÃO NORDESTE;PARAÍBA;ÓLEO DIESEL S-500;16352,738
2018;MAR;REGIÃO NORDESTE;PARAÍBA;ÓLEO DIESEL S-500;17846,384
2018;ABR;REGIÃO NORDESTE;PARAÍBA;ÓLEO DIESEL S-500;15848,786
2018;MAI;REGIÃO NORDESTE;PARAÍBA;ÓLEO DIESEL S-500;12836,783
2018;JUN;REGIÃO NORDESTE;PARAÍBA;ÓLEO DIESEL S-500;17465,342
2018;JUL;REGIÃO NORDESTE;PARAÍBA;ÓLEO DIESEL S-500;16848,6
2018;AGO;REGIÃO NORDESTE;PARAÍBA;ÓLEO DIESEL S-500;18296,61
2018;SET;REGIÃO NORDESTE;PARAÍBA;ÓLEO DIESEL S-500;17377,112
2018;OUT;REGIÃO NORDESTE;PARAÍBA;ÓLEO DIESEL S-500;18734,49
2018;NOV;REGIÃO NORDESTE;PARAÍBA;ÓLEO DIESEL S-500;18404,219
2018;DEZ;REGIÃO NORDESTE;PARAÍBA;ÓLEO DIESEL S-500;16468,747
2018;JAN;REGIÃO NORDESTE;PERNAMBUCO;ÓLEO DIESEL S-500;12075,274
2018;FEV;REGIÃO NORDESTE;PERNAMBUCO;ÓLEO DIESEL S-500;11064,046
2018;MAR;REGIÃO NORDESTE;PERNAMBUCO;ÓLEO DIESEL S-500;11014,201
2018;ABR;REGIÃO NORDESTE;PERNAMBUCO;ÓLEO DIESEL S-500;9059,901
2018;MAI;REGIÃO NORDESTE;PERNAMBUCO;ÓLEO DIESEL S-500;6559,746
2018;JUN;REGIÃO NORDESTE;PERNAMBUCO;ÓLEO DIESEL S-500;8105,6
2018;JUL;REGIÃO NORDESTE;PERNAMBUCO;ÓLEO DIESEL S-500;5779,45
2018;AGO;REGIÃO NORDESTE;PERNAMBUCO;ÓLEO DIESEL S-500;5074,65
2018;SET;REGIÃO NORDESTE;PERNAMBUCO;ÓLEO DIESEL S-500;3789,794
2018;OUT;REGIÃO NORDESTE;PERNAMBUCO;ÓLEO DIESEL S-500;4089,421
2018;NOV;REGIÃO NORDESTE;PERNAMBUCO;ÓLEO DIESEL S-500;3866,453
2018;DEZ;REGIÃO NORDESTE;PERNAMBUCO;ÓLEO DIESEL S-500;3537,952
2018;JAN;REGIÃO NORDESTE;ALAGOAS;ÓLEO DIESEL S-500;17386,51
2018;FEV;REGIÃO NORDESTE;ALAGOAS;ÓLEO DIESEL S-500;14559,297
2018;MAR;REGIÃO NORDESTE;ALAGOAS;ÓLEO DIESEL S-500;14775,242
2018;ABR;REGIÃO NORDESTE;ALAGOAS;ÓLEO DIESEL S-500;12473,993
2018;MAI;REGIÃO NORDESTE;ALAGOAS;ÓLEO DIESEL S-500;11930,162
2018;JUN;REGIÃO NORDESTE;ALAGOAS;ÓLEO DIESEL S-500;12452,36
2018;JUL;REGIÃO NORDESTE;ALAGOAS;ÓLEO DIESEL S-500;12274,5
2018;AGO;REGIÃO NORDESTE;ALAGOAS;ÓLEO DIESEL S-500;14119,501
2018;SET;REGIÃO NORDESTE;ALAGOAS;ÓLEO DIESEL S-500;13907,231
2018;OUT;REGIÃO NORDESTE;ALAGOAS;ÓLEO DIESEL S-500;16601,049
2018;NOV;REGIÃO NORDESTE;ALAGOAS;ÓLEO DIESEL S-500;16496,77
2018;DEZ;REGIÃO NORDESTE;ALAGOAS;ÓLEO DIESEL S-500;16775,763
2018;JAN;REGIÃO NORDESTE;SERGIPE;ÓLEO DIESEL S-500;12045,271
2018;FEV;REGIÃO NORDESTE;SERGIPE;ÓLEO DIESEL S-500;10690,168
2018;MAR;REGIÃO NORDESTE;SERGIPE;ÓLEO DIESEL S-500;11366,455
2018;ABR;REGIÃO NORDESTE;SERGIPE;ÓLEO DIESEL S-500;11619,915
2018;MAI;REGIÃO NORDESTE;SERGIPE;ÓLEO DIESEL S-500;10167,623
2018;JUN;REGIÃO NORDESTE;SERGIPE;ÓLEO DIESEL S-500;12213,6
2018;JUL;REGIÃO NORDESTE;SERGIPE;ÓLEO DIESEL S-500;9978,5
2018;AGO;REGIÃO NORDESTE;SERGIPE;ÓLEO DIESEL S-500;11916
2018;SET;REGIÃO NORDESTE;SERGIPE;ÓLEO DIESEL S-500;10435,408
2018;OUT;REGIÃO NORDESTE;SERGIPE;ÓLEO DIESEL S-500;11462,735
2018;NOV;REGIÃO NORDESTE;SERGIPE;ÓLEO DIESEL S-500;11174,839
2018;DEZ;REGIÃO NORDESTE;SERGIPE;ÓLEO DIESEL S-500;10014,36
2018;JAN;REGIÃO NORDESTE;BAHIA;ÓLEO DIESEL S-500;140960,709
2018;FEV;REGIÃO NORDESTE;BAHIA;ÓLEO DIESEL S-500;125277,185
2018;MAR;REGIÃO NORDESTE;BAHIA;ÓLEO DIESEL S-500;152894,769
2018;ABR;REGIÃO NORDESTE;BAHIA;ÓLEO DIESEL S-500;153235,171
2018;MAI;REGIÃO NORDESTE;BAHIA;ÓLEO DIESEL S-500;114327,928
2018;JUN;REGIÃO NORDESTE;BAHIA;ÓLEO DIESEL S-500;164366,06
2018;JUL;REGIÃO NORDESTE;BAHIA;ÓLEO DIESEL S-500;154855,876
2018;AGO;REGIÃO NORDESTE;BAHIA;ÓLEO DIESEL S-500;160303,396
2018;SET;REGIÃO NORDESTE;BAHIA;ÓLEO DIESEL S-500;145271,025
2018;OUT;REGIÃO NORDESTE;BAHIA;ÓLEO DIESEL S-500;153840,723
2018;NOV;REGIÃO NORDESTE;BAHIA;ÓLEO DIESEL S-500;145089,927
2018;DEZ;REGIÃO NORDESTE;BAHIA;ÓLEO DIESEL S-500;127642,205
2018;JAN;REGIÃO SUDESTE;MINAS GERAIS;ÓLEO DIESEL S-500;355234,096
2018;FEV;REGIÃO SUDESTE;MINAS GERAIS;ÓLEO DIESEL S-500;333723,156
2018;MAR;REGIÃO SUDESTE;MINAS GERAIS;ÓLEO DIESEL S-500;400682,508
2018;ABR;REGIÃO SUDESTE;MINAS GERAIS;ÓLEO DIESEL S-500;384396,403
2018;MAI;REGIÃO SUDESTE;MINAS GERAIS;ÓLEO DIESEL S-500;309670,318
2018;JUN;REGIÃO SUDESTE;MINAS GERAIS;ÓLEO DIESEL S-500;427248,124
2018;JUL;REGIÃO SUDESTE;MINAS GERAIS;ÓLEO DIESEL S-500;408181,828
2018;AGO;REGIÃO SUDESTE;MINAS GERAIS;ÓLEO DIESEL S-500;424918,827
2018;SET;REGIÃO SUDESTE;MINAS GERAIS;ÓLEO DIESEL S-500;382093,122
2018;OUT;REGIÃO SUDESTE;MINAS GERAIS;ÓLEO DIESEL S-500;406570,115
2018;NOV;REGIÃO SUDESTE;MINAS GERAIS;ÓLEO DIESEL S-500;352313,467
2018;DEZ;REGIÃO SUDESTE;MINAS GERAIS;ÓLEO DIESEL S-500;338195,817
2018;JAN;REGIÃO SUDESTE;ESPÍRITO SANTO;ÓLEO DIESEL S-500;46496,622
2018;FEV;REGIÃO SUDESTE;ESPÍRITO SANTO;ÓLEO DIESEL S-500;40432,744
2018;MAR;REGIÃO SUDESTE;ESPÍRITO SANTO;ÓLEO DIESEL S-500;50804,261
2018;ABR;REGIÃO SUDESTE;ESPÍRITO SANTO;ÓLEO DIESEL S-500;44989,71
2018;MAI;REGIÃO SUDESTE;ESPÍRITO SANTO;ÓLEO DIESEL S-500;40568,994
2018;JUN;REGIÃO SUDESTE;ESPÍRITO SANTO;ÓLEO DIESEL S-500;55859,676
2018;JUL;REGIÃO SUDESTE;ESPÍRITO SANTO;ÓLEO DIESEL S-500;59881,373
2018;AGO;REGIÃO SUDESTE;ESPÍRITO SANTO;ÓLEO DIESEL S-500;61059,133
2018;SET;REGIÃO SUDESTE;ESPÍRITO SANTO;ÓLEO DIESEL S-500;55846,233
2018;OUT;REGIÃO SUDESTE;ESPÍRITO SANTO;ÓLEO DIESEL S-500;60030,229
2018;NOV;REGIÃO SUDESTE;ESPÍRITO SANTO;ÓLEO DIESEL S-500;55505,559
2018;DEZ;REGIÃO SUDESTE;ESPÍRITO SANTO;ÓLEO DIESEL S-500;53536,475
2018;JAN;REGIÃO SUDESTE;RIO DE JANEIRO;ÓLEO DIESEL S-500;64681,594
2018;FEV;REGIÃO SUDESTE;RIO DE JANEIRO;ÓLEO DIESEL S-500;54840,42
2018;MAR;REGIÃO SUDESTE;RIO DE JANEIRO;ÓLEO DIESEL S-500;59398,338
2018;ABR;REGIÃO SUDESTE;RIO DE JANEIRO;ÓLEO DIESEL S-500;61118,112
2018;MAI;REGIÃO SUDESTE;RIO DE JANEIRO;ÓLEO DIESEL S-500;54863,723
2018;JUN;REGIÃO SUDESTE;RIO DE JANEIRO;ÓLEO DIESEL S-500;63896,056
2018;JUL;REGIÃO SUDESTE;RIO DE JANEIRO;ÓLEO DIESEL S-500;66699,535
2018;AGO;REGIÃO SUDESTE;RIO DE JANEIRO;ÓLEO DIESEL S-500;68083,341
2018;SET;REGIÃO SUDESTE;RIO DE JANEIRO;ÓLEO DIESEL S-500;61427,06
2018;OUT;REGIÃO SUDESTE;RIO DE JANEIRO;ÓLEO DIESEL S-500;70459,82
2018;NOV;REGIÃO SUDESTE;RIO DE JANEIRO;ÓLEO DIESEL S-500;63076,849
2018;DEZ;REGIÃO SUDESTE;RIO DE JANEIRO;ÓLEO DIESEL S-500;62093,843
2018;JAN;REGIÃO SUDESTE;SÃO PAULO;ÓLEO DIESEL S-500;464273,645
2018;FEV;REGIÃO SUDESTE;SÃO PAULO;ÓLEO DIESEL S-500;492196,644
2018;MAR;REGIÃO SUDESTE;SÃO PAULO;ÓLEO DIESEL S-500;594817,472
2018;ABR;REGIÃO SUDESTE;SÃO PAULO;ÓLEO DIESEL S-500;611455,528
2018;MAI;REGIÃO SUDESTE;SÃO PAULO;ÓLEO DIESEL S-500;519602,053
2018;JUN;REGIÃO SUDESTE;SÃO PAULO;ÓLEO DIESEL S-500;686446,804
2018;JUL;REGIÃO SUDESTE;SÃO PAULO;ÓLEO DIESEL S-500;659635,556
2018;AGO;REGIÃO SUDESTE;SÃO PAULO;ÓLEO DIESEL S-500;677686,428
2018;SET;REGIÃO SUDESTE;SÃO PAULO;ÓLEO DIESEL S-500;618122,671
2018;OUT;REGIÃO SUDESTE;SÃO PAULO;ÓLEO DIESEL S-500;611184,77
2018;NOV;REGIÃO SUDESTE;SÃO PAULO;ÓLEO DIESEL S-500;565653,448
2018;DEZ;REGIÃO SUDESTE;SÃO PAULO;ÓLEO DIESEL S-500;484468,522
2018;JAN;REGIÃO SUL;PARANÁ;ÓLEO DIESEL S-500;266834,51
2018;FEV;REGIÃO SUL;PARANÁ;ÓLEO DIESEL S-500;325705,862
2018;MAR;REGIÃO SUL;PARANÁ;ÓLEO DIESEL S-500;353934,939
2018;ABR;REGIÃO SUL;PARANÁ;ÓLEO DIESEL S-500;322521,533
2018;MAI;REGIÃO SUL;PARANÁ;ÓLEO DIESEL S-500;238188,864
2018;JUN;REGIÃO SUL;PARANÁ;ÓLEO DIESEL S-500;341549,641
2018;JUL;REGIÃO SUL;PARANÁ;ÓLEO DIESEL S-500;355406,739
2018;AGO;REGIÃO SUL;PARANÁ;ÓLEO DIESEL S-500;355058,961
2018;SET;REGIÃO SUL;PARANÁ;ÓLEO DIESEL S-500;324907,237
2018;OUT;REGIÃO SUL;PARANÁ;ÓLEO DIESEL S-500;304138,594
2018;NOV;REGIÃO SUL;PARANÁ;ÓLEO DIESEL S-500;296393,962
2018;DEZ;REGIÃO SUL;PARANÁ;ÓLEO DIESEL S-500;267116,677
2018;JAN;REGIÃO SUL;SANTA CATARINA;ÓLEO DIESEL S-500;120689,932
2018;FEV;REGIÃO SUL;SANTA CATARINA;ÓLEO DIESEL S-500;126239,936
2018;MAR;REGIÃO SUL;SANTA CATARINA;ÓLEO DIESEL S-500;136832,225
2018;ABR;REGIÃO SUL;SANTA CATARINA;ÓLEO DIESEL S-500;134064,55
2018;MAI;REGIÃO SUL;SANTA CATARINA;ÓLEO DIESEL S-500;95741,106
2018;JUN;REGIÃO SUL;SANTA CATARINA;ÓLEO DIESEL S-500;142320,13
2018;JUL;REGIÃO SUL;SANTA CATARINA;ÓLEO DIESEL S-500;132433,284
2018;AGO;REGIÃO SUL;SANTA CATARINA;ÓLEO DIESEL S-500;136066,242
2018;SET;REGIÃO SUL;SANTA CATARINA;ÓLEO DIESEL S-500;117347,806
2018;OUT;REGIÃO SUL;SANTA CATARINA;ÓLEO DIESEL S-500;123605,726
2018;NOV;REGIÃO SUL;SANTA CATARINA;ÓLEO DIESEL S-500;122480,072
2018;DEZ;REGIÃO SUL;SANTA CATARINA;ÓLEO DIESEL S-500;104216,193
2018;JAN;REGIÃO SUL;RIO GRANDE DO SUL;ÓLEO DIESEL S-500;183114,747
2018;FEV;REGIÃO SUL;RIO GRANDE DO SUL;ÓLEO DIESEL S-500;182330,837
2018;MAR;REGIÃO SUL;RIO GRANDE DO SUL;ÓLEO DIESEL S-500;257315,529
2018;ABR;REGIÃO SUL;RIO GRANDE DO SUL;ÓLEO DIESEL S-500;259650,876
2018;MAI;REGIÃO SUL;RIO GRANDE DO SUL;ÓLEO DIESEL S-500;159952,514
2018;JUN;REGIÃO SUL;RIO GRANDE DO SUL;ÓLEO DIESEL S-500;210566,842
2018;JUL;REGIÃO SUL;RIO GRANDE DO SUL;ÓLEO DIESEL S-500;196873,404
2018;AGO;REGIÃO SUL;RIO GRANDE DO SUL;ÓLEO DIESEL S-500;211326,828
2018;SET;REGIÃO SUL;RIO GRANDE DO SUL;ÓLEO DIESEL S-500;192382,425
2018;OUT;REGIÃO SUL;RIO GRANDE DO SUL;ÓLEO DIESEL S-500;230869,673
2018;NOV;REGIÃO SUL;RIO GRANDE DO SUL;ÓLEO DIESEL S-500;223211,861
2018;DEZ;REGIÃO SUL;RIO GRANDE DO SUL;ÓLEO DIESEL S-500;178765,605
2018;JAN;REGIÃO CENTRO-OESTE;MATO GROSSO DO SUL;ÓLEO DIESEL S-500;49176,759
2018;FEV;REGIÃO CENTRO-OESTE;MATO GROSSO DO SUL;ÓLEO DIESEL S-500;69279,447
2018;MAR;REGIÃO CENTRO-OESTE;MATO GROSSO DO SUL;ÓLEO DIESEL S-500;78818,792
2018;ABR;REGIÃO CENTRO-OESTE;MATO GROSSO DO SUL;ÓLEO DIESEL S-500;65972,65
2018;MAI;REGIÃO CENTRO-OESTE;MATO GROSSO DO SUL;ÓLEO DIESEL S-500;51215,13
2018;JUN;REGIÃO CENTRO-OESTE;MATO GROSSO DO SUL;ÓLEO DIESEL S-500;77580,386
2018;JUL;REGIÃO CENTRO-OESTE;MATO GROSSO DO SUL;ÓLEO DIESEL S-500;87491,095
2018;AGO;REGIÃO CENTRO-OESTE;MATO GROSSO DO SUL;ÓLEO DIESEL S-500;89893,092
2018;SET;REGIÃO CENTRO-OESTE;MATO GROSSO DO SUL;ÓLEO DIESEL S-500;79344,758
2018;OUT;REGIÃO CENTRO-OESTE;MATO GROSSO DO SUL;ÓLEO DIESEL S-500;79619,97
2018;NOV;REGIÃO CENTRO-OESTE;MATO GROSSO DO SUL;ÓLEO DIESEL S-500;74051,472
2018;DEZ;REGIÃO CENTRO-OESTE;MATO GROSSO DO SUL;ÓLEO DIESEL S-500;63878,825
2018;JAN;REGIÃO CENTRO-OESTE;MATO GROSSO;ÓLEO DIESEL S-500;180932,445
2018;FEV;REGIÃO CENTRO-OESTE;MATO GROSSO;ÓLEO DIESEL S-500;212543,047
2018;MAR;REGIÃO CENTRO-OESTE;MATO GROSSO;ÓLEO DIESEL S-500;197780,772
2018;ABR;REGIÃO CENTRO-OESTE;MATO GROSSO;ÓLEO DIESEL S-500;150751,949
2018;MAI;REGIÃO CENTRO-OESTE;MATO GROSSO;ÓLEO DIESEL S-500;126032,228
2018;JUN;REGIÃO CENTRO-OESTE;MATO GROSSO;ÓLEO DIESEL S-500;202313,24
2018;JUL;REGIÃO CENTRO-OESTE;MATO GROSSO;ÓLEO DIESEL S-500;210845,744
2018;AGO;REGIÃO CENTRO-OESTE;MATO GROSSO;ÓLEO DIESEL S-500;206471,666
2018;SET;REGIÃO CENTRO-OESTE;MATO GROSSO;ÓLEO DIESEL S-500;183873,003
2018;OUT;REGIÃO CENTRO-OESTE;MATO GROSSO;ÓLEO DIESEL S-500;189822,797
2018;NOV;REGIÃO CENTRO-OESTE;MATO GROSSO;ÓLEO DIESEL S-500;145670,44
2018;DEZ;REGIÃO CENTRO-OESTE;MATO GROSSO;ÓLEO DIESEL S-500;129257,976
2018;JAN;REGIÃO CENTRO-OESTE;GOIÁS;ÓLEO DIESEL S-500;121274,831
2018;FEV;REGIÃO CENTRO-OESTE;GOIÁS;ÓLEO DIESEL S-500;137230,919
2018;MAR;REGIÃO CENTRO-OESTE;GOIÁS;ÓLEO DIESEL S-500;166364,955
2018;ABR;REGIÃO CENTRO-OESTE;GOIÁS;ÓLEO DIESEL S-500;139729,018
2018;MAI;REGIÃO CENTRO-OESTE;GOIÁS;ÓLEO DIESEL S-500;121551,388
2018;JUN;REGIÃO CENTRO-OESTE;GOIÁS;ÓLEO DIESEL S-500;166462,184
2018;JUL;REGIÃO CENTRO-OESTE;GOIÁS;ÓLEO DIESEL S-500;171235,2
2018;AGO;REGIÃO CENTRO-OESTE;GOIÁS;ÓLEO DIESEL S-500;175360,876
2018;SET;REGIÃO CENTRO-OESTE;GOIÁS;ÓLEO DIESEL S-500;160923,804
2018;OUT;REGIÃO CENTRO-OESTE;GOIÁS;ÓLEO DIESEL S-500;169493,416
2018;NOV;REGIÃO CENTRO-OESTE;GOIÁS;ÓLEO DIESEL S-500;131936,313
2018;DEZ;REGIÃO CENTRO-OESTE;GOIÁS;ÓLEO DIESEL S-500;114275,371
2018;JAN;REGIÃO CENTRO-OESTE;DISTRITO FEDERAL;ÓLEO DIESEL S-500;11285,55
2018;FEV;REGIÃO CENTRO-OESTE;DISTRITO FEDERAL;ÓLEO DIESEL S-500;10839,777
2018;MAR;REGIÃO CENTRO-OESTE;DISTRITO FEDERAL;ÓLEO DIESEL S-500;13635,833
2018;ABR;REGIÃO CENTRO-OESTE;DISTRITO FEDERAL;ÓLEO DIESEL S-500;12613,73
2018;MAI;REGIÃO CENTRO-OESTE;DISTRITO FEDERAL;ÓLEO DIESEL S-500;12558,591
2018;JUN;REGIÃO CENTRO-OESTE;DISTRITO FEDERAL;ÓLEO DIESEL S-500;13644,5
2018;JUL;REGIÃO CENTRO-OESTE;DISTRITO FEDERAL;ÓLEO DIESEL S-500;12921
2018;AGO;REGIÃO CENTRO-OESTE;DISTRITO FEDERAL;ÓLEO DIESEL S-500;14691,5
2018;SET;REGIÃO CENTRO-OESTE;DISTRITO FEDERAL;ÓLEO DIESEL S-500;13968,263
2018;OUT;REGIÃO CENTRO-OESTE;DISTRITO FEDERAL;ÓLEO DIESEL S-500;14295,898
2018;NOV;REGIÃO CENTRO-OESTE;DISTRITO FEDERAL;ÓLEO DIESEL S-500;12284,026
2018;DEZ;REGIÃO CENTRO-OESTE;DISTRITO FEDERAL;ÓLEO DIESEL S-500;11174,868
2018;JAN;REGIÃO NORTE;RONDÔNIA;ÓLEO DIESEL S-1800;0
2018;FEV;REGIÃO NORTE;RONDÔNIA;ÓLEO DIESEL S-1800;0
2018;MAR;REGIÃO NORTE;RONDÔNIA;ÓLEO DIESEL S-1800;0
2018;ABR;REGIÃO NORTE;RONDÔNIA;ÓLEO DIESEL S-1800;0
2018;MAI;REGIÃO NORTE;RONDÔNIA;ÓLEO DIESEL S-1800;0
2018;JUN;REGIÃO NORTE;RONDÔNIA;ÓLEO DIESEL S-1800;0
2018;JUL;REGIÃO NORTE;RONDÔNIA;ÓLEO DIESEL S-1800;0
2018;AGO;REGIÃO NORTE;RONDÔNIA;ÓLEO DIESEL S-1800;0
2018;SET;REGIÃO NORTE;RONDÔNIA;ÓLEO DIESEL S-1800;0
2018;OUT;REGIÃO NORTE;RONDÔNIA;ÓLEO DIESEL S-1800;0
2018;NOV;REGIÃO NORTE;RONDÔNIA;ÓLEO DIESEL S-1800;0
2018;DEZ;REGIÃO NORTE;RONDÔNIA;ÓLEO DIESEL S-1800;0
2018;JAN;REGIÃO NORTE;ACRE;ÓLEO DIESEL S-1800;0
2018;FEV;REGIÃO NORTE;ACRE;ÓLEO DIESEL S-1800;0
2018;MAR;REGIÃO NORTE;ACRE;ÓLEO DIESEL S-1800;0
2018;ABR;REGIÃO NORTE;ACRE;ÓLEO DIESEL S-1800;0
2018;MAI;REGIÃO NORTE;ACRE;ÓLEO DIESEL S-1800;0
2018;JUN;REGIÃO NORTE;ACRE;ÓLEO DIESEL S-1800;0
2018;JUL;REGIÃO NORTE;ACRE;ÓLEO DIESEL S-1800;0
2018;AGO;REGIÃO NORTE;ACRE;ÓLEO DIESEL S-1800;0
2018;SET;REGIÃO NORTE;ACRE;ÓLEO DIESEL S-1800;0
2018;OUT;REGIÃO NORTE;ACRE;ÓLEO DIESEL S-1800;0
2018;NOV;REGIÃO NORTE;ACRE;ÓLEO DIESEL S-1800;0
2018;DEZ;REGIÃO NORTE;ACRE;ÓLEO DIESEL S-1800;0
2018;JAN;REGIÃO NORTE;AMAZONAS;ÓLEO DIESEL S-1800;35852,41
2018;FEV;REGIÃO NORTE;AMAZONAS;ÓLEO DIESEL S-1800;35166,803
2018;MAR;REGIÃO NORTE;AMAZONAS;ÓLEO DIESEL S-1800;43374,695
2018;ABR;REGIÃO NORTE;AMAZONAS;ÓLEO DIESEL S-1800;41967,547
2018;MAI;REGIÃO NORTE;AMAZONAS;ÓLEO DIESEL S-1800;22338,356
2018;JUN;REGIÃO NORTE;AMAZONAS;ÓLEO DIESEL S-1800;38812,808
2018;JUL;REGIÃO NORTE;AMAZONAS;ÓLEO DIESEL S-1800;41116,852
2018;AGO;REGIÃO NORTE;AMAZONAS;ÓLEO DIESEL S-1800;25810,241
2018;SET;REGIÃO NORTE;AMAZONAS;ÓLEO DIESEL S-1800;2894,199
2018;OUT;REGIÃO NORTE;AMAZONAS;ÓLEO DIESEL S-1800;1251,888
2018;NOV;REGIÃO NORTE;AMAZONAS;ÓLEO DIESEL S-1800;60,709
2018;DEZ;REGIÃO NORTE;AMAZONAS;ÓLEO DIESEL S-1800;64,73
2018;JAN;REGIÃO NORTE;RORAIMA;ÓLEO DIESEL S-1800;0
2018;FEV;REGIÃO NORTE;RORAIMA;ÓLEO DIESEL S-1800;0
2018;MAR;REGIÃO NORTE;RORAIMA;ÓLEO DIESEL S-1800;0
2018;ABR;REGIÃO NORTE;RORAIMA;ÓLEO DIESEL S-1800;0
2018;MAI;REGIÃO NORTE;RORAIMA;ÓLEO DIESEL S-1800;0
2018;JUN;REGIÃO NORTE;RORAIMA;ÓLEO DIESEL S-1800;0
2018;JUL;REGIÃO NORTE;RORAIMA;ÓLEO DIESEL S-1800;0
2018;AGO;REGIÃO NORTE;RORAIMA;ÓLEO DIESEL S-1800;0
2018;SET;REGIÃO NORTE;RORAIMA;ÓLEO DIESEL S-1800;0
2018;OUT;REGIÃO NORTE;RORAIMA;ÓLEO DIESEL S-1800;0
2018;NOV;REGIÃO NORTE;RORAIMA;ÓLEO DIESEL S-1800;0
2018;DEZ;REGIÃO NORTE;RORAIMA;ÓLEO DIESEL S-1800;0
2018;JAN;REGIÃO NORTE;PARÁ;ÓLEO DIESEL S-1800;0
2018;FEV;REGIÃO NORTE;PARÁ;ÓLEO DIESEL S-1800;0
2018;MAR;REGIÃO NORTE;PARÁ;ÓLEO DIESEL S-1800;0
2018;ABR;REGIÃO NORTE;PARÁ;ÓLEO DIESEL S-1800;0
2018;MAI;REGIÃO NORTE;PARÁ;ÓLEO DIESEL S-1800;0
2018;JUN;REGIÃO NORTE;PARÁ;ÓLEO DIESEL S-1800;0
2018;JUL;REGIÃO NORTE;PARÁ;ÓLEO DIESEL S-1800;0
2018;AGO;REGIÃO NORTE;PARÁ;ÓLEO DIESEL S-1800;0
2018;SET;REGIÃO NORTE;PARÁ;ÓLEO DIESEL S-1800;0
2018;OUT;REGIÃO NORTE;PARÁ;ÓLEO DIESEL S-1800;0
2018;NOV;REGIÃO NORTE;PARÁ;ÓLEO DIESEL S-1800;0
2018;DEZ;REGIÃO NORTE;PARÁ;ÓLEO DIESEL S-1800;0
2018;JAN;REGIÃO NORTE;AMAPÁ;ÓLEO DIESEL S-1800;0
2018;FEV;REGIÃO NORTE;AMAPÁ;ÓLEO DIESEL S-1800;0
2018;MAR;REGIÃO NORTE;AMAPÁ;ÓLEO DIESEL S-1800;0
2018;ABR;REGIÃO NORTE;AMAPÁ;ÓLEO DIESEL S-1800;0
2018;MAI;REGIÃO NORTE;AMAPÁ;ÓLEO DIESEL S-1800;0
2018;JUN;REGIÃO NORTE;AMAPÁ;ÓLEO DIESEL S-1800;0
2018;JUL;REGIÃO NORTE;AMAPÁ;ÓLEO DIESEL S-1800;0
2018;AGO;REGIÃO NORTE;AMAPÁ;ÓLEO DIESEL S-1800;0
2018;SET;REGIÃO NORTE;AMAPÁ;ÓLEO DIESEL S-1800;0
2018;OUT;REGIÃO NORTE;AMAPÁ;ÓLEO DIESEL S-1800;0
2018;NOV;REGIÃO NORTE;AMAPÁ;ÓLEO DIESEL S-1800;0
2018;DEZ;REGIÃO NORTE;AMAPÁ;ÓLEO DIESEL S-1800;0
2018;JAN;REGIÃO NORTE;TOCANTINS;ÓLEO DIESEL S-1800;0
2018;FEV;REGIÃO NORTE;TOCANTINS;ÓLEO DIESEL S-1800;0
2018;MAR;REGIÃO NORTE;TOCANTINS;ÓLEO DIESEL S-1800;0
2018;ABR;REGIÃO NORTE;TOCANTINS;ÓLEO DIESEL S-1800;10
2018;MAI;REGIÃO NORTE;TOCANTINS;ÓLEO DIESEL S-1800;0
2018;JUN;REGIÃO NORTE;TOCANTINS;ÓLEO DIESEL S-1800;0
2018;JUL;REGIÃO NORTE;TOCANTINS;ÓLEO DIESEL S-1800;0
2018;AGO;REGIÃO NORTE;TOCANTINS;ÓLEO DIESEL S-1800;0
2018;SET;REGIÃO NORTE;TOCANTINS;ÓLEO DIESEL S-1800;0
2018;OUT;REGIÃO NORTE;TOCANTINS;ÓLEO DIESEL S-1800;0
2018;NOV;REGIÃO NORTE;TOCANTINS;ÓLEO DIESEL S-1800;0
2018;DEZ;REGIÃO NORTE;TOCANTINS;ÓLEO DIESEL S-1800;0
2018;JAN;REGIÃO NORDESTE;MARANHÃO;ÓLEO DIESEL S-1800;0
2018;FEV;REGIÃO NORDESTE;MARANHÃO;ÓLEO DIESEL S-1800;0
2018;MAR;REGIÃO NORDESTE;MARANHÃO;ÓLEO DIESEL S-1800;0
2018;ABR;REGIÃO NORDESTE;MARANHÃO;ÓLEO DIESEL S-1800;0
2018;MAI;REGIÃO NORDESTE;MARANHÃO;ÓLEO DIESEL S-1800;0
2018;JUN;REGIÃO NORDESTE;MARANHÃO;ÓLEO DIESEL S-1800;0
2018;JUL;REGIÃO NORDESTE;MARANHÃO;ÓLEO DIESEL S-1800;0
2018;AGO;REGIÃO NORDESTE;MARANHÃO;ÓLEO DIESEL S-1800;0
2018;SET;REGIÃO NORDESTE;MARANHÃO;ÓLEO DIESEL S-1800;0
2018;OUT;REGIÃO NORDESTE;MARANHÃO;ÓLEO DIESEL S-1800;0
2018;NOV;REGIÃO NORDESTE;MARANHÃO;ÓLEO DIESEL S-1800;0
2018;DEZ;REGIÃO NORDESTE;MARANHÃO;ÓLEO DIESEL S-1800;0
2018;JAN;REGIÃO NORDESTE;PIAUÍ;ÓLEO DIESEL S-1800;0
2018;FEV;REGIÃO NORDESTE;PIAUÍ;ÓLEO DIESEL S-1800;0
2018;MAR;REGIÃO NORDESTE;PIAUÍ;ÓLEO DIESEL S-1800;0
2018;ABR;REGIÃO NORDESTE;PIAUÍ;ÓLEO DIESEL S-1800;0
2018;MAI;REGIÃO NORDESTE;PIAUÍ;ÓLEO DIESEL S-1800;0
2018;JUN;REGIÃO NORDESTE;PIAUÍ;ÓLEO DIESEL S-1800;0
2018;JUL;REGIÃO NORDESTE;PIAUÍ;ÓLEO DIESEL S-1800;0
2018;AGO;REGIÃO NORDESTE;PIAUÍ;ÓLEO DIESEL S-1800;0
2018;SET;REGIÃO NORDESTE;PIAUÍ;ÓLEO DIESEL S-1800;0
2018;OUT;REGIÃO NORDESTE;PIAUÍ;ÓLEO DIESEL S-1800;0
2018;NOV;REGIÃO NORDESTE;PIAUÍ;ÓLEO DIESEL S-1800;0
2018;DEZ;REGIÃO NORDESTE;PIAUÍ;ÓLEO DIESEL S-1800;0
2018;JAN;REGIÃO NORDESTE;CEARÁ;ÓLEO DIESEL S-1800;0
2018;FEV;REGIÃO NORDESTE;CEARÁ;ÓLEO DIESEL S-1800;0
2018;MAR;REGIÃO NORDESTE;CEARÁ;ÓLEO DIESEL S-1800;0
2018;ABR;REGIÃO NORDESTE;CEARÁ;ÓLEO DIESEL S-1800;0
2018;MAI;REGIÃO NORDESTE;CEARÁ;ÓLEO DIESEL S-1800;0
2018;JUN;REGIÃO NORDESTE;CEARÁ;ÓLEO DIESEL S-1800;0
2018;JUL;REGIÃO NORDESTE;CEARÁ;ÓLEO DIESEL S-1800;0
2018;AGO;REGIÃO NORDESTE;CEARÁ;ÓLEO DIESEL S-1800;0
2018;SET;REGIÃO NORDESTE;CEARÁ;ÓLEO DIESEL S-1800;0
2018;OUT;REGIÃO NORDESTE;CEARÁ;ÓLEO DIESEL S-1800;0
2018;NOV;REGIÃO NORDESTE;CEARÁ;ÓLEO DIESEL S-1800;0
2018;DEZ;REGIÃO NORDESTE;CEARÁ;ÓLEO DIESEL S-1800;0
2018;JAN;REGIÃO NORDESTE;RIO GRANDE DO NORTE;ÓLEO DIESEL S-1800;0
2018;FEV;REGIÃO NORDESTE;RIO GRANDE DO NORTE;ÓLEO DIESEL S-1800;0
2018;MAR;REGIÃO NORDESTE;RIO GRANDE DO NORTE;ÓLEO DIESEL S-1800;0
2018;ABR;REGIÃO NORDESTE;RIO GRANDE DO NORTE;ÓLEO DIESEL S-1800;0
2018;MAI;REGIÃO NORDESTE;RIO GRANDE DO NORTE;ÓLEO DIESEL S-1800;0
2018;JUN;REGIÃO NORDESTE;RIO GRANDE DO NORTE;ÓLEO DIESEL S-1800;0
2018;JUL;REGIÃO NORDESTE;RIO GRANDE DO NORTE;ÓLEO DIESEL S-1800;0
2018;AGO;REGIÃO NORDESTE;RIO GRANDE DO NORTE;ÓLEO DIESEL S-1800;0
2018;SET;REGIÃO NORDESTE;RIO GRANDE DO NORTE;ÓLEO DIESEL S-1800;0
2018;OUT;REGIÃO NORDESTE;RIO GRANDE DO NORTE;ÓLEO DIESEL S-1800;0
2018;NOV;REGIÃO NORDESTE;RIO GRANDE DO NORTE;ÓLEO DIESEL S-1800;0
2018;DEZ;REGIÃO NORDESTE;RIO GRANDE DO NORTE;ÓLEO DIESEL S-1800;0
2018;JAN;REGIÃO NORDESTE;PARAÍBA;ÓLEO DIESEL S-1800;0
2018;FEV;REGIÃO NORDESTE;PARAÍBA;ÓLEO DIESEL S-1800;15
2018;MAR;REGIÃO NORDESTE;PARAÍBA;ÓLEO DIESEL S-1800;550
2018;ABR;REGIÃO NORDESTE;PARAÍBA;ÓLEO DIESEL S-1800;105
2018;MAI;REGIÃO NORDESTE;PARAÍBA;ÓLEO DIESEL S-1800;0
2018;JUN;REGIÃO NORDESTE;PARAÍBA;ÓLEO DIESEL S-1800;0
2018;JUL;REGIÃO NORDESTE;PARAÍBA;ÓLEO DIESEL S-1800;0
2018;AGO;REGIÃO NORDESTE;PARAÍBA;ÓLEO DIESEL S-1800;0
2018;SET;REGIÃO NORDESTE;PARAÍBA;ÓLEO DIESEL S-1800;0
2018;OUT;REGIÃO NORDESTE;PARAÍBA;ÓLEO DIESEL S-1800;0
2018;NOV;REGIÃO NORDESTE;PARAÍBA;ÓLEO DIESEL S-1800;0
2018;DEZ;REGIÃO NORDESTE;PARAÍBA;ÓLEO DIESEL S-1800;0
2018;JAN;REGIÃO NORDESTE;PERNAMBUCO;ÓLEO DIESEL S-1800;32
2018;FEV;REGIÃO NORDESTE;PERNAMBUCO;ÓLEO DIESEL S-1800;64
2018;MAR;REGIÃO NORDESTE;PERNAMBUCO;ÓLEO DIESEL S-1800;55
2018;ABR;REGIÃO NORDESTE;PERNAMBUCO;ÓLEO DIESEL S-1800;55
2018;MAI;REGIÃO NORDESTE;PERNAMBUCO;ÓLEO DIESEL S-1800;15
2018;JUN;REGIÃO NORDESTE;PERNAMBUCO;ÓLEO DIESEL S-1800;52
2018;JUL;REGIÃO NORDESTE;PERNAMBUCO;ÓLEO DIESEL S-1800;28
2018;AGO;REGIÃO NORDESTE;PERNAMBUCO;ÓLEO DIESEL S-1800;0
2018;SET;REGIÃO NORDESTE;PERNAMBUCO;ÓLEO DIESEL S-1800;20
2018;OUT;REGIÃO NORDESTE;PERNAMBUCO;ÓLEO DIESEL S-1800;95
2018;NOV;REGIÃO NORDESTE;PERNAMBUCO;ÓLEO DIESEL S-1800;313,5
2018;DEZ;REGIÃO NORDESTE;PERNAMBUCO;ÓLEO DIESEL S-1800;317
2018;JAN;REGIÃO NORDESTE;ALAGOAS;ÓLEO DIESEL S-1800;0
2018;FEV;REGIÃO NORDESTE;ALAGOAS;ÓLEO DIESEL S-1800;0
2018;MAR;REGIÃO NORDESTE;ALAGOAS;ÓLEO DIESEL S-1800;0
2018;ABR;REGIÃO NORDESTE;ALAGOAS;ÓLEO DIESEL S-1800;10
2018;MAI;REGIÃO NORDESTE;ALAGOAS;ÓLEO DIESEL S-1800;0
2018;JUN;REGIÃO NORDESTE;ALAGOAS;ÓLEO DIESEL S-1800;0
2018;JUL;REGIÃO NORDESTE;ALAGOAS;ÓLEO DIESEL S-1800;0
2018;AGO;REGIÃO NORDESTE;ALAGOAS;ÓLEO DIESEL S-1800;0
2018;SET;REGIÃO NORDESTE;ALAGOAS;ÓLEO DIESEL S-1800;0
2018;OUT;REGIÃO NORDESTE;ALAGOAS;ÓLEO DIESEL S-1800;0
2018;NOV;REGIÃO NORDESTE;ALAGOAS;ÓLEO DIESEL S-1800;5
2018;DEZ;REGIÃO NORDESTE;ALAGOAS;ÓLEO DIESEL S-1800;0
2018;JAN;REGIÃO NORDESTE;SERGIPE;ÓLEO DIESEL S-1800;0
2018;FEV;REGIÃO NORDESTE;SERGIPE;ÓLEO DIESEL S-1800;0
2018;MAR;REGIÃO NORDESTE;SERGIPE;ÓLEO DIESEL S-1800;0
2018;ABR;REGIÃO NORDESTE;SERGIPE;ÓLEO DIESEL S-1800;0
2018;MAI;REGIÃO NORDESTE;SERGIPE;ÓLEO DIESEL S-1800;0
2018;JUN;REGIÃO NORDESTE;SERGIPE;ÓLEO DIESEL S-1800;0
2018;JUL;REGIÃO NORDESTE;SERGIPE;ÓLEO DIESEL S-1800;0
2018;AGO;REGIÃO NORDESTE;SERGIPE;ÓLEO DIESEL S-1800;0
2018;SET;REGIÃO NORDESTE;SERGIPE;ÓLEO DIESEL S-1800;0
2018;OUT;REGIÃO NORDESTE;SERGIPE;ÓLEO DIESEL S-1800;0
2018;NOV;REGIÃO NORDESTE;SERGIPE;ÓLEO DIESEL S-1800;0
2018;DEZ;REGIÃO NORDESTE;SERGIPE;ÓLEO DIESEL S-1800;0
2018;JAN;REGIÃO NORDESTE;BAHIA;ÓLEO DIESEL S-1800;15
2018;FEV;REGIÃO NORDESTE;BAHIA;ÓLEO DIESEL S-1800;0
2018;MAR;REGIÃO NORDESTE;BAHIA;ÓLEO DIESEL S-1800;0
2018;ABR;REGIÃO NORDESTE;BAHIA;ÓLEO DIESEL S-1800;0
2018;MAI;REGIÃO NORDESTE;BAHIA;ÓLEO DIESEL S-1800;0
2018;JUN;REGIÃO NORDESTE;BAHIA;ÓLEO DIESEL S-1800;0
2018;JUL;REGIÃO NORDESTE;BAHIA;ÓLEO DIESEL S-1800;0
2018;AGO;REGIÃO NORDESTE;BAHIA;ÓLEO DIESEL S-1800;0
2018;SET;REGIÃO NORDESTE;BAHIA;ÓLEO DIESEL S-1800;0
2018;OUT;REGIÃO NORDESTE;BAHIA;ÓLEO DIESEL S-1800;0
2018;NOV;REGIÃO NORDESTE;BAHIA;ÓLEO DIESEL S-1800;0
2018;DEZ;REGIÃO NORDESTE;BAHIA;ÓLEO DIESEL S-1800;0
2018;JAN;REGIÃO SUDESTE;MINAS GERAIS;ÓLEO DIESEL S-1800;0
2018;FEV;REGIÃO SUDESTE;MINAS GERAIS;ÓLEO DIESEL S-1800;0
2018;MAR;REGIÃO SUDESTE;MINAS GERAIS;ÓLEO DIESEL S-1800;0
2018;ABR;REGIÃO SUDESTE;MINAS GERAIS;ÓLEO DIESEL S-1800;0
2018;MAI;REGIÃO SUDESTE;MINAS GERAIS;ÓLEO DIESEL S-1800;0
2018;JUN;REGIÃO SUDESTE;MINAS GERAIS;ÓLEO DIESEL S-1800;0
2018;JUL;REGIÃO SUDESTE;MINAS GERAIS;ÓLEO DIESEL S-1800;0
2018;AGO;REGIÃO SUDESTE;MINAS GERAIS;ÓLEO DIESEL S-1800;0
2018;SET;REGIÃO SUDESTE;MINAS GERAIS;ÓLEO DIESEL S-1800;0
2018;OUT;REGIÃO SUDESTE;MINAS GERAIS;ÓLEO DIESEL S-1800;0
2018;NOV;REGIÃO SUDESTE;MINAS GERAIS;ÓLEO DIESEL S-1800;0
2018;DEZ;REGIÃO SUDESTE;MINAS GERAIS;ÓLEO DIESEL S-1800;0
2018;JAN;REGIÃO SUDESTE;ESPÍRITO SANTO;ÓLEO DIESEL S-1800;0
2018;FEV;REGIÃO SUDESTE;ESPÍRITO SANTO;ÓLEO DIESEL S-1800;0
2018;MAR;REGIÃO SUDESTE;ESPÍRITO SANTO;ÓLEO DIESEL S-1800;0
2018;ABR;REGIÃO SUDESTE;ESPÍRITO SANTO;ÓLEO DIESEL S-1800;0
2018;MAI;REGIÃO SUDESTE;ESPÍRITO SANTO;ÓLEO DIESEL S-1800;0
2018;JUN;REGIÃO SUDESTE;ESPÍRITO SANTO;ÓLEO DIESEL S-1800;0
2018;JUL;REGIÃO SUDESTE;ESPÍRITO SANTO;ÓLEO DIESEL S-1800;0
2018;AGO;REGIÃO SUDESTE;ESPÍRITO SANTO;ÓLEO DIESEL S-1800;0
2018;SET;REGIÃO SUDESTE;ESPÍRITO SANTO;ÓLEO DIESEL S-1800;0
2018;OUT;REGIÃO SUDESTE;ESPÍRITO SANTO;ÓLEO DIESEL S-1800;0
2018;NOV;REGIÃO SUDESTE;ESPÍRITO SANTO;ÓLEO DIESEL S-1800;0
2018;DEZ;REGIÃO SUDESTE;ESPÍRITO SANTO;ÓLEO DIESEL S-1800;0
2018;JAN;REGIÃO SUDESTE;RIO DE JANEIRO;ÓLEO DIESEL S-1800;0
2018;FEV;REGIÃO SUDESTE;RIO DE JANEIRO;ÓLEO DIESEL S-1800;0
2018;MAR;REGIÃO SUDESTE;RIO DE JANEIRO;ÓLEO DIESEL S-1800;0
2018;ABR;REGIÃO SUDESTE;RIO DE JANEIRO;ÓLEO DIESEL S-1800;0
2018;MAI;REGIÃO SUDESTE;RIO DE JANEIRO;ÓLEO DIESEL S-1800;0
2018;JUN;REGIÃO SUDESTE;RIO DE JANEIRO;ÓLEO DIESEL S-1800;0
2018;JUL;REGIÃO SUDESTE;RIO DE JANEIRO;ÓLEO DIESEL S-1800;0
2018;AGO;REGIÃO SUDESTE;RIO DE JANEIRO;ÓLEO DIESEL S-1800;0
2018;SET;REGIÃO SUDESTE;RIO DE JANEIRO;ÓLEO DIESEL S-1800;0
2018;OUT;REGIÃO SUDESTE;RIO DE JANEIRO;ÓLEO DIESEL S-1800;0
2018;NOV;REGIÃO SUDESTE;RIO DE JANEIRO;ÓLEO DIESEL S-1800;0
2018;DEZ;REGIÃO SUDESTE;RIO DE JANEIRO;ÓLEO DIESEL S-1800;0
2018;JAN;REGIÃO SUDESTE;SÃO PAULO;ÓLEO DIESEL S-1800;265
2018;FEV;REGIÃO SUDESTE;SÃO PAULO;ÓLEO DIESEL S-1800;365
2018;MAR;REGIÃO SUDESTE;SÃO PAULO;ÓLEO DIESEL S-1800;995
2018;ABR;REGIÃO SUDESTE;SÃO PAULO;ÓLEO DIESEL S-1800;1445
2018;MAI;REGIÃO SUDESTE;SÃO PAULO;ÓLEO DIESEL S-1800;1235
2018;JUN;REGIÃO SUDESTE;SÃO PAULO;ÓLEO DIESEL S-1800;960
2018;JUL;REGIÃO SUDESTE;SÃO PAULO;ÓLEO DIESEL S-1800;0
2018;AGO;REGIÃO SUDESTE;SÃO PAULO;ÓLEO DIESEL S-1800;0
2018;SET;REGIÃO SUDESTE;SÃO PAULO;ÓLEO DIESEL S-1800;0
2018;OUT;REGIÃO SUDESTE;SÃO PAULO;ÓLEO DIESEL S-1800;0
2018;NOV;REGIÃO SUDESTE;SÃO PAULO;ÓLEO DIESEL S-1800;0
2018;DEZ;REGIÃO SUDESTE;SÃO PAULO;ÓLEO DIESEL S-1800;0
2018;JAN;REGIÃO SUL;PARANÁ;ÓLEO DIESEL S-1800;0
2018;FEV;REGIÃO SUL;PARANÁ;ÓLEO DIESEL S-1800;0
2018;MAR;REGIÃO SUL;PARANÁ;ÓLEO DIESEL S-1800;0
2018;ABR;REGIÃO SUL;PARANÁ;ÓLEO DIESEL S-1800;0
2018;MAI;REGIÃO SUL;PARANÁ;ÓLEO DIESEL S-1800;0
2018;JUN;REGIÃO SUL;PARANÁ;ÓLEO DIESEL S-1800;0
2018;JUL;REGIÃO SUL;PARANÁ;ÓLEO DIESEL S-1800;0
2018;AGO;REGIÃO SUL;PARANÁ;ÓLEO DIESEL S-1800;0
2018;SET;REGIÃO SUL;PARANÁ;ÓLEO DIESEL S-1800;0
2018;OUT;REGIÃO SUL;PARANÁ;ÓLEO DIESEL S-1800;0
2018;NOV;REGIÃO SUL;PARANÁ;ÓLEO DIESEL S-1800;0
2018;DEZ;REGIÃO SUL;PARANÁ;ÓLEO DIESEL S-1800;0
2018;JAN;REGIÃO SUL;SANTA CATARINA;ÓLEO DIESEL S-1800;0
2018;FEV;REGIÃO SUL;SANTA CATARINA;ÓLEO DIESEL S-1800;0
2018;MAR;REGIÃO SUL;SANTA CATARINA;ÓLEO DIESEL S-1800;0
2018;ABR;REGIÃO SUL;SANTA CATARINA;ÓLEO DIESEL S-1800;0
2018;MAI;REGIÃO SUL;SANTA CATARINA;ÓLEO DIESEL S-1800;0
2018;JUN;REGIÃO SUL;SANTA CATARINA;ÓLEO DIESEL S-1800;0
2018;JUL;REGIÃO SUL;SANTA CATARINA;ÓLEO DIESEL S-1800;0
2018;AGO;REGIÃO SUL;SANTA CATARINA;ÓLEO DIESEL S-1800;0
2018;SET;REGIÃO SUL;SANTA CATARINA;ÓLEO DIESEL S-1800;0
2018;OUT;REGIÃO SUL;SANTA CATARINA;ÓLEO DIESEL S-1800;0
2018;NOV;REGIÃO SUL;SANTA CATARINA;ÓLEO DIESEL S-1800;0
2018;DEZ;REGIÃO SUL;SANTA CATARINA;ÓLEO DIESEL S-1800;0
2018;JAN;REGIÃO SUL;RIO GRANDE DO SUL;ÓLEO DIESEL S-1800;0
2018;FEV;REGIÃO SUL;RIO GRANDE DO SUL;ÓLEO DIESEL S-1800;0
2018;MAR;REGIÃO SUL;RIO GRANDE DO SUL;ÓLEO DIESEL S-1800;0
2018;ABR;REGIÃO SUL;RIO GRANDE DO SUL;ÓLEO DIESEL S-1800;0
2018;MAI;REGIÃO SUL;RIO GRANDE DO SUL;ÓLEO DIESEL S-1800;0
2018;JUN;REGIÃO SUL;RIO GRANDE DO SUL;ÓLEO DIESEL S-1800;0
2018;JUL;REGIÃO SUL;RIO GRANDE DO SUL;ÓLEO DIESEL S-1800;0
2018;AGO;REGIÃO SUL;RIO GRANDE DO SUL;ÓLEO DIESEL S-1800;0
2018;SET;REGIÃO SUL;RIO GRANDE DO SUL;ÓLEO DIESEL S-1800;0
2018;OUT;REGIÃO SUL;RIO GRANDE DO SUL;ÓLEO DIESEL S-1800;0
2018;NOV;REGIÃO SUL;RIO GRANDE DO SUL;ÓLEO DIESEL S-1800;0
2018;DEZ;REGIÃO SUL;RIO GRANDE DO SUL;ÓLEO DIESEL S-1800;0
2018;JAN;REGIÃO CENTRO-OESTE;MATO GROSSO DO SUL;ÓLEO DIESEL S-1800;0
2018;FEV;REGIÃO CENTRO-OESTE;MATO GROSSO DO SUL;ÓLEO DIESEL S-1800;0
2018;MAR;REGIÃO CENTRO-OESTE;MATO GROSSO DO SUL;ÓLEO DIESEL S-1800;0
2018;ABR;REGIÃO CENTRO-OESTE;MATO GROSSO DO SUL;ÓLEO DIESEL S-1800;0
2018;MAI;REGIÃO CENTRO-OESTE;MATO GROSSO DO SUL;ÓLEO DIESEL S-1800;0
2018;JUN;REGIÃO CENTRO-OESTE;MATO GROSSO DO SUL;ÓLEO DIESEL S-1800;0
2018;JUL;REGIÃO CENTRO-OESTE;MATO GROSSO DO SUL;ÓLEO DIESEL S-1800;0
2018;AGO;REGIÃO CENTRO-OESTE;MATO GROSSO DO SUL;ÓLEO DIESEL S-1800;0
2018;SET;REGIÃO CENTRO-OESTE;MATO GROSSO DO SUL;ÓLEO DIESEL S-1800;0
2018;OUT;REGIÃO CENTRO-OESTE;MATO GROSSO DO SUL;ÓLEO DIESEL S-1800;0
2018;NOV;REGIÃO CENTRO-OESTE;MATO GROSSO DO SUL;ÓLEO DIESEL S-1800;0
2018;DEZ;REGIÃO CENTRO-OESTE;MATO GROSSO DO SUL;ÓLEO DIESEL S-1800;0
2018;JAN;REGIÃO CENTRO-OESTE;MATO GROSSO;ÓLEO DIESEL S-1800;25
2018;FEV;REGIÃO CENTRO-OESTE;MATO GROSSO;ÓLEO DIESEL S-1800;39
2018;MAR;REGIÃO CENTRO-OESTE;MATO GROSSO;ÓLEO DIESEL S-1800;70
2018;ABR;REGIÃO CENTRO-OESTE;MATO GROSSO;ÓLEO DIESEL S-1800;52
2018;MAI;REGIÃO CENTRO-OESTE;MATO GROSSO;ÓLEO DIESEL S-1800;55
2018;JUN;REGIÃO CENTRO-OESTE;MATO GROSSO;ÓLEO DIESEL S-1800;71
2018;JUL;REGIÃO CENTRO-OESTE;MATO GROSSO;ÓLEO DIESEL S-1800;46
2018;AGO;REGIÃO CENTRO-OESTE;MATO GROSSO;ÓLEO DIESEL S-1800;31
2018;SET;REGIÃO CENTRO-OESTE;MATO GROSSO;ÓLEO DIESEL S-1800;58
2018;OUT;REGIÃO CENTRO-OESTE;MATO GROSSO;ÓLEO DIESEL S-1800;96
2018;NOV;REGIÃO CENTRO-OESTE;MATO GROSSO;ÓLEO DIESEL S-1800;40
2018;DEZ;REGIÃO CENTRO-OESTE;MATO GROSSO;ÓLEO DIESEL S-1800;78
2018;JAN;REGIÃO CENTRO-OESTE;GOIÁS;ÓLEO DIESEL S-1800;0
2018;FEV;REGIÃO CENTRO-OESTE;GOIÁS;ÓLEO DIESEL S-1800;0
2018;MAR;REGIÃO CENTRO-OESTE;GOIÁS;ÓLEO DIESEL S-1800;0
2018;ABR;REGIÃO CENTRO-OESTE;GOIÁS;ÓLEO DIESEL S-1800;0
2018;MAI;REGIÃO CENTRO-OESTE;GOIÁS;ÓLEO DIESEL S-1800;0
2018;JUN;REGIÃO CENTRO-OESTE;GOIÁS;ÓLEO DIESEL S-1800;0
2018;JUL;REGIÃO CENTRO-OESTE;GOIÁS;ÓLEO DIESEL S-1800;0
2018;AGO;REGIÃO CENTRO-OESTE;GOIÁS;ÓLEO DIESEL S-1800;0
2018;SET;REGIÃO CENTRO-OESTE;GOIÁS;ÓLEO DIESEL S-1800;0
2018;OUT;REGIÃO CENTRO-OESTE;GOIÁS;ÓLEO DIESEL S-1800;0
2018;NOV;REGIÃO CENTRO-OESTE;GOIÁS;ÓLEO DIESEL S-1800;0
2018;DEZ;REGIÃO CENTRO-OESTE;GOIÁS;ÓLEO DIESEL S-1800;0
2018;JAN;REGIÃO CENTRO-OESTE;DISTRITO FEDERAL;ÓLEO DIESEL S-1800;0
2018;FEV;REGIÃO CENTRO-OESTE;DISTRITO FEDERAL;ÓLEO DIESEL S-1800;0
2018;MAR;REGIÃO CENTRO-OESTE;DISTRITO FEDERAL;ÓLEO DIESEL S-1800;0
2018;ABR;REGIÃO CENTRO-OESTE;DISTRITO FEDERAL;ÓLEO DIESEL S-1800;0
2018;MAI;REGIÃO CENTRO-OESTE;DISTRITO FEDERAL;ÓLEO DIESEL S-1800;0
2018;JUN;REGIÃO CENTRO-OESTE;DISTRITO FEDERAL;ÓLEO DIESEL S-1800;0
2018;JUL;REGIÃO CENTRO-OESTE;DISTRITO FEDERAL;ÓLEO DIESEL S-1800;0
2018;AGO;REGIÃO CENTRO-OESTE;DISTRITO FEDERAL;ÓLEO DIESEL S-1800;0
2018;SET;REGIÃO CENTRO-OESTE;DISTRITO FEDERAL;ÓLEO DIESEL S-1800;0
2018;OUT;REGIÃO CENTRO-OESTE;DISTRITO FEDERAL;ÓLEO DIESEL S-1800;0
2018;NOV;REGIÃO CENTRO-OESTE;DISTRITO FEDERAL;ÓLEO DIESEL S-1800;0
2018;DEZ;REGIÃO CENTRO-OESTE;DISTRITO FEDERAL;ÓLEO DIESEL S-1800;0
2018;JAN;REGIÃO NORTE;RONDÔNIA;ÓLEO DIESEL MARÍTIMO;652,5
2018;FEV;REGIÃO NORTE;RONDÔNIA;ÓLEO DIESEL MARÍTIMO;503,8
2018;MAR;REGIÃO NORTE;RONDÔNIA;ÓLEO DIESEL MARÍTIMO;623,3
2018;ABR;REGIÃO NORTE;RONDÔNIA;ÓLEO DIESEL MARÍTIMO;686
2018;MAI;REGIÃO NORTE;RONDÔNIA;ÓLEO DIESEL MARÍTIMO;585,3
2018;JUN;REGIÃO NORTE;RONDÔNIA;ÓLEO DIESEL MARÍTIMO;976,2
2018;JUL;REGIÃO NORTE;RONDÔNIA;ÓLEO DIESEL MARÍTIMO;1162,1
2018;AGO;REGIÃO NORTE;RONDÔNIA;ÓLEO DIESEL MARÍTIMO;1134,7
2018;SET;REGIÃO NORTE;RONDÔNIA;ÓLEO DIESEL MARÍTIMO;1233,9
2018;OUT;REGIÃO NORTE;RONDÔNIA;ÓLEO DIESEL MARÍTIMO;1182,4
2018;NOV;REGIÃO NORTE;RONDÔNIA;ÓLEO DIESEL MARÍTIMO;828,1
2018;DEZ;REGIÃO NORTE;RONDÔNIA;ÓLEO DIESEL MARÍTIMO;755,6
2018;JAN;REGIÃO NORTE;ACRE;ÓLEO DIESEL MARÍTIMO;119
2018;FEV;REGIÃO NORTE;ACRE;ÓLEO DIESEL MARÍTIMO;31
2018;MAR;REGIÃO NORTE;ACRE;ÓLEO DIESEL MARÍTIMO;65
2018;ABR;REGIÃO NORTE;ACRE;ÓLEO DIESEL MARÍTIMO;42
2018;MAI;REGIÃO NORTE;ACRE;ÓLEO DIESEL MARÍTIMO;58
2018;JUN;REGIÃO NORTE;ACRE;ÓLEO DIESEL MARÍTIMO;54
2018;JUL;REGIÃO NORTE;ACRE;ÓLEO DIESEL MARÍTIMO;46
2018;AGO;REGIÃO NORTE;ACRE;ÓLEO DIESEL MARÍTIMO;39
2018;SET;REGIÃO NORTE;ACRE;ÓLEO DIESEL MARÍTIMO;23
2018;OUT;REGIÃO NORTE;ACRE;ÓLEO DIESEL MARÍTIMO;65
2018;NOV;REGIÃO NORTE;ACRE;ÓLEO DIESEL MARÍTIMO;137
2018;DEZ;REGIÃO NORTE;ACRE;ÓLEO DIESEL MARÍTIMO;66
2018;JAN;REGIÃO NORTE;AMAZONAS;ÓLEO DIESEL MARÍTIMO;11048,081
2018;FEV;REGIÃO NORTE;AMAZONAS;ÓLEO DIESEL MARÍTIMO;11833,382
2018;MAR;REGIÃO NORTE;AMAZONAS;ÓLEO DIESEL MARÍTIMO;10270,998
2018;ABR;REGIÃO NORTE;AMAZONAS;ÓLEO DIESEL MARÍTIMO;12572,476
2018;MAI;REGIÃO NORTE;AMAZONAS;ÓLEO DIESEL MARÍTIMO;9590,557
2018;JUN;REGIÃO NORTE;AMAZONAS;ÓLEO DIESEL MARÍTIMO;12592,84
2018;JUL;REGIÃO NORTE;AMAZONAS;ÓLEO DIESEL MARÍTIMO;13025,721
2018;AGO;REGIÃO NORTE;AMAZONAS;ÓLEO DIESEL MARÍTIMO;9783,013
2018;SET;REGIÃO NORTE;AMAZONAS;ÓLEO DIESEL MARÍTIMO;7405,475
2018;OUT;REGIÃO NORTE;AMAZONAS;ÓLEO DIESEL MARÍTIMO;9224,36
2018;NOV;REGIÃO NORTE;AMAZONAS;ÓLEO DIESEL MARÍTIMO;9274,494
2018;DEZ;REGIÃO NORTE;AMAZONAS;ÓLEO DIESEL MARÍTIMO;10945,387
2018;JAN;REGIÃO NORTE;RORAIMA;ÓLEO DIESEL MARÍTIMO;5
2018;FEV;REGIÃO NORTE;RORAIMA;ÓLEO DIESEL MARÍTIMO;5
2018;MAR;REGIÃO NORTE;RORAIMA;ÓLEO DIESEL MARÍTIMO;25
2018;ABR;REGIÃO NORTE;RORAIMA;ÓLEO DIESEL MARÍTIMO;0
2018;MAI;REGIÃO NORTE;RORAIMA;ÓLEO DIESEL MARÍTIMO;0
2018;JUN;REGIÃO NORTE;RORAIMA;ÓLEO DIESEL MARÍTIMO;0
2018;JUL;REGIÃO NORTE;RORAIMA;ÓLEO DIESEL MARÍTIMO;0
2018;AGO;REGIÃO NORTE;RORAIMA;ÓLEO DIESEL MARÍTIMO;0
2018;SET;REGIÃO NORTE;RORAIMA;ÓLEO DIESEL MARÍTIMO;0
2018;OUT;REGIÃO NORTE;RORAIMA;ÓLEO DIESEL MARÍTIMO;0
2018;NOV;REGIÃO NORTE;RORAIMA;ÓLEO DIESEL MARÍTIMO;0
2018;DEZ;REGIÃO NORTE;RORAIMA;ÓLEO DIESEL MARÍTIMO;0
2018;JAN;REGIÃO NORTE;PARÁ;ÓLEO DIESEL MARÍTIMO;6925,964
2018;FEV;REGIÃO NORTE;PARÁ;ÓLEO DIESEL MARÍTIMO;8067,212
2018;MAR;REGIÃO NORTE;PARÁ;ÓLEO DIESEL MARÍTIMO;10870,224
2018;ABR;REGIÃO NORTE;PARÁ;ÓLEO DIESEL MARÍTIMO;10664,876
2018;MAI;REGIÃO NORTE;PARÁ;ÓLEO DIESEL MARÍTIMO;9412,147
2018;JUN;REGIÃO NORTE;PARÁ;ÓLEO DIESEL MARÍTIMO;10284,924
2018;JUL;REGIÃO NORTE;PARÁ;ÓLEO DIESEL MARÍTIMO;11783,314
2018;AGO;REGIÃO NORTE;PARÁ;ÓLEO DIESEL MARÍTIMO;5777,557
2018;SET;REGIÃO NORTE;PARÁ;ÓLEO DIESEL MARÍTIMO;4312,523
2018;OUT;REGIÃO NORTE;PARÁ;ÓLEO DIESEL MARÍTIMO;6164,637
2018;NOV;REGIÃO NORTE;PARÁ;ÓLEO DIESEL MARÍTIMO;9489,959
2018;DEZ;REGIÃO NORTE;PARÁ;ÓLEO DIESEL MARÍTIMO;7375,493
2018;JAN;REGIÃO NORTE;AMAPÁ;ÓLEO DIESEL MARÍTIMO;45
2018;FEV;REGIÃO NORTE;AMAPÁ;ÓLEO DIESEL MARÍTIMO;35
2018;MAR;REGIÃO NORTE;AMAPÁ;ÓLEO DIESEL MARÍTIMO;47
2018;ABR;REGIÃO NORTE;AMAPÁ;ÓLEO DIESEL MARÍTIMO;70
2018;MAI;REGIÃO NORTE;AMAPÁ;ÓLEO DIESEL MARÍTIMO;103
2018;JUN;REGIÃO NORTE;AMAPÁ;ÓLEO DIESEL MARÍTIMO;90
2018;JUL;REGIÃO NORTE;AMAPÁ;ÓLEO DIESEL MARÍTIMO;83
2018;AGO;REGIÃO NORTE;AMAPÁ;ÓLEO DIESEL MARÍTIMO;80
2018;SET;REGIÃO NORTE;AMAPÁ;ÓLEO DIESEL MARÍTIMO;145
2018;OUT;REGIÃO NORTE;AMAPÁ;ÓLEO DIESEL MARÍTIMO;5
2018;NOV;REGIÃO NORTE;AMAPÁ;ÓLEO DIESEL MARÍTIMO;99,817
2018;DEZ;REGIÃO NORTE;AMAPÁ;ÓLEO DIESEL MARÍTIMO;64,817
2018;JAN;REGIÃO NORTE;TOCANTINS;ÓLEO DIESEL MARÍTIMO;0
2018;FEV;REGIÃO NORTE;TOCANTINS;ÓLEO DIESEL MARÍTIMO;0
2018;MAR;REGIÃO NORTE;TOCANTINS;ÓLEO DIESEL MARÍTIMO;0
2018;ABR;REGIÃO NORTE;TOCANTINS;ÓLEO DIESEL MARÍTIMO;0
2018;MAI;REGIÃO NORTE;TOCANTINS;ÓLEO DIESEL MARÍTIMO;0
2018;JUN;REGIÃO NORTE;TOCANTINS;ÓLEO DIESEL MARÍTIMO;0
2018;JUL;REGIÃO NORTE;TOCANTINS;ÓLEO DIESEL MARÍTIMO;0
2018;AGO;REGIÃO NORTE;TOCANTINS;ÓLEO DIESEL MARÍTIMO;0
2018;SET;REGIÃO NORTE;TOCANTINS;ÓLEO DIESEL MARÍTIMO;0
2018;OUT;REGIÃO NORTE;TOCANTINS;ÓLEO DIESEL MARÍTIMO;0
2018;NOV;REGIÃO NORTE;TOCANTINS;ÓLEO DIESEL MARÍTIMO;0
2018;DEZ;REGIÃO NORTE;TOCANTINS;ÓLEO DIESEL MARÍTIMO;0
2018;JAN;REGIÃO NORDESTE;MARANHÃO;ÓLEO DIESEL MARÍTIMO;1051,094
2018;FEV;REGIÃO NORDESTE;MARANHÃO;ÓLEO DIESEL MARÍTIMO;669,33
2018;MAR;REGIÃO NORDESTE;MARANHÃO;ÓLEO DIESEL MARÍTIMO;1070,566
2018;ABR;REGIÃO NORDESTE;MARANHÃO;ÓLEO DIESEL MARÍTIMO;715,086
2018;MAI;REGIÃO NORDESTE;MARANHÃO;ÓLEO DIESEL MARÍTIMO;1044,172
2018;JUN;REGIÃO NORDESTE;MARANHÃO;ÓLEO DIESEL MARÍTIMO;590
2018;JUL;REGIÃO NORDESTE;MARANHÃO;ÓLEO DIESEL MARÍTIMO;932
2018;AGO;REGIÃO NORDESTE;MARANHÃO;ÓLEO DIESEL MARÍTIMO;1400
2018;SET;REGIÃO NORDESTE;MARANHÃO;ÓLEO DIESEL MARÍTIMO;615
2018;OUT;REGIÃO NORDESTE;MARANHÃO;ÓLEO DIESEL MARÍTIMO;1015,398
2018;NOV;REGIÃO NORDESTE;MARANHÃO;ÓLEO DIESEL MARÍTIMO;905,331
2018;DEZ;REGIÃO NORDESTE;MARANHÃO;ÓLEO DIESEL MARÍTIMO;639,582
2018;JAN;REGIÃO NORDESTE;PIAUÍ;ÓLEO DIESEL MARÍTIMO;0
2018;FEV;REGIÃO NORDESTE;PIAUÍ;ÓLEO DIESEL MARÍTIMO;0
2018;MAR;REGIÃO NORDESTE;PIAUÍ;ÓLEO DIESEL MARÍTIMO;0
2018;ABR;REGIÃO NORDESTE;PIAUÍ;ÓLEO DIESEL MARÍTIMO;0
2018;MAI;REGIÃO NORDESTE;PIAUÍ;ÓLEO DIESEL MARÍTIMO;0
2018;JUN;REGIÃO NORDESTE;PIAUÍ;ÓLEO DIESEL MARÍTIMO;0
2018;JUL;REGIÃO NORDESTE;PIAUÍ;ÓLEO DIESEL MARÍTIMO;0
2018;AGO;REGIÃO NORDESTE;PIAUÍ;ÓLEO DIESEL MARÍTIMO;110
2018;SET;REGIÃO NORDESTE;PIAUÍ;ÓLEO DIESEL MARÍTIMO;130
2018;OUT;REGIÃO NORDESTE;PIAUÍ;ÓLEO DIESEL MARÍTIMO;205
2018;NOV;REGIÃO NORDESTE;PIAUÍ;ÓLEO DIESEL MARÍTIMO;105
2018;DEZ;REGIÃO NORDESTE;PIAUÍ;ÓLEO DIESEL MARÍTIMO;120
2018;JAN;REGIÃO NORDESTE;CEARÁ;ÓLEO DIESEL MARÍTIMO;460
2018;FEV;REGIÃO NORDESTE;CEARÁ;ÓLEO DIESEL MARÍTIMO;605
2018;MAR;REGIÃO NORDESTE;CEARÁ;ÓLEO DIESEL MARÍTIMO;685
2018;ABR;REGIÃO NORDESTE;CEARÁ;ÓLEO DIESEL MARÍTIMO;670
2018;MAI;REGIÃO NORDESTE;CEARÁ;ÓLEO DIESEL MARÍTIMO;865
2018;JUN;REGIÃO NORDESTE;CEARÁ;ÓLEO DIESEL MARÍTIMO;1115
2018;JUL;REGIÃO NORDESTE;CEARÁ;ÓLEO DIESEL MARÍTIMO;1660
2018;AGO;REGIÃO NORDESTE;CEARÁ;ÓLEO DIESEL MARÍTIMO;1590
2018;SET;REGIÃO NORDESTE;CEARÁ;ÓLEO DIESEL MARÍTIMO;1255
2018;OUT;REGIÃO NORDESTE;CEARÁ;ÓLEO DIESEL MARÍTIMO;805
2018;NOV;REGIÃO NORDESTE;CEARÁ;ÓLEO DIESEL MARÍTIMO;1090
2018;DEZ;REGIÃO NORDESTE;CEARÁ;ÓLEO DIESEL MARÍTIMO;995
2018;JAN;REGIÃO NORDESTE;RIO GRANDE DO NORTE;ÓLEO DIESEL MARÍTIMO;425
2018;FEV;REGIÃO NORDESTE;RIO GRANDE DO NORTE;ÓLEO DIESEL MARÍTIMO;750
2018;MAR;REGIÃO NORDESTE;RIO GRANDE DO NORTE;ÓLEO DIESEL MARÍTIMO;735
2018;ABR;REGIÃO NORDESTE;RIO GRANDE DO NORTE;ÓLEO DIESEL MARÍTIMO;705
2018;MAI;REGIÃO NORDESTE;RIO GRANDE DO NORTE;ÓLEO DIESEL MARÍTIMO;744,999
2018;JUN;REGIÃO NORDESTE;RIO GRANDE DO NORTE;ÓLEO DIESEL MARÍTIMO;610
2018;JUL;REGIÃO NORDESTE;RIO GRANDE DO NORTE;ÓLEO DIESEL MARÍTIMO;430
2018;AGO;REGIÃO NORDESTE;RIO GRANDE DO NORTE;ÓLEO DIESEL MARÍTIMO;370
2018;SET;REGIÃO NORDESTE;RIO GRANDE DO NORTE;ÓLEO DIESEL MARÍTIMO;340
2018;OUT;REGIÃO NORDESTE;RIO GRANDE DO NORTE;ÓLEO DIESEL MARÍTIMO;735
2018;NOV;REGIÃO NORDESTE;RIO GRANDE DO NORTE;ÓLEO DIESEL MARÍTIMO;530
2018;DEZ;REGIÃO NORDESTE;RIO GRANDE DO NORTE;ÓLEO DIESEL MARÍTIMO;609
2018;JAN;REGIÃO NORDESTE;PARAÍBA;ÓLEO DIESEL MARÍTIMO;0
2018;FEV;REGIÃO NORDESTE;PARAÍBA;ÓLEO DIESEL MARÍTIMO;25
2018;MAR;REGIÃO NORDESTE;PARAÍBA;ÓLEO DIESEL MARÍTIMO;0
2018;ABR;REGIÃO NORDESTE;PARAÍBA;ÓLEO DIESEL MARÍTIMO;0
2018;MAI;REGIÃO NORDESTE;PARAÍBA;ÓLEO DIESEL MARÍTIMO;0
2018;JUN;REGIÃO NORDESTE;PARAÍBA;ÓLEO DIESEL MARÍTIMO;0
2018;JUL;REGIÃO NORDESTE;PARAÍBA;ÓLEO DIESEL MARÍTIMO;0
2018;AGO;REGIÃO NORDESTE;PARAÍBA;ÓLEO DIESEL MARÍTIMO;0
2018;SET;REGIÃO NORDESTE;PARAÍBA;ÓLEO DIESEL MARÍTIMO;0
2018;OUT;REGIÃO NORDESTE;PARAÍBA;ÓLEO DIESEL MARÍTIMO;30
2018;NOV;REGIÃO NORDESTE;PARAÍBA;ÓLEO DIESEL MARÍTIMO;0
2018;DEZ;REGIÃO NORDESTE;PARAÍBA;ÓLEO DIESEL MARÍTIMO;0
2018;JAN;REGIÃO NORDESTE;PERNAMBUCO;ÓLEO DIESEL MARÍTIMO;525
2018;FEV;REGIÃO NORDESTE;PERNAMBUCO;ÓLEO DIESEL MARÍTIMO;680
2018;MAR;REGIÃO NORDESTE;PERNAMBUCO;ÓLEO DIESEL MARÍTIMO;285
2018;ABR;REGIÃO NORDESTE;PERNAMBUCO;ÓLEO DIESEL MARÍTIMO;255
2018;MAI;REGIÃO NORDESTE;PERNAMBUCO;ÓLEO DIESEL MARÍTIMO;475
2018;JUN;REGIÃO NORDESTE;PERNAMBUCO;ÓLEO DIESEL MARÍTIMO;373
2018;JUL;REGIÃO NORDESTE;PERNAMBUCO;ÓLEO DIESEL MARÍTIMO;391
2018;AGO;REGIÃO NORDESTE;PERNAMBUCO;ÓLEO DIESEL MARÍTIMO;60
2018;SET;REGIÃO NORDESTE;PERNAMBUCO;ÓLEO DIESEL MARÍTIMO;739
2018;OUT;REGIÃO NORDESTE;PERNAMBUCO;ÓLEO DIESEL MARÍTIMO;863
2018;NOV;REGIÃO NORDESTE;PERNAMBUCO;ÓLEO DIESEL MARÍTIMO;53
2018;DEZ;REGIÃO NORDESTE;PERNAMBUCO;ÓLEO DIESEL MARÍTIMO;340
2018;JAN;REGIÃO NORDESTE;ALAGOAS;ÓLEO DIESEL MARÍTIMO;0
2018;FEV;REGIÃO NORDESTE;ALAGOAS;ÓLEO DIESEL MARÍTIMO;25
2018;MAR;REGIÃO NORDESTE;ALAGOAS;ÓLEO DIESEL MARÍTIMO;520
2018;ABR;REGIÃO NORDESTE;ALAGOAS;ÓLEO DIESEL MARÍTIMO;515
2018;MAI;REGIÃO NORDESTE;ALAGOAS;ÓLEO DIESEL MARÍTIMO;682,566
2018;JUN;REGIÃO NORDESTE;ALAGOAS;ÓLEO DIESEL MARÍTIMO;405
2018;JUL;REGIÃO NORDESTE;ALAGOAS;ÓLEO DIESEL MARÍTIMO;20
2018;AGO;REGIÃO NORDESTE;ALAGOAS;ÓLEO DIESEL MARÍTIMO;40
2018;SET;REGIÃO NORDESTE;ALAGOAS;ÓLEO DIESEL MARÍTIMO;200
2018;OUT;REGIÃO NORDESTE;ALAGOAS;ÓLEO DIESEL MARÍTIMO;45
2018;NOV;REGIÃO NORDESTE;ALAGOAS;ÓLEO DIESEL MARÍTIMO;950
2018;DEZ;REGIÃO NORDESTE;ALAGOAS;ÓLEO DIESEL MARÍTIMO;20
2018;JAN;REGIÃO NORDESTE;SERGIPE;ÓLEO DIESEL MARÍTIMO;40
2018;FEV;REGIÃO NORDESTE;SERGIPE;ÓLEO DIESEL MARÍTIMO;45
2018;MAR;REGIÃO NORDESTE;SERGIPE;ÓLEO DIESEL MARÍTIMO;25
2018;ABR;REGIÃO NORDESTE;SERGIPE;ÓLEO DIESEL MARÍTIMO;25
2018;MAI;REGIÃO NORDESTE;SERGIPE;ÓLEO DIESEL MARÍTIMO;70
2018;JUN;REGIÃO NORDESTE;SERGIPE;ÓLEO DIESEL MARÍTIMO;135
2018;JUL;REGIÃO NORDESTE;SERGIPE;ÓLEO DIESEL MARÍTIMO;115
2018;AGO;REGIÃO NORDESTE;SERGIPE;ÓLEO DIESEL MARÍTIMO;180
2018;SET;REGIÃO NORDESTE;SERGIPE;ÓLEO DIESEL MARÍTIMO;135
2018;OUT;REGIÃO NORDESTE;SERGIPE;ÓLEO DIESEL MARÍTIMO;135
2018;NOV;REGIÃO NORDESTE;SERGIPE;ÓLEO DIESEL MARÍTIMO;70
2018;DEZ;REGIÃO NORDESTE;SERGIPE;ÓLEO DIESEL MARÍTIMO;50
2018;JAN;REGIÃO NORDESTE;BAHIA;ÓLEO DIESEL MARÍTIMO;1341,548
2018;FEV;REGIÃO NORDESTE;BAHIA;ÓLEO DIESEL MARÍTIMO;960
2018;MAR;REGIÃO NORDESTE;BAHIA;ÓLEO DIESEL MARÍTIMO;1010
2018;ABR;REGIÃO NORDESTE;BAHIA;ÓLEO DIESEL MARÍTIMO;1295
2018;MAI;REGIÃO NORDESTE;BAHIA;ÓLEO DIESEL MARÍTIMO;550
2018;JUN;REGIÃO NORDESTE;BAHIA;ÓLEO DIESEL MARÍTIMO;730
2018;JUL;REGIÃO NORDESTE;BAHIA;ÓLEO DIESEL MARÍTIMO;935
2018;AGO;REGIÃO NORDESTE;BAHIA;ÓLEO DIESEL MARÍTIMO;1191
2018;SET;REGIÃO NORDESTE;BAHIA;ÓLEO DIESEL MARÍTIMO;1380
2018;OUT;REGIÃO NORDESTE;BAHIA;ÓLEO DIESEL MARÍTIMO;1534,971
2018;NOV;REGIÃO NORDESTE;BAHIA;ÓLEO DIESEL MARÍTIMO;1090
2018;DEZ;REGIÃO NORDESTE;BAHIA;ÓLEO DIESEL MARÍTIMO;1219,976
2018;JAN;REGIÃO SUDESTE;MINAS GERAIS;ÓLEO DIESEL MARÍTIMO;0
2018;FEV;REGIÃO SUDESTE;MINAS GERAIS;ÓLEO DIESEL MARÍTIMO;0
2018;MAR;REGIÃO SUDESTE;MINAS GERAIS;ÓLEO DIESEL MARÍTIMO;0
2018;ABR;REGIÃO SUDESTE;MINAS GERAIS;ÓLEO DIESEL MARÍTIMO;0
2018;MAI;REGIÃO SUDESTE;MINAS GERAIS;ÓLEO DIESEL MARÍTIMO;0
2018;JUN;REGIÃO SUDESTE;MINAS GERAIS;ÓLEO DIESEL MARÍTIMO;0
2018;JUL;REGIÃO SUDESTE;MINAS GERAIS;ÓLEO DIESEL MARÍTIMO;0
2018;AGO;REGIÃO SUDESTE;MINAS GERAIS;ÓLEO DIESEL MARÍTIMO;0
2018;SET;REGIÃO SUDESTE;MINAS GERAIS;ÓLEO DIESEL MARÍTIMO;0
2018;OUT;REGIÃO SUDESTE;MINAS GERAIS;ÓLEO DIESEL MARÍTIMO;0
2018;NOV;REGIÃO SUDESTE;MINAS GERAIS;ÓLEO DIESEL MARÍTIMO;0
2018;DEZ;REGIÃO SUDESTE;MINAS GERAIS;ÓLEO DIESEL MARÍTIMO;0
2018;JAN;REGIÃO SUDESTE;ESPÍRITO SANTO;ÓLEO DIESEL MARÍTIMO;4685,995
2018;FEV;REGIÃO SUDESTE;ESPÍRITO SANTO;ÓLEO DIESEL MARÍTIMO;3002,3
2018;MAR;REGIÃO SUDESTE;ESPÍRITO SANTO;ÓLEO DIESEL MARÍTIMO;3279,45
2018;ABR;REGIÃO SUDESTE;ESPÍRITO SANTO;ÓLEO DIESEL MARÍTIMO;3558,203
2018;MAI;REGIÃO SUDESTE;ESPÍRITO SANTO;ÓLEO DIESEL MARÍTIMO;3471,116
2018;JUN;REGIÃO SUDESTE;ESPÍRITO SANTO;ÓLEO DIESEL MARÍTIMO;3966,732
2018;JUL;REGIÃO SUDESTE;ESPÍRITO SANTO;ÓLEO DIESEL MARÍTIMO;4413,616
2018;AGO;REGIÃO SUDESTE;ESPÍRITO SANTO;ÓLEO DIESEL MARÍTIMO;3904,552
2018;SET;REGIÃO SUDESTE;ESPÍRITO SANTO;ÓLEO DIESEL MARÍTIMO;2626,784
2018;OUT;REGIÃO SUDESTE;ESPÍRITO SANTO;ÓLEO DIESEL MARÍTIMO;2479,616
2018;NOV;REGIÃO SUDESTE;ESPÍRITO SANTO;ÓLEO DIESEL MARÍTIMO;2313,985
2018;DEZ;REGIÃO SUDESTE;ESPÍRITO SANTO;ÓLEO DIESEL MARÍTIMO;2277
2018;JAN;REGIÃO SUDESTE;RIO DE JANEIRO;ÓLEO DIESEL MARÍTIMO;13581,886
2018;FEV;REGIÃO SUDESTE;RIO DE JANEIRO;ÓLEO DIESEL MARÍTIMO;12372
2018;MAR;REGIÃO SUDESTE;RIO DE JANEIRO;ÓLEO DIESEL MARÍTIMO;13574,431
2018;ABR;REGIÃO SUDESTE;RIO DE JANEIRO;ÓLEO DIESEL MARÍTIMO;18206,994
2018;MAI;REGIÃO SUDESTE;RIO DE JANEIRO;ÓLEO DIESEL MARÍTIMO;12532,883
2018;JUN;REGIÃO SUDESTE;RIO DE JANEIRO;ÓLEO DIESEL MARÍTIMO;18358,538
2018;JUL;REGIÃO SUDESTE;RIO DE JANEIRO;ÓLEO DIESEL MARÍTIMO;19950,543
2018;AGO;REGIÃO SUDESTE;RIO DE JANEIRO;ÓLEO DIESEL MARÍTIMO;10690,633
2018;SET;REGIÃO SUDESTE;RIO DE JANEIRO;ÓLEO DIESEL MARÍTIMO;13582,163
2018;OUT;REGIÃO SUDESTE;RIO DE JANEIRO;ÓLEO DIESEL MARÍTIMO;21523,469
2018;NOV;REGIÃO SUDESTE;RIO DE JANEIRO;ÓLEO DIESEL MARÍTIMO;14594,965
2018;DEZ;REGIÃO SUDESTE;RIO DE JANEIRO;ÓLEO DIESEL MARÍTIMO;12191,253
2018;JAN;REGIÃO SUDESTE;SÃO PAULO;ÓLEO DIESEL MARÍTIMO;2782,624
2018;FEV;REGIÃO SUDESTE;SÃO PAULO;ÓLEO DIESEL MARÍTIMO;2211,804
2018;MAR;REGIÃO SUDESTE;SÃO PAULO;ÓLEO DIESEL MARÍTIMO;1996,3
2018;ABR;REGIÃO SUDESTE;SÃO PAULO;ÓLEO DIESEL MARÍTIMO;2449,895
2018;MAI;REGIÃO SUDESTE;SÃO PAULO;ÓLEO DIESEL MARÍTIMO;1815,384
2018;JUN;REGIÃO SUDESTE;SÃO PAULO;ÓLEO DIESEL MARÍTIMO;3304,706
2018;JUL;REGIÃO SUDESTE;SÃO PAULO;ÓLEO DIESEL MARÍTIMO;2862
2018;AGO;REGIÃO SUDESTE;SÃO PAULO;ÓLEO DIESEL MARÍTIMO;3631,461
2018;SET;REGIÃO SUDESTE;SÃO PAULO;ÓLEO DIESEL MARÍTIMO;3200,675
2018;OUT;REGIÃO SUDESTE;SÃO PAULO;ÓLEO DIESEL MARÍTIMO;2744,309
2018;NOV;REGIÃO SUDESTE;SÃO PAULO;ÓLEO DIESEL MARÍTIMO;2235,222
2018;DEZ;REGIÃO SUDESTE;SÃO PAULO;ÓLEO DIESEL MARÍTIMO;3240,636
2018;JAN;REGIÃO SUL;PARANÁ;ÓLEO DIESEL MARÍTIMO;1060,967
2018;FEV;REGIÃO SUL;PARANÁ;ÓLEO DIESEL MARÍTIMO;904,989
2018;MAR;REGIÃO SUL;PARANÁ;ÓLEO DIESEL MARÍTIMO;446,097
2018;ABR;REGIÃO SUL;PARANÁ;ÓLEO DIESEL MARÍTIMO;826,663
2018;MAI;REGIÃO SUL;PARANÁ;ÓLEO DIESEL MARÍTIMO;298,183
2018;JUN;REGIÃO SUL;PARANÁ;ÓLEO DIESEL MARÍTIMO;773
2018;JUL;REGIÃO SUL;PARANÁ;ÓLEO DIESEL MARÍTIMO;361,2
2018;AGO;REGIÃO SUL;PARANÁ;ÓLEO DIESEL MARÍTIMO;711,917
2018;SET;REGIÃO SUL;PARANÁ;ÓLEO DIESEL MARÍTIMO;601
2018;OUT;REGIÃO SUL;PARANÁ;ÓLEO DIESEL MARÍTIMO;638,758
2018;NOV;REGIÃO SUL;PARANÁ;ÓLEO DIESEL MARÍTIMO;2077,772
2018;DEZ;REGIÃO SUL;PARANÁ;ÓLEO DIESEL MARÍTIMO;1794,839
2018;JAN;REGIÃO SUL;SANTA CATARINA;ÓLEO DIESEL MARÍTIMO;3147,17
2018;FEV;REGIÃO SUL;SANTA CATARINA;ÓLEO DIESEL MARÍTIMO;5723,314
2018;MAR;REGIÃO SUL;SANTA CATARINA;ÓLEO DIESEL MARÍTIMO;3787,077
2018;ABR;REGIÃO SUL;SANTA CATARINA;ÓLEO DIESEL MARÍTIMO;4370,431
2018;MAI;REGIÃO SUL;SANTA CATARINA;ÓLEO DIESEL MARÍTIMO;3312,214
2018;JUN;REGIÃO SUL;SANTA CATARINA;ÓLEO DIESEL MARÍTIMO;6027,164
2018;JUL;REGIÃO SUL;SANTA CATARINA;ÓLEO DIESEL MARÍTIMO;5585,06
2018;AGO;REGIÃO SUL;SANTA CATARINA;ÓLEO DIESEL MARÍTIMO;4771,171
2018;SET;REGIÃO SUL;SANTA CATARINA;ÓLEO DIESEL MARÍTIMO;4378,876
2018;OUT;REGIÃO SUL;SANTA CATARINA;ÓLEO DIESEL MARÍTIMO;4578,253
2018;NOV;REGIÃO SUL;SANTA CATARINA;ÓLEO DIESEL MARÍTIMO;4454,052
2018;DEZ;REGIÃO SUL;SANTA CATARINA;ÓLEO DIESEL MARÍTIMO;5074,915
2018;JAN;REGIÃO SUL;RIO GRANDE DO SUL;ÓLEO DIESEL MARÍTIMO;2870,26
2018;FEV;REGIÃO SUL;RIO GRANDE DO SUL;ÓLEO DIESEL MARÍTIMO;2662,978
2018;MAR;REGIÃO SUL;RIO GRANDE DO SUL;ÓLEO DIESEL MARÍTIMO;2337,056
2018;ABR;REGIÃO SUL;RIO GRANDE DO SUL;ÓLEO DIESEL MARÍTIMO;2470,782
2018;MAI;REGIÃO SUL;RIO GRANDE DO SUL;ÓLEO DIESEL MARÍTIMO;1805,484
2018;JUN;REGIÃO SUL;RIO GRANDE DO SUL;ÓLEO DIESEL MARÍTIMO;2119
2018;JUL;REGIÃO SUL;RIO GRANDE DO SUL;ÓLEO DIESEL MARÍTIMO;1888
2018;AGO;REGIÃO SUL;RIO GRANDE DO SUL;ÓLEO DIESEL MARÍTIMO;1813
2018;SET;REGIÃO SUL;RIO GRANDE DO SUL;ÓLEO DIESEL MARÍTIMO;2203
2018;OUT;REGIÃO SUL;RIO GRANDE DO SUL;ÓLEO DIESEL MARÍTIMO;2452,067
2018;NOV;REGIÃO SUL;RIO GRANDE DO SUL;ÓLEO DIESEL MARÍTIMO;2761,456
2018;DEZ;REGIÃO SUL;RIO GRANDE DO SUL;ÓLEO DIESEL MARÍTIMO;2346,807
2018;JAN;REGIÃO CENTRO-OESTE;MATO GROSSO DO SUL;ÓLEO DIESEL MARÍTIMO;172
2018;FEV;REGIÃO CENTRO-OESTE;MATO GROSSO DO SUL;ÓLEO DIESEL MARÍTIMO;193
2018;MAR;REGIÃO CENTRO-OESTE;MATO GROSSO DO SUL;ÓLEO DIESEL MARÍTIMO;382
2018;ABR;REGIÃO CENTRO-OESTE;MATO GROSSO DO SUL;ÓLEO DIESEL MARÍTIMO;265
2018;MAI;REGIÃO CENTRO-OESTE;MATO GROSSO DO SUL;ÓLEO DIESEL MARÍTIMO;229
2018;JUN;REGIÃO CENTRO-OESTE;MATO GROSSO DO SUL;ÓLEO DIESEL MARÍTIMO;315
2018;JUL;REGIÃO CENTRO-OESTE;MATO GROSSO DO SUL;ÓLEO DIESEL MARÍTIMO;335
2018;AGO;REGIÃO CENTRO-OESTE;MATO GROSSO DO SUL;ÓLEO DIESEL MARÍTIMO;428
2018;SET;REGIÃO CENTRO-OESTE;MATO GROSSO DO SUL;ÓLEO DIESEL MARÍTIMO;242
2018;OUT;REGIÃO CENTRO-OESTE;MATO GROSSO DO SUL;ÓLEO DIESEL MARÍTIMO;298
2018;NOV;REGIÃO CENTRO-OESTE;MATO GROSSO DO SUL;ÓLEO DIESEL MARÍTIMO;112
2018;DEZ;REGIÃO CENTRO-OESTE;MATO GROSSO DO SUL;ÓLEO DIESEL MARÍTIMO;250
2018;JAN;REGIÃO CENTRO-OESTE;MATO GROSSO;ÓLEO DIESEL MARÍTIMO;0
2018;FEV;REGIÃO CENTRO-OESTE;MATO GROSSO;ÓLEO DIESEL MARÍTIMO;0
2018;MAR;REGIÃO CENTRO-OESTE;MATO GROSSO;ÓLEO DIESEL MARÍTIMO;0
2018;ABR;REGIÃO CENTRO-OESTE;MATO GROSSO;ÓLEO DIESEL MARÍTIMO;0
2018;MAI;REGIÃO CENTRO-OESTE;MATO GROSSO;ÓLEO DIESEL MARÍTIMO;0
2018;JUN;REGIÃO CENTRO-OESTE;MATO GROSSO;ÓLEO DIESEL MARÍTIMO;0
2018;JUL;REGIÃO CENTRO-OESTE;MATO GROSSO;ÓLEO DIESEL MARÍTIMO;0
2018;AGO;REGIÃO CENTRO-OESTE;MATO GROSSO;ÓLEO DIESEL MARÍTIMO;0
2018;SET;REGIÃO CENTRO-OESTE;MATO GROSSO;ÓLEO DIESEL MARÍTIMO;0
2018;OUT;REGIÃO CENTRO-OESTE;MATO GROSSO;ÓLEO DIESEL MARÍTIMO;0
2018;NOV;REGIÃO CENTRO-OESTE;MATO GROSSO;ÓLEO DIESEL MARÍTIMO;0
2018;DEZ;REGIÃO CENTRO-OESTE;MATO GROSSO;ÓLEO DIESEL MARÍTIMO;0
2018;JAN;REGIÃO CENTRO-OESTE;GOIÁS;ÓLEO DIESEL MARÍTIMO;0
2018;FEV;REGIÃO CENTRO-OESTE;GOIÁS;ÓLEO DIESEL MARÍTIMO;0
2018;MAR;REGIÃO CENTRO-OESTE;GOIÁS;ÓLEO DIESEL MARÍTIMO;0
2018;ABR;REGIÃO CENTRO-OESTE;GOIÁS;ÓLEO DIESEL MARÍTIMO;0
2018;MAI;REGIÃO CENTRO-OESTE;GOIÁS;ÓLEO DIESEL MARÍTIMO;0
2018;JUN;REGIÃO CENTRO-OESTE;GOIÁS;ÓLEO DIESEL MARÍTIMO;0
2018;JUL;REGIÃO CENTRO-OESTE;GOIÁS;ÓLEO DIESEL MARÍTIMO;0
2018;AGO;REGIÃO CENTRO-OESTE;GOIÁS;ÓLEO DIESEL MARÍTIMO;0
2018;SET;REGIÃO CENTRO-OESTE;GOIÁS;ÓLEO DIESEL MARÍTIMO;0
2018;OUT;REGIÃO CENTRO-OESTE;GOIÁS;ÓLEO DIESEL MARÍTIMO;0
2018;NOV;REGIÃO CENTRO-OESTE;GOIÁS;ÓLEO DIESEL MARÍTIMO;0
2018;DEZ;REGIÃO CENTRO-OESTE;GOIÁS;ÓLEO DIESEL MARÍTIMO;0
2018;JAN;REGIÃO CENTRO-OESTE;DISTRITO FEDERAL;ÓLEO DIESEL MARÍTIMO;0
2018;FEV;REGIÃO CENTRO-OESTE;DISTRITO FEDERAL;ÓLEO DIESEL MARÍTIMO;0
2018;MAR;REGIÃO CENTRO-OESTE;DISTRITO FEDERAL;ÓLEO DIESEL MARÍTIMO;0
2018;ABR;REGIÃO CENTRO-OESTE;DISTRITO FEDERAL;ÓLEO DIESEL MARÍTIMO;0
2018;MAI;REGIÃO CENTRO-OESTE;DISTRITO FEDERAL;ÓLEO DIESEL MARÍTIMO;0
2018;JUN;REGIÃO CENTRO-OESTE;DISTRITO FEDERAL;ÓLEO DIESEL MARÍTIMO;0
2018;JUL;REGIÃO CENTRO-OESTE;DISTRITO FEDERAL;ÓLEO DIESEL MARÍTIMO;0
2018;AGO;REGIÃO CENTRO-OESTE;DISTRITO FEDERAL;ÓLEO DIESEL MARÍTIMO;0
2018;SET;REGIÃO CENTRO-OESTE;DISTRITO FEDERAL;ÓLEO DIESEL MARÍTIMO;0
2018;OUT;REGIÃO CENTRO-OESTE;DISTRITO FEDERAL;ÓLEO DIESEL MARÍTIMO;0
2018;NOV;REGIÃO CENTRO-OESTE;DISTRITO FEDERAL;ÓLEO DIESEL MARÍTIMO;0
2018;DEZ;REGIÃO CENTRO-OESTE;DISTRITO FEDERAL;ÓLEO DIESEL MARÍTIMO;0
2018;JAN;REGIÃO NORTE;RONDÔNIA;ÓLEO DIESEL (OUTROS );0
2018;FEV;REGIÃO NORTE;RONDÔNIA;ÓLEO DIESEL (OUTROS );0
2018;MAR;REGIÃO NORTE;RONDÔNIA;ÓLEO DIESEL (OUTROS );0
2018;ABR;REGIÃO NORTE;RONDÔNIA;ÓLEO DIESEL (OUTROS );0
2018;MAI;REGIÃO NORTE;RONDÔNIA;ÓLEO DIESEL (OUTROS );0
2018;JUN;REGIÃO NORTE;RONDÔNIA;ÓLEO DIESEL (OUTROS );0
2018;JUL;REGIÃO NORTE;RONDÔNIA;ÓLEO DIESEL (OUTROS );0
2018;AGO;REGIÃO NORTE;RONDÔNIA;ÓLEO DIESEL (OUTROS );0
2018;SET;REGIÃO NORTE;RONDÔNIA;ÓLEO DIESEL (OUTROS );0
2018;OUT;REGIÃO NORTE;RONDÔNIA;ÓLEO DIESEL (OUTROS );0
2018;NOV;REGIÃO NORTE;RONDÔNIA;ÓLEO DIESEL (OUTROS );0
2018;DEZ;REGIÃO NORTE;RONDÔNIA;ÓLEO DIESEL (OUTROS );0
2018;JAN;REGIÃO NORTE;ACRE;ÓLEO DIESEL (OUTROS );0
2018;FEV;REGIÃO NORTE;ACRE;ÓLEO DIESEL (OUTROS );0
2018;MAR;REGIÃO NORTE;ACRE;ÓLEO DIESEL (OUTROS );0
2018;ABR;REGIÃO NORTE;ACRE;ÓLEO DIESEL (OUTROS );0
2018;MAI;REGIÃO NORTE;ACRE;ÓLEO DIESEL (OUTROS );0
2018;JUN;REGIÃO NORTE;ACRE;ÓLEO DIESEL (OUTROS );0
2018;JUL;REGIÃO NORTE;ACRE;ÓLEO DIESEL (OUTROS );0
2018;AGO;REGIÃO NORTE;ACRE;ÓLEO DIESEL (OUTROS );0
2018;SET;REGIÃO NORTE;ACRE;ÓLEO DIESEL (OUTROS );0
2018;OUT;REGIÃO NORTE;ACRE;ÓLEO DIESEL (OUTROS );0
2018;NOV;REGIÃO NORTE;ACRE;ÓLEO DIESEL (OUTROS );0
2018;DEZ;REGIÃO NORTE;ACRE;ÓLEO DIESEL (OUTROS );0
2018;JAN;REGIÃO NORTE;AMAZONAS;ÓLEO DIESEL (OUTROS );0
2018;FEV;REGIÃO NORTE;AMAZONAS;ÓLEO DIESEL (OUTROS );0
2018;MAR;REGIÃO NORTE;AMAZONAS;ÓLEO DIESEL (OUTROS );0
2018;ABR;REGIÃO NORTE;AMAZONAS;ÓLEO DIESEL (OUTROS );0
2018;MAI;REGIÃO NORTE;AMAZONAS;ÓLEO DIESEL (OUTROS );0
2018;JUN;REGIÃO NORTE;AMAZONAS;ÓLEO DIESEL (OUTROS );0
2018;JUL;REGIÃO NORTE;AMAZONAS;ÓLEO DIESEL (OUTROS );0
2018;AGO;REGIÃO NORTE;AMAZONAS;ÓLEO DIESEL (OUTROS );0
2018;SET;REGIÃO NORTE;AMAZONAS;ÓLEO DIESEL (OUTROS );0
2018;OUT;REGIÃO NORTE;AMAZONAS;ÓLEO DIESEL (OUTROS );0
2018;NOV;REGIÃO NORTE;AMAZONAS;ÓLEO DIESEL (OUTROS );0
2018;DEZ;REGIÃO NORTE;AMAZONAS;ÓLEO DIESEL (OUTROS );0
2018;JAN;REGIÃO NORTE;RORAIMA;ÓLEO DIESEL (OUTROS );0
2018;FEV;REGIÃO NORTE;RORAIMA;ÓLEO DIESEL (OUTROS );0
2018;MAR;REGIÃO NORTE;RORAIMA;ÓLEO DIESEL (OUTROS );0
2018;ABR;REGIÃO NORTE;RORAIMA;ÓLEO DIESEL (OUTROS );0
2018;MAI;REGIÃO NORTE;RORAIMA;ÓLEO DIESEL (OUTROS );0
2018;JUN;REGIÃO NORTE;RORAIMA;ÓLEO DIESEL (OUTROS );0
2018;JUL;REGIÃO NORTE;RORAIMA;ÓLEO DIESEL (OUTROS );0
2018;AGO;REGIÃO NORTE;RORAIMA;ÓLEO DIESEL (OUTROS );0
2018;SET;REGIÃO NORTE;RORAIMA;ÓLEO DIESEL (OUTROS );0
2018;OUT;REGIÃO NORTE;RORAIMA;ÓLEO DIESEL (OUTROS );0
2018;NOV;REGIÃO NORTE;RORAIMA;ÓLEO DIESEL (OUTROS );0
2018;DEZ;REGIÃO NORTE;RORAIMA;ÓLEO DIESEL (OUTROS );0
2018;JAN;REGIÃO NORTE;PARÁ;ÓLEO DIESEL (OUTROS );0
2018;FEV;REGIÃO NORTE;PARÁ;ÓLEO DIESEL (OUTROS );0
2018;MAR;REGIÃO NORTE;PARÁ;ÓLEO DIESEL (OUTROS );0
2018;ABR;REGIÃO NORTE;PARÁ;ÓLEO DIESEL (OUTROS );0
2018;MAI;REGIÃO NORTE;PARÁ;ÓLEO DIESEL (OUTROS );420
2018;JUN;REGIÃO NORTE;PARÁ;ÓLEO DIESEL (OUTROS );146
2018;JUL;REGIÃO NORTE;PARÁ;ÓLEO DIESEL (OUTROS );0
2018;AGO;REGIÃO NORTE;PARÁ;ÓLEO DIESEL (OUTROS );0
2018;SET;REGIÃO NORTE;PARÁ;ÓLEO DIESEL (OUTROS );0
2018;OUT;REGIÃO NORTE;PARÁ;ÓLEO DIESEL (OUTROS );0
2018;NOV;REGIÃO NORTE;PARÁ;ÓLEO DIESEL (OUTROS );0
2018;DEZ;REGIÃO NORTE;PARÁ;ÓLEO DIESEL (OUTROS );0
2018;JAN;REGIÃO NORTE;AMAPÁ;ÓLEO DIESEL (OUTROS );0
2018;FEV;REGIÃO NORTE;AMAPÁ;ÓLEO DIESEL (OUTROS );0
2018;MAR;REGIÃO NORTE;AMAPÁ;ÓLEO DIESEL (OUTROS );0
2018;ABR;REGIÃO NORTE;AMAPÁ;ÓLEO DIESEL (OUTROS );0
2018;MAI;REGIÃO NORTE;AMAPÁ;ÓLEO DIESEL (OUTROS );0
2018;JUN;REGIÃO NORTE;AMAPÁ;ÓLEO DIESEL (OUTROS );0
2018;JUL;REGIÃO NORTE;AMAPÁ;ÓLEO DIESEL (OUTROS );0
2018;AGO;REGIÃO NORTE;AMAPÁ;ÓLEO DIESEL (OUTROS );0
2018;SET;REGIÃO NORTE;AMAPÁ;ÓLEO DIESEL (OUTROS );0
2018;OUT;REGIÃO NORTE;AMAPÁ;ÓLEO DIESEL (OUTROS );0
2018;NOV;REGIÃO NORTE;AMAPÁ;ÓLEO DIESEL (OUTROS );0
2018;DEZ;REGIÃO NORTE;AMAPÁ;ÓLEO DIESEL (OUTROS );0
2018;JAN;REGIÃO NORTE;TOCANTINS;ÓLEO DIESEL (OUTROS );0
2018;FEV;REGIÃO NORTE;TOCANTINS;ÓLEO DIESEL (OUTROS );0
2018;MAR;REGIÃO NORTE;TOCANTINS;ÓLEO DIESEL (OUTROS );0
2018;ABR;REGIÃO NORTE;TOCANTINS;ÓLEO DIESEL (OUTROS );0
2018;MAI;REGIÃO NORTE;TOCANTINS;ÓLEO DIESEL (OUTROS );0
2018;JUN;REGIÃO NORTE;TOCANTINS;ÓLEO DIESEL (OUTROS );0
2018;JUL;REGIÃO NORTE;TOCANTINS;ÓLEO DIESEL (OUTROS );0
2018;AGO;REGIÃO NORTE;TOCANTINS;ÓLEO DIESEL (OUTROS );0
2018;SET;REGIÃO NORTE;TOCANTINS;ÓLEO DIESEL (OUTROS );0
2018;OUT;REGIÃO NORTE;TOCANTINS;ÓLEO DIESEL (OUTROS );0
2018;NOV;REGIÃO NORTE;TOCANTINS;ÓLEO DIESEL (OUTROS );0
2018;DEZ;REGIÃO NORTE;TOCANTINS;ÓLEO DIESEL (OUTROS );0
2018;JAN;REGIÃO NORDESTE;MARANHÃO;ÓLEO DIESEL (OUTROS );0
2018;FEV;REGIÃO NORDESTE;MARANHÃO;ÓLEO DIESEL (OUTROS );0
2018;MAR;REGIÃO NORDESTE;MARANHÃO;ÓLEO DIESEL (OUTROS );0
2018;ABR;REGIÃO NORDESTE;MARANHÃO;ÓLEO DIESEL (OUTROS );0
2018;MAI;REGIÃO NORDESTE;MARANHÃO;ÓLEO DIESEL (OUTROS );5
2018;JUN;REGIÃO NORDESTE;MARANHÃO;ÓLEO DIESEL (OUTROS );5
2018;JUL;REGIÃO NORDESTE;MARANHÃO;ÓLEO DIESEL (OUTROS );0
2018;AGO;REGIÃO NORDESTE;MARANHÃO;ÓLEO DIESEL (OUTROS );0
2018;SET;REGIÃO NORDESTE;MARANHÃO;ÓLEO DIESEL (OUTROS );0
2018;OUT;REGIÃO NORDESTE;MARANHÃO;ÓLEO DIESEL (OUTROS );0
2018;NOV;REGIÃO NORDESTE;MARANHÃO;ÓLEO DIESEL (OUTROS );0
2018;DEZ;REGIÃO NORDESTE;MARANHÃO;ÓLEO DIESEL (OUTROS );0
2018;JAN;REGIÃO NORDESTE;PIAUÍ;ÓLEO DIESEL (OUTROS );0
2018;FEV;REGIÃO NORDESTE;PIAUÍ;ÓLEO DIESEL (OUTROS );0
2018;MAR;REGIÃO NORDESTE;PIAUÍ;ÓLEO DIESEL (OUTROS );0
2018;ABR;REGIÃO NORDESTE;PIAUÍ;ÓLEO DIESEL (OUTROS );0
2018;MAI;REGIÃO NORDESTE;PIAUÍ;ÓLEO DIESEL (OUTROS );0
2018;JUN;REGIÃO NORDESTE;PIAUÍ;ÓLEO DIESEL (OUTROS );0
2018;JUL;REGIÃO NORDESTE;PIAUÍ;ÓLEO DIESEL (OUTROS );0
2018;AGO;REGIÃO NORDESTE;PIAUÍ;ÓLEO DIESEL (OUTROS );0
2018;SET;REGIÃO NORDESTE;PIAUÍ;ÓLEO DIESEL (OUTROS );0
2018;OUT;REGIÃO NORDESTE;PIAUÍ;ÓLEO DIESEL (OUTROS );0
2018;NOV;REGIÃO NORDESTE;PIAUÍ;ÓLEO DIESEL (OUTROS );0
2018;DEZ;REGIÃO NORDESTE;PIAUÍ;ÓLEO DIESEL (OUTROS );0
2018;JAN;REGIÃO NORDESTE;CEARÁ;ÓLEO DIESEL (OUTROS );0
2018;FEV;REGIÃO NORDESTE;CEARÁ;ÓLEO DIESEL (OUTROS );0
2018;MAR;REGIÃO NORDESTE;CEARÁ;ÓLEO DIESEL (OUTROS );0
2018;ABR;REGIÃO NORDESTE;CEARÁ;ÓLEO DIESEL (OUTROS );0
2018;MAI;REGIÃO NORDESTE;CEARÁ;ÓLEO DIESEL (OUTROS );90
2018;JUN;REGIÃO NORDESTE;CEARÁ;ÓLEO DIESEL (OUTROS );95
2018;JUL;REGIÃO NORDESTE;CEARÁ;ÓLEO DIESEL (OUTROS );0
2018;AGO;REGIÃO NORDESTE;CEARÁ;ÓLEO DIESEL (OUTROS );0
2018;SET;REGIÃO NORDESTE;CEARÁ;ÓLEO DIESEL (OUTROS );0
2018;OUT;REGIÃO NORDESTE;CEARÁ;ÓLEO DIESEL (OUTROS );0
2018;NOV;REGIÃO NORDESTE;CEARÁ;ÓLEO DIESEL (OUTROS );0
2018;DEZ;REGIÃO NORDESTE;CEARÁ;ÓLEO DIESEL (OUTROS );0
2018;JAN;REGIÃO NORDESTE;RIO GRANDE DO NORTE;ÓLEO DIESEL (OUTROS );0
2018;FEV;REGIÃO NORDESTE;RIO GRANDE DO NORTE;ÓLEO DIESEL (OUTROS );0
2018;MAR;REGIÃO NORDESTE;RIO GRANDE DO NORTE;ÓLEO DIESEL (OUTROS );0
2018;ABR;REGIÃO NORDESTE;RIO GRANDE DO NORTE;ÓLEO DIESEL (OUTROS );0
2018;MAI;REGIÃO NORDESTE;RIO GRANDE DO NORTE;ÓLEO DIESEL (OUTROS );0
2018;JUN;REGIÃO NORDESTE;RIO GRANDE DO NORTE;ÓLEO DIESEL (OUTROS );0
2018;JUL;REGIÃO NORDESTE;RIO GRANDE DO NORTE;ÓLEO DIESEL (OUTROS );0
2018;AGO;REGIÃO NORDESTE;RIO GRANDE DO NORTE;ÓLEO DIESEL (OUTROS );0
2018;SET;REGIÃO NORDESTE;RIO GRANDE DO NORTE;ÓLEO DIESEL (OUTROS );0
2018;OUT;REGIÃO NORDESTE;RIO GRANDE DO NORTE;ÓLEO DIESEL (OUTROS );0
2018;NOV;REGIÃO NORDESTE;RIO GRANDE DO NORTE;ÓLEO DIESEL (OUTROS );0
2018;DEZ;REGIÃO NORDESTE;RIO GRANDE DO NORTE;ÓLEO DIESEL (OUTROS );0
2018;JAN;REGIÃO NORDESTE;PARAÍBA;ÓLEO DIESEL (OUTROS );0
2018;FEV;REGIÃO NORDESTE;PARAÍBA;ÓLEO DIESEL (OUTROS );0
2018;MAR;REGIÃO NORDESTE;PARAÍBA;ÓLEO DIESEL (OUTROS );0
2018;ABR;REGIÃO NORDESTE;PARAÍBA;ÓLEO DIESEL (OUTROS );0
2018;MAI;REGIÃO NORDESTE;PARAÍBA;ÓLEO DIESEL (OUTROS );0
2018;JUN;REGIÃO NORDESTE;PARAÍBA;ÓLEO DIESEL (OUTROS );0
2018;JUL;REGIÃO NORDESTE;PARAÍBA;ÓLEO DIESEL (OUTROS );0
2018;AGO;REGIÃO NORDESTE;PARAÍBA;ÓLEO DIESEL (OUTROS );0
2018;SET;REGIÃO NORDESTE;PARAÍBA;ÓLEO DIESEL (OUTROS );0
2018;OUT;REGIÃO NORDESTE;PARAÍBA;ÓLEO DIESEL (OUTROS );0
2018;NOV;REGIÃO NORDESTE;PARAÍBA;ÓLEO DIESEL (OUTROS );0
2018;DEZ;REGIÃO NORDESTE;PARAÍBA;ÓLEO DIESEL (OUTROS );0
2018;JAN;REGIÃO NORDESTE;PERNAMBUCO;ÓLEO DIESEL (OUTROS );0
2018;FEV;REGIÃO NORDESTE;PERNAMBUCO;ÓLEO DIESEL (OUTROS );0
2018;MAR;REGIÃO NORDESTE;PERNAMBUCO;ÓLEO DIESEL (OUTROS );0
2018;ABR;REGIÃO NORDESTE;PERNAMBUCO;ÓLEO DIESEL (OUTROS );0
2018;MAI;REGIÃO NORDESTE;PERNAMBUCO;ÓLEO DIESEL (OUTROS );0
2018;JUN;REGIÃO NORDESTE;PERNAMBUCO;ÓLEO DIESEL (OUTROS );0
2018;JUL;REGIÃO NORDESTE;PERNAMBUCO;ÓLEO DIESEL (OUTROS );0
2018;AGO;REGIÃO NORDESTE;PERNAMBUCO;ÓLEO DIESEL (OUTROS );0
2018;SET;REGIÃO NORDESTE;PERNAMBUCO;ÓLEO DIESEL (OUTROS );0
2018;OUT;REGIÃO NORDESTE;PERNAMBUCO;ÓLEO DIESEL (OUTROS );0
2018;NOV;REGIÃO NORDESTE;PERNAMBUCO;ÓLEO DIESEL (OUTROS );0
2018;DEZ;REGIÃO NORDESTE;PERNAMBUCO;ÓLEO DIESEL (OUTROS );0
2018;JAN;REGIÃO NORDESTE;ALAGOAS;ÓLEO DIESEL (OUTROS );0
2018;FEV;REGIÃO NORDESTE;ALAGOAS;ÓLEO DIESEL (OUTROS );0
2018;MAR;REGIÃO NORDESTE;ALAGOAS;ÓLEO DIESEL (OUTROS );0
2018;ABR;REGIÃO NORDESTE;ALAGOAS;ÓLEO DIESEL (OUTROS );0
2018;MAI;REGIÃO NORDESTE;ALAGOAS;ÓLEO DIESEL (OUTROS );5
2018;JUN;REGIÃO NORDESTE;ALAGOAS;ÓLEO DIESEL (OUTROS );0
2018;JUL;REGIÃO NORDESTE;ALAGOAS;ÓLEO DIESEL (OUTROS );0
2018;AGO;REGIÃO NORDESTE;ALAGOAS;ÓLEO DIESEL (OUTROS );0
2018;SET;REGIÃO NORDESTE;ALAGOAS;ÓLEO DIESEL (OUTROS );0
2018;OUT;REGIÃO NORDESTE;ALAGOAS;ÓLEO DIESEL (OUTROS );0
2018;NOV;REGIÃO NORDESTE;ALAGOAS;ÓLEO DIESEL (OUTROS );0
2018;DEZ;REGIÃO NORDESTE;ALAGOAS;ÓLEO DIESEL (OUTROS );0
2018;JAN;REGIÃO NORDESTE;SERGIPE;ÓLEO DIESEL (OUTROS );0
2018;FEV;REGIÃO NORDESTE;SERGIPE;ÓLEO DIESEL (OUTROS );0
2018;MAR;REGIÃO NORDESTE;SERGIPE;ÓLEO DIESEL (OUTROS );0
2018;ABR;REGIÃO NORDESTE;SERGIPE;ÓLEO DIESEL (OUTROS );0
2018;MAI;REGIÃO NORDESTE;SERGIPE;ÓLEO DIESEL (OUTROS );0
2018;JUN;REGIÃO NORDESTE;SERGIPE;ÓLEO DIESEL (OUTROS );0
2018;JUL;REGIÃO NORDESTE;SERGIPE;ÓLEO DIESEL (OUTROS );0
2018;AGO;REGIÃO NORDESTE;SERGIPE;ÓLEO DIESEL (OUTROS );0
2018;SET;REGIÃO NORDESTE;SERGIPE;ÓLEO DIESEL (OUTROS );0
2018;OUT;REGIÃO NORDESTE;SERGIPE;ÓLEO DIESEL (OUTROS );0
2018;NOV;REGIÃO NORDESTE;SERGIPE;ÓLEO DIESEL (OUTROS );0
2018;DEZ;REGIÃO NORDESTE;SERGIPE;ÓLEO DIESEL (OUTROS );0
2018;JAN;REGIÃO NORDESTE;BAHIA;ÓLEO DIESEL (OUTROS );0
2018;FEV;REGIÃO NORDESTE;BAHIA;ÓLEO DIESEL (OUTROS );0
2018;MAR;REGIÃO NORDESTE;BAHIA;ÓLEO DIESEL (OUTROS );0
2018;ABR;REGIÃO NORDESTE;BAHIA;ÓLEO DIESEL (OUTROS );0
2018;MAI;REGIÃO NORDESTE;BAHIA;ÓLEO DIESEL (OUTROS );5
2018;JUN;REGIÃO NORDESTE;BAHIA;ÓLEO DIESEL (OUTROS );35
2018;JUL;REGIÃO NORDESTE;BAHIA;ÓLEO DIESEL (OUTROS );0
2018;AGO;REGIÃO NORDESTE;BAHIA;ÓLEO DIESEL (OUTROS );0
2018;SET;REGIÃO NORDESTE;BAHIA;ÓLEO DIESEL (OUTROS );0
2018;OUT;REGIÃO NORDESTE;BAHIA;ÓLEO DIESEL (OUTROS );0
2018;NOV;REGIÃO NORDESTE;BAHIA;ÓLEO DIESEL (OUTROS );0
2018;DEZ;REGIÃO NORDESTE;BAHIA;ÓLEO DIESEL (OUTROS );0
2018;JAN;REGIÃO SUDESTE;MINAS GERAIS;ÓLEO DIESEL (OUTROS );0
2018;FEV;REGIÃO SUDESTE;MINAS GERAIS;ÓLEO DIESEL (OUTROS );0
2018;MAR;REGIÃO SUDESTE;MINAS GERAIS;ÓLEO DIESEL (OUTROS );0
2018;ABR;REGIÃO SUDESTE;MINAS GERAIS;ÓLEO DIESEL (OUTROS );5
2018;MAI;REGIÃO SUDESTE;MINAS GERAIS;ÓLEO DIESEL (OUTROS );0
2018;JUN;REGIÃO SUDESTE;MINAS GERAIS;ÓLEO DIESEL (OUTROS );45
2018;JUL;REGIÃO SUDESTE;MINAS GERAIS;ÓLEO DIESEL (OUTROS );0
2018;AGO;REGIÃO SUDESTE;MINAS GERAIS;ÓLEO DIESEL (OUTROS );1
2018;SET;REGIÃO SUDESTE;MINAS GERAIS;ÓLEO DIESEL (OUTROS );0
2018;OUT;REGIÃO SUDESTE;MINAS GERAIS;ÓLEO DIESEL (OUTROS );0
2018;NOV;REGIÃO SUDESTE;MINAS GERAIS;ÓLEO DIESEL (OUTROS );0
2018;DEZ;REGIÃO SUDESTE;MINAS GERAIS;ÓLEO DIESEL (OUTROS );0
2018;JAN;REGIÃO SUDESTE;ESPÍRITO SANTO;ÓLEO DIESEL (OUTROS );45
2018;FEV;REGIÃO SUDESTE;ESPÍRITO SANTO;ÓLEO DIESEL (OUTROS );15
2018;MAR;REGIÃO SUDESTE;ESPÍRITO SANTO;ÓLEO DIESEL (OUTROS );10
2018;ABR;REGIÃO SUDESTE;ESPÍRITO SANTO;ÓLEO DIESEL (OUTROS );15
2018;MAI;REGIÃO SUDESTE;ESPÍRITO SANTO;ÓLEO DIESEL (OUTROS );10
2018;JUN;REGIÃO SUDESTE;ESPÍRITO SANTO;ÓLEO DIESEL (OUTROS );15
2018;JUL;REGIÃO SUDESTE;ESPÍRITO SANTO;ÓLEO DIESEL (OUTROS );15
2018;AGO;REGIÃO SUDESTE;ESPÍRITO SANTO;ÓLEO DIESEL (OUTROS );40
2018;SET;REGIÃO SUDESTE;ESPÍRITO SANTO;ÓLEO DIESEL (OUTROS );30
2018;OUT;REGIÃO SUDESTE;ESPÍRITO SANTO;ÓLEO DIESEL (OUTROS );45
2018;NOV;REGIÃO SUDESTE;ESPÍRITO SANTO;ÓLEO DIESEL (OUTROS );35
2018;DEZ;REGIÃO SUDESTE;ESPÍRITO SANTO;ÓLEO DIESEL (OUTROS );60
2018;JAN;REGIÃO SUDESTE;RIO DE JANEIRO;ÓLEO DIESEL (OUTROS );1370,936
2018;FEV;REGIÃO SUDESTE;RIO DE JANEIRO;ÓLEO DIESEL (OUTROS );1305,705
2018;MAR;REGIÃO SUDESTE;RIO DE JANEIRO;ÓLEO DIESEL (OUTROS );995,995
2018;ABR;REGIÃO SUDESTE;RIO DE JANEIRO;ÓLEO DIESEL (OUTROS );957,965
2018;MAI;REGIÃO SUDESTE;RIO DE JANEIRO;ÓLEO DIESEL (OUTROS );823,828
2018;JUN;REGIÃO SUDESTE;RIO DE JANEIRO;ÓLEO DIESEL (OUTROS );1768,487
2018;JUL;REGIÃO SUDESTE;RIO DE JANEIRO;ÓLEO DIESEL (OUTROS );624,558
2018;AGO;REGIÃO SUDESTE;RIO DE JANEIRO;ÓLEO DIESEL (OUTROS );604,197
2018;SET;REGIÃO SUDESTE;RIO DE JANEIRO;ÓLEO DIESEL (OUTROS );660
2018;OUT;REGIÃO SUDESTE;RIO DE JANEIRO;ÓLEO DIESEL (OUTROS );759
2018;NOV;REGIÃO SUDESTE;RIO DE JANEIRO;ÓLEO DIESEL (OUTROS );850
2018;DEZ;REGIÃO SUDESTE;RIO DE JANEIRO;ÓLEO DIESEL (OUTROS );1823
2018;JAN;REGIÃO SUDESTE;SÃO PAULO;ÓLEO DIESEL (OUTROS );936,4
2018;FEV;REGIÃO SUDESTE;SÃO PAULO;ÓLEO DIESEL (OUTROS );780
2018;MAR;REGIÃO SUDESTE;SÃO PAULO;ÓLEO DIESEL (OUTROS );594
2018;ABR;REGIÃO SUDESTE;SÃO PAULO;ÓLEO DIESEL (OUTROS );577
2018;MAI;REGIÃO SUDESTE;SÃO PAULO;ÓLEO DIESEL (OUTROS );758,8
2018;JUN;REGIÃO SUDESTE;SÃO PAULO;ÓLEO DIESEL (OUTROS );1855,05
2018;JUL;REGIÃO SUDESTE;SÃO PAULO;ÓLEO DIESEL (OUTROS );456,4
2018;AGO;REGIÃO SUDESTE;SÃO PAULO;ÓLEO DIESEL (OUTROS );326
2018;SET;REGIÃO SUDESTE;SÃO PAULO;ÓLEO DIESEL (OUTROS );489
2018;OUT;REGIÃO SUDESTE;SÃO PAULO;ÓLEO DIESEL (OUTROS );354,892
2018;NOV;REGIÃO SUDESTE;SÃO PAULO;ÓLEO DIESEL (OUTROS );607
2018;DEZ;REGIÃO SUDESTE;SÃO PAULO;ÓLEO DIESEL (OUTROS );1148
2018;JAN;REGIÃO SUL;PARANÁ;ÓLEO DIESEL (OUTROS );5
2018;FEV;REGIÃO SUL;PARANÁ;ÓLEO DIESEL (OUTROS );5,6
2018;MAR;REGIÃO SUL;PARANÁ;ÓLEO DIESEL (OUTROS );5
2018;ABR;REGIÃO SUL;PARANÁ;ÓLEO DIESEL (OUTROS );23,1
2018;MAI;REGIÃO SUL;PARANÁ;ÓLEO DIESEL (OUTROS );20
2018;JUN;REGIÃO SUL;PARANÁ;ÓLEO DIESEL (OUTROS );180
2018;JUL;REGIÃO SUL;PARANÁ;ÓLEO DIESEL (OUTROS );35
2018;AGO;REGIÃO SUL;PARANÁ;ÓLEO DIESEL (OUTROS );30
2018;SET;REGIÃO SUL;PARANÁ;ÓLEO DIESEL (OUTROS );21,343
2018;OUT;REGIÃO SUL;PARANÁ;ÓLEO DIESEL (OUTROS );30
2018;NOV;REGIÃO SUL;PARANÁ;ÓLEO DIESEL (OUTROS );25,6
2018;DEZ;REGIÃO SUL;PARANÁ;ÓLEO DIESEL (OUTROS );0
2018;JAN;REGIÃO SUL;SANTA CATARINA;ÓLEO DIESEL (OUTROS );65
2018;FEV;REGIÃO SUL;SANTA CATARINA;ÓLEO DIESEL (OUTROS );60
2018;MAR;REGIÃO SUL;SANTA CATARINA;ÓLEO DIESEL (OUTROS );60
2018;ABR;REGIÃO SUL;SANTA CATARINA;ÓLEO DIESEL (OUTROS );35
2018;MAI;REGIÃO SUL;SANTA CATARINA;ÓLEO DIESEL (OUTROS );48
2018;JUN;REGIÃO SUL;SANTA CATARINA;ÓLEO DIESEL (OUTROS );224
2018;JUL;REGIÃO SUL;SANTA CATARINA;ÓLEO DIESEL (OUTROS );30
2018;AGO;REGIÃO SUL;SANTA CATARINA;ÓLEO DIESEL (OUTROS );40
2018;SET;REGIÃO SUL;SANTA CATARINA;ÓLEO DIESEL (OUTROS );35
2018;OUT;REGIÃO SUL;SANTA CATARINA;ÓLEO DIESEL (OUTROS );35
2018;NOV;REGIÃO SUL;SANTA CATARINA;ÓLEO DIESEL (OUTROS );40
2018;DEZ;REGIÃO SUL;SANTA CATARINA;ÓLEO DIESEL (OUTROS );75
2018;JAN;REGIÃO SUL;RIO GRANDE DO SUL;ÓLEO DIESEL (OUTROS );0
2018;FEV;REGIÃO SUL;RIO GRANDE DO SUL;ÓLEO DIESEL (OUTROS );0
2018;MAR;REGIÃO SUL;RIO GRANDE DO SUL;ÓLEO DIESEL (OUTROS );0
2018;ABR;REGIÃO SUL;RIO GRANDE DO SUL;ÓLEO DIESEL (OUTROS );0
2018;MAI;REGIÃO SUL;RIO GRANDE DO SUL;ÓLEO DIESEL (OUTROS );5
2018;JUN;REGIÃO SUL;RIO GRANDE DO SUL;ÓLEO DIESEL (OUTROS );525
2018;JUL;REGIÃO SUL;RIO GRANDE DO SUL;ÓLEO DIESEL (OUTROS );0
2018;AGO;REGIÃO SUL;RIO GRANDE DO SUL;ÓLEO DIESEL (OUTROS );0
2018;SET;REGIÃO SUL;RIO GRANDE DO SUL;ÓLEO DIESEL (OUTROS );0
2018;OUT;REGIÃO SUL;RIO GRANDE DO SUL;ÓLEO DIESEL (OUTROS );0
2018;NOV;REGIÃO SUL;RIO GRANDE DO SUL;ÓLEO DIESEL (OUTROS );0
2018;DEZ;REGIÃO SUL;RIO GRANDE DO SUL;ÓLEO DIESEL (OUTROS );0
2018;JAN;REGIÃO CENTRO-OESTE;MATO GROSSO DO SUL;ÓLEO DIESEL (OUTROS );0
2018;FEV;REGIÃO CENTRO-OESTE;MATO GROSSO DO SUL;ÓLEO DIESEL (OUTROS );0
2018;MAR;REGIÃO CENTRO-OESTE;MATO GROSSO DO SUL;ÓLEO DIESEL (OUTROS );0
2018;ABR;REGIÃO CENTRO-OESTE;MATO GROSSO DO SUL;ÓLEO DIESEL (OUTROS );0
2018;MAI;REGIÃO CENTRO-OESTE;MATO GROSSO DO SUL;ÓLEO DIESEL (OUTROS );45,016
2018;JUN;REGIÃO CENTRO-OESTE;MATO GROSSO DO SUL;ÓLEO DIESEL (OUTROS );0
2018;JUL;REGIÃO CENTRO-OESTE;MATO GROSSO DO SUL;ÓLEO DIESEL (OUTROS );0
2018;AGO;REGIÃO CENTRO-OESTE;MATO GROSSO DO SUL;ÓLEO DIESEL (OUTROS );0
2018;SET;REGIÃO CENTRO-OESTE;MATO GROSSO DO SUL;ÓLEO DIESEL (OUTROS );0
2018;OUT;REGIÃO CENTRO-OESTE;MATO GROSSO DO SUL;ÓLEO DIESEL (OUTROS );0
2018;NOV;REGIÃO CENTRO-OESTE;MATO GROSSO DO SUL;ÓLEO DIESEL (OUTROS );0
2018;DEZ;REGIÃO CENTRO-OESTE;MATO GROSSO DO SUL;ÓLEO DIESEL (OUTROS );0
2018;JAN;REGIÃO CENTRO-OESTE;MATO GROSSO;ÓLEO DIESEL (OUTROS );0
2018;FEV;REGIÃO CENTRO-OESTE;MATO GROSSO;ÓLEO DIESEL (OUTROS );0
2018;MAR;REGIÃO CENTRO-OESTE;MATO GROSSO;ÓLEO DIESEL (OUTROS );0
2018;ABR;REGIÃO CENTRO-OESTE;MATO GROSSO;ÓLEO DIESEL (OUTROS );0
2018;MAI;REGIÃO CENTRO-OESTE;MATO GROSSO;ÓLEO DIESEL (OUTROS );12
2018;JUN;REGIÃO CENTRO-OESTE;MATO GROSSO;ÓLEO DIESEL (OUTROS );8
2018;JUL;REGIÃO CENTRO-OESTE;MATO GROSSO;ÓLEO DIESEL (OUTROS );0
2018;AGO;REGIÃO CENTRO-OESTE;MATO GROSSO;ÓLEO DIESEL (OUTROS );0
2018;SET;REGIÃO CENTRO-OESTE;MATO GROSSO;ÓLEO DIESEL (OUTROS );0
2018;OUT;REGIÃO CENTRO-OESTE;MATO GROSSO;ÓLEO DIESEL (OUTROS );0
2018;NOV;REGIÃO CENTRO-OESTE;MATO GROSSO;ÓLEO DIESEL (OUTROS );0
2018;DEZ;REGIÃO CENTRO-OESTE;MATO GROSSO;ÓLEO DIESEL (OUTROS );0
2018;JAN;REGIÃO CENTRO-OESTE;GOIÁS;ÓLEO DIESEL (OUTROS );0
2018;FEV;REGIÃO CENTRO-OESTE;GOIÁS;ÓLEO DIESEL (OUTROS );0
2018;MAR;REGIÃO CENTRO-OESTE;GOIÁS;ÓLEO DIESEL (OUTROS );0
2018;ABR;REGIÃO CENTRO-OESTE;GOIÁS;ÓLEO DIESEL (OUTROS );0
2018;MAI;REGIÃO CENTRO-OESTE;GOIÁS;ÓLEO DIESEL (OUTROS );0
2018;JUN;REGIÃO CENTRO-OESTE;GOIÁS;ÓLEO DIESEL (OUTROS );0
2018;JUL;REGIÃO CENTRO-OESTE;GOIÁS;ÓLEO DIESEL (OUTROS );0
2018;AGO;REGIÃO CENTRO-OESTE;GOIÁS;ÓLEO DIESEL (OUTROS );0
2018;SET;REGIÃO CENTRO-OESTE;GOIÁS;ÓLEO DIESEL (OUTROS );0
2018;OUT;REGIÃO CENTRO-OESTE;GOIÁS;ÓLEO DIESEL (OUTROS );0
2018;NOV;REGIÃO CENTRO-OESTE;GOIÁS;ÓLEO DIESEL (OUTROS );0
2018;DEZ;REGIÃO CENTRO-OESTE;GOIÁS;ÓLEO DIESEL (OUTROS );0
2018;JAN;REGIÃO CENTRO-OESTE;DISTRITO FEDERAL;ÓLEO DIESEL (OUTROS );0
2018;FEV;REGIÃO CENTRO-OESTE;DISTRITO FEDERAL;ÓLEO DIESEL (OUTROS );0
2018;MAR;REGIÃO CENTRO-OESTE;DISTRITO FEDERAL;ÓLEO DIESEL (OUTROS );0
2018;ABR;REGIÃO CENTRO-OESTE;DISTRITO FEDERAL;ÓLEO DIESEL (OUTROS );0
2018;MAI;REGIÃO CENTRO-OESTE;DISTRITO FEDERAL;ÓLEO DIESEL (OUTROS );15
2018;JUN;REGIÃO CENTRO-OESTE;DISTRITO FEDERAL;ÓLEO DIESEL (OUTROS );0
2018;JUL;REGIÃO CENTRO-OESTE;DISTRITO FEDERAL;ÓLEO DIESEL (OUTROS );0
2018;AGO;REGIÃO CENTRO-OESTE;DISTRITO FEDERAL;ÓLEO DIESEL (OUTROS );0
2018;SET;REGIÃO CENTRO-OESTE;DISTRITO FEDERAL;ÓLEO DIESEL (OUTROS );0
2018;OUT;REGIÃO CENTRO-OESTE;DISTRITO FEDERAL;ÓLEO DIESEL (OUTROS );0
2018;NOV;REGIÃO CENTRO-OESTE;DISTRITO FEDERAL;ÓLEO DIESEL (OUTROS );0
2018;DEZ;REGIÃO CENTRO-OESTE;DISTRITO FEDERAL;ÓLEO DIESEL (OUTROS );0
2019;JAN;REGIÃO NORTE;RONDÔNIA;ÓLEO DIESEL S-10;26447,537
2019;FEV;REGIÃO NORTE;RONDÔNIA;ÓLEO DIESEL S-10;27236,413
2019;MAR;REGIÃO NORTE;RONDÔNIA;ÓLEO DIESEL S-10;29317,109
2019;ABR;REGIÃO NORTE;RONDÔNIA;ÓLEO DIESEL S-10;30403,692
2019;MAI;REGIÃO NORTE;RONDÔNIA;ÓLEO DIESEL S-10;32118,476
2019;JUN;REGIÃO NORTE;RONDÔNIA;ÓLEO DIESEL S-10;31056,863
2019;JUL;REGIÃO NORTE;RONDÔNIA;ÓLEO DIESEL S-10;36326,827
2019;AGO;REGIÃO NORTE;RONDÔNIA;ÓLEO DIESEL S-10;34324,843
2019;SET;REGIÃO NORTE;RONDÔNIA;ÓLEO DIESEL S-10;29943,005
2019;OUT;REGIÃO NORTE;RONDÔNIA;ÓLEO DIESEL S-10;34404,51
2019;NOV;REGIÃO NORTE;RONDÔNIA;ÓLEO DIESEL S-10;33027,544
2019;DEZ;REGIÃO NORTE;RONDÔNIA;ÓLEO DIESEL S-10;28123,561
2019;JAN;REGIÃO NORTE;ACRE;ÓLEO DIESEL S-10;2545,2
2019;FEV;REGIÃO NORTE;ACRE;ÓLEO DIESEL S-10;2564,1
2019;MAR;REGIÃO NORTE;ACRE;ÓLEO DIESEL S-10;2662,9
2019;ABR;REGIÃO NORTE;ACRE;ÓLEO DIESEL S-10;3081,5
2019;MAI;REGIÃO NORTE;ACRE;ÓLEO DIESEL S-10;3320,9
2019;JUN;REGIÃO NORTE;ACRE;ÓLEO DIESEL S-10;3223,4
2019;JUL;REGIÃO NORTE;ACRE;ÓLEO DIESEL S-10;3985
2019;AGO;REGIÃO NORTE;ACRE;ÓLEO DIESEL S-10;4039,5
2019;SET;REGIÃO NORTE;ACRE;ÓLEO DIESEL S-10;3797,3
2019;OUT;REGIÃO NORTE;ACRE;ÓLEO DIESEL S-10;3868,6
2019;NOV;REGIÃO NORTE;ACRE;ÓLEO DIESEL S-10;3410,4
2019;DEZ;REGIÃO NORTE;ACRE;ÓLEO DIESEL S-10;3354,1
2019;JAN;REGIÃO NORTE;AMAZONAS;ÓLEO DIESEL S-10;10945,503
2019;FEV;REGIÃO NORTE;AMAZONAS;ÓLEO DIESEL S-10;10676,987
2019;MAR;REGIÃO NORTE;AMAZONAS;ÓLEO DIESEL S-10;11759,034
2019;ABR;REGIÃO NORTE;AMAZONAS;ÓLEO DIESEL S-10;12254,505
2019;MAI;REGIÃO NORTE;AMAZONAS;ÓLEO DIESEL S-10;12653,255
2019;JUN;REGIÃO NORTE;AMAZONAS;ÓLEO DIESEL S-10;12331,9
2019;JUL;REGIÃO NORTE;AMAZONAS;ÓLEO DIESEL S-10;14328,281
2019;AGO;REGIÃO NORTE;AMAZONAS;ÓLEO DIESEL S-10;14353,071
2019;SET;REGIÃO NORTE;AMAZONAS;ÓLEO DIESEL S-10;14486,275
2019;OUT;REGIÃO NORTE;AMAZONAS;ÓLEO DIESEL S-10;15059,783
2019;NOV;REGIÃO NORTE;AMAZONAS;ÓLEO DIESEL S-10;14873,899
2019;DEZ;REGIÃO NORTE;AMAZONAS;ÓLEO DIESEL S-10;13446,642
2019;JAN;REGIÃO NORTE;RORAIMA;ÓLEO DIESEL S-10;3736,45
2019;FEV;REGIÃO NORTE;RORAIMA;ÓLEO DIESEL S-10;3729,65
2019;MAR;REGIÃO NORTE;RORAIMA;ÓLEO DIESEL S-10;3974,049
2019;ABR;REGIÃO NORTE;RORAIMA;ÓLEO DIESEL S-10;4093,3
2019;MAI;REGIÃO NORTE;RORAIMA;ÓLEO DIESEL S-10;3691,45
2019;JUN;REGIÃO NORTE;RORAIMA;ÓLEO DIESEL S-10;3037,25
2019;JUL;REGIÃO NORTE;RORAIMA;ÓLEO DIESEL S-10;3532,651
2019;AGO;REGIÃO NORTE;RORAIMA;ÓLEO DIESEL S-10;3464,8
2019;SET;REGIÃO NORTE;RORAIMA;ÓLEO DIESEL S-10;4110,1
2019;OUT;REGIÃO NORTE;RORAIMA;ÓLEO DIESEL S-10;4317,3
2019;NOV;REGIÃO NORTE;RORAIMA;ÓLEO DIESEL S-10;4312,9
2019;DEZ;REGIÃO NORTE;RORAIMA;ÓLEO DIESEL S-10;4020,9
2019;JAN;REGIÃO NORTE;PARÁ;ÓLEO DIESEL S-10;87634,461
2019;FEV;REGIÃO NORTE;PARÁ;ÓLEO DIESEL S-10;85185,241
2019;MAR;REGIÃO NORTE;PARÁ;ÓLEO DIESEL S-10;85407,55
2019;ABR;REGIÃO NORTE;PARÁ;ÓLEO DIESEL S-10;86353,466
2019;MAI;REGIÃO NORTE;PARÁ;ÓLEO DIESEL S-10;91557,461
2019;JUN;REGIÃO NORTE;PARÁ;ÓLEO DIESEL S-10;95723,207
2019;JUL;REGIÃO NORTE;PARÁ;ÓLEO DIESEL S-10;113300,804
2019;AGO;REGIÃO NORTE;PARÁ;ÓLEO DIESEL S-10;111701,082
2019;SET;REGIÃO NORTE;PARÁ;ÓLEO DIESEL S-10;105305,899
2019;OUT;REGIÃO NORTE;PARÁ;ÓLEO DIESEL S-10;114715,745
2019;NOV;REGIÃO NORTE;PARÁ;ÓLEO DIESEL S-10;103102,079
2019;DEZ;REGIÃO NORTE;PARÁ;ÓLEO DIESEL S-10;93298,57
2019;JAN;REGIÃO NORTE;AMAPÁ;ÓLEO DIESEL S-10;1539
2019;FEV;REGIÃO NORTE;AMAPÁ;ÓLEO DIESEL S-10;1312,631
2019;MAR;REGIÃO NORTE;AMAPÁ;ÓLEO DIESEL S-10;1653,248
2019;ABR;REGIÃO NORTE;AMAPÁ;ÓLEO DIESEL S-10;1887,051
2019;MAI;REGIÃO NORTE;AMAPÁ;ÓLEO DIESEL S-10;1976,75
2019;JUN;REGIÃO NORTE;AMAPÁ;ÓLEO DIESEL S-10;2055,172
2019;JUL;REGIÃO NORTE;AMAPÁ;ÓLEO DIESEL S-10;2150,785
2019;AGO;REGIÃO NORTE;AMAPÁ;ÓLEO DIESEL S-10;2316,126
2019;SET;REGIÃO NORTE;AMAPÁ;ÓLEO DIESEL S-10;2395,502
2019;OUT;REGIÃO NORTE;AMAPÁ;ÓLEO DIESEL S-10;2219,498
2019;NOV;REGIÃO NORTE;AMAPÁ;ÓLEO DIESEL S-10;2282,864
2019;DEZ;REGIÃO NORTE;AMAPÁ;ÓLEO DIESEL S-10;2302,353
2019;JAN;REGIÃO NORTE;TOCANTINS;ÓLEO DIESEL S-10;35193,58
2019;FEV;REGIÃO NORTE;TOCANTINS;ÓLEO DIESEL S-10;39174,26
2019;MAR;REGIÃO NORTE;TOCANTINS;ÓLEO DIESEL S-10;40730,73
2019;ABR;REGIÃO NORTE;TOCANTINS;ÓLEO DIESEL S-10;41285,25
2019;MAI;REGIÃO NORTE;TOCANTINS;ÓLEO DIESEL S-10;44656,88
2019;JUN;REGIÃO NORTE;TOCANTINS;ÓLEO DIESEL S-10;42457,71
2019;JUL;REGIÃO NORTE;TOCANTINS;ÓLEO DIESEL S-10;49251,99
2019;AGO;REGIÃO NORTE;TOCANTINS;ÓLEO DIESEL S-10;50627,25
2019;SET;REGIÃO NORTE;TOCANTINS;ÓLEO DIESEL S-10;48775,9
2019;OUT;REGIÃO NORTE;TOCANTINS;ÓLEO DIESEL S-10;52293,96
2019;NOV;REGIÃO NORTE;TOCANTINS;ÓLEO DIESEL S-10;47732,62
2019;DEZ;REGIÃO NORTE;TOCANTINS;ÓLEO DIESEL S-10;41976,85
2019;JAN;REGIÃO NORDESTE;MARANHÃO;ÓLEO DIESEL S-10;44626,63
2019;FEV;REGIÃO NORDESTE;MARANHÃO;ÓLEO DIESEL S-10;42192
2019;MAR;REGIÃO NORDESTE;MARANHÃO;ÓLEO DIESEL S-10;45100,1
2019;ABR;REGIÃO NORDESTE;MARANHÃO;ÓLEO DIESEL S-10;43787,87
2019;MAI;REGIÃO NORDESTE;MARANHÃO;ÓLEO DIESEL S-10;47826
2019;JUN;REGIÃO NORDESTE;MARANHÃO;ÓLEO DIESEL S-10;47307,51
2019;JUL;REGIÃO NORDESTE;MARANHÃO;ÓLEO DIESEL S-10;56938,26
2019;AGO;REGIÃO NORDESTE;MARANHÃO;ÓLEO DIESEL S-10;56950,16
2019;SET;REGIÃO NORDESTE;MARANHÃO;ÓLEO DIESEL S-10;53946,17
2019;OUT;REGIÃO NORDESTE;MARANHÃO;ÓLEO DIESEL S-10;59691,04
2019;NOV;REGIÃO NORDESTE;MARANHÃO;ÓLEO DIESEL S-10;57218,74
2019;DEZ;REGIÃO NORDESTE;MARANHÃO;ÓLEO DIESEL S-10;55573,01
2019;JAN;REGIÃO NORDESTE;PIAUÍ;ÓLEO DIESEL S-10;22616,92
2019;FEV;REGIÃO NORDESTE;PIAUÍ;ÓLEO DIESEL S-10;21062,288
2019;MAR;REGIÃO NORDESTE;PIAUÍ;ÓLEO DIESEL S-10;23924,403
2019;ABR;REGIÃO NORDESTE;PIAUÍ;ÓLEO DIESEL S-10;25128,41
2019;MAI;REGIÃO NORDESTE;PIAUÍ;ÓLEO DIESEL S-10;26189,56
2019;JUN;REGIÃO NORDESTE;PIAUÍ;ÓLEO DIESEL S-10;26338,67
2019;JUL;REGIÃO NORDESTE;PIAUÍ;ÓLEO DIESEL S-10;31596,07
2019;AGO;REGIÃO NORDESTE;PIAUÍ;ÓLEO DIESEL S-10;30381,16
2019;SET;REGIÃO NORDESTE;PIAUÍ;ÓLEO DIESEL S-10;29352,95
2019;OUT;REGIÃO NORDESTE;PIAUÍ;ÓLEO DIESEL S-10;31986,98
2019;NOV;REGIÃO NORDESTE;PIAUÍ;ÓLEO DIESEL S-10;30761,58
2019;DEZ;REGIÃO NORDESTE;PIAUÍ;ÓLEO DIESEL S-10;29037,482
2019;JAN;REGIÃO NORDESTE;CEARÁ;ÓLEO DIESEL S-10;66696,921
2019;FEV;REGIÃO NORDESTE;CEARÁ;ÓLEO DIESEL S-10;62771,1
2019;MAR;REGIÃO NORDESTE;CEARÁ;ÓLEO DIESEL S-10;60376,572
2019;ABR;REGIÃO NORDESTE;CEARÁ;ÓLEO DIESEL S-10;64665,134
2019;MAI;REGIÃO NORDESTE;CEARÁ;ÓLEO DIESEL S-10;68227,518
2019;JUN;REGIÃO NORDESTE;CEARÁ;ÓLEO DIESEL S-10;65550,753
2019;JUL;REGIÃO NORDESTE;CEARÁ;ÓLEO DIESEL S-10;77165,456
2019;AGO;REGIÃO NORDESTE;CEARÁ;ÓLEO DIESEL S-10;80347,4
2019;SET;REGIÃO NORDESTE;CEARÁ;ÓLEO DIESEL S-10;75028,3
2019;OUT;REGIÃO NORDESTE;CEARÁ;ÓLEO DIESEL S-10;84970,75
2019;NOV;REGIÃO NORDESTE;CEARÁ;ÓLEO DIESEL S-10;80814,8
2019;DEZ;REGIÃO NORDESTE;CEARÁ;ÓLEO DIESEL S-10;80584,4
2019;JAN;REGIÃO NORDESTE;RIO GRANDE DO NORTE;ÓLEO DIESEL S-10;13315,501
2019;FEV;REGIÃO NORDESTE;RIO GRANDE DO NORTE;ÓLEO DIESEL S-10;12234
2019;MAR;REGIÃO NORDESTE;RIO GRANDE DO NORTE;ÓLEO DIESEL S-10;12123,175
2019;ABR;REGIÃO NORDESTE;RIO GRANDE DO NORTE;ÓLEO DIESEL S-10;13212
2019;MAI;REGIÃO NORDESTE;RIO GRANDE DO NORTE;ÓLEO DIESEL S-10;13723,5
2019;JUN;REGIÃO NORDESTE;RIO GRANDE DO NORTE;ÓLEO DIESEL S-10;12571,5
2019;JUL;REGIÃO NORDESTE;RIO GRANDE DO NORTE;ÓLEO DIESEL S-10;14926,5
2019;AGO;REGIÃO NORDESTE;RIO GRANDE DO NORTE;ÓLEO DIESEL S-10;15503,5
2019;SET;REGIÃO NORDESTE;RIO GRANDE DO NORTE;ÓLEO DIESEL S-10;15511,5
2019;OUT;REGIÃO NORDESTE;RIO GRANDE DO NORTE;ÓLEO DIESEL S-10;17696,28
2019;NOV;REGIÃO NORDESTE;RIO GRANDE DO NORTE;ÓLEO DIESEL S-10;16881,5
2019;DEZ;REGIÃO NORDESTE;RIO GRANDE DO NORTE;ÓLEO DIESEL S-10;17103
2019;JAN;REGIÃO NORDESTE;PARAÍBA;ÓLEO DIESEL S-10;21237,14
2019;FEV;REGIÃO NORDESTE;PARAÍBA;ÓLEO DIESEL S-10;20295,39
2019;MAR;REGIÃO NORDESTE;PARAÍBA;ÓLEO DIESEL S-10;20910,17
2019;ABR;REGIÃO NORDESTE;PARAÍBA;ÓLEO DIESEL S-10;21257,57
2019;MAI;REGIÃO NORDESTE;PARAÍBA;ÓLEO DIESEL S-10;21958,03
2019;JUN;REGIÃO NORDESTE;PARAÍBA;ÓLEO DIESEL S-10;19749,34
2019;JUL;REGIÃO NORDESTE;PARAÍBA;ÓLEO DIESEL S-10;22435,849
2019;AGO;REGIÃO NORDESTE;PARAÍBA;ÓLEO DIESEL S-10;23270,6
2019;SET;REGIÃO NORDESTE;PARAÍBA;ÓLEO DIESEL S-10;23074,25
2019;OUT;REGIÃO NORDESTE;PARAÍBA;ÓLEO DIESEL S-10;25379,46
2019;NOV;REGIÃO NORDESTE;PARAÍBA;ÓLEO DIESEL S-10;24319,05
2019;DEZ;REGIÃO NORDESTE;PARAÍBA;ÓLEO DIESEL S-10;25100,5
2019;JAN;REGIÃO NORDESTE;PERNAMBUCO;ÓLEO DIESEL S-10;108971,529
2019;FEV;REGIÃO NORDESTE;PERNAMBUCO;ÓLEO DIESEL S-10;102204,286
2019;MAR;REGIÃO NORDESTE;PERNAMBUCO;ÓLEO DIESEL S-10;101361,766
2019;ABR;REGIÃO NORDESTE;PERNAMBUCO;ÓLEO DIESEL S-10;107181,422
2019;MAI;REGIÃO NORDESTE;PERNAMBUCO;ÓLEO DIESEL S-10;109865,781
2019;JUN;REGIÃO NORDESTE;PERNAMBUCO;ÓLEO DIESEL S-10;100020,385
2019;JUL;REGIÃO NORDESTE;PERNAMBUCO;ÓLEO DIESEL S-10;110950,738
2019;AGO;REGIÃO NORDESTE;PERNAMBUCO;ÓLEO DIESEL S-10;114006,84
2019;SET;REGIÃO NORDESTE;PERNAMBUCO;ÓLEO DIESEL S-10;114006,299
2019;OUT;REGIÃO NORDESTE;PERNAMBUCO;ÓLEO DIESEL S-10;128910,081
2019;NOV;REGIÃO NORDESTE;PERNAMBUCO;ÓLEO DIESEL S-10;121795,87
2019;DEZ;REGIÃO NORDESTE;PERNAMBUCO;ÓLEO DIESEL S-10;123216,782
2019;JAN;REGIÃO NORDESTE;ALAGOAS;ÓLEO DIESEL S-10;16068,5
2019;FEV;REGIÃO NORDESTE;ALAGOAS;ÓLEO DIESEL S-10;15382,067
2019;MAR;REGIÃO NORDESTE;ALAGOAS;ÓLEO DIESEL S-10;15006
2019;ABR;REGIÃO NORDESTE;ALAGOAS;ÓLEO DIESEL S-10;15321,5
2019;MAI;REGIÃO NORDESTE;ALAGOAS;ÓLEO DIESEL S-10;15336
2019;JUN;REGIÃO NORDESTE;ALAGOAS;ÓLEO DIESEL S-10;13594,472
2019;JUL;REGIÃO NORDESTE;ALAGOAS;ÓLEO DIESEL S-10;14583
2019;AGO;REGIÃO NORDESTE;ALAGOAS;ÓLEO DIESEL S-10;15247
2019;SET;REGIÃO NORDESTE;ALAGOAS;ÓLEO DIESEL S-10;16888
2019;OUT;REGIÃO NORDESTE;ALAGOAS;ÓLEO DIESEL S-10;20355,35
2019;NOV;REGIÃO NORDESTE;ALAGOAS;ÓLEO DIESEL S-10;19728,7
2019;DEZ;REGIÃO NORDESTE;ALAGOAS;ÓLEO DIESEL S-10;20004,2
2019;JAN;REGIÃO NORDESTE;SERGIPE;ÓLEO DIESEL S-10;16930
2019;FEV;REGIÃO NORDESTE;SERGIPE;ÓLEO DIESEL S-10;15634
2019;MAR;REGIÃO NORDESTE;SERGIPE;ÓLEO DIESEL S-10;15841,6
2019;ABR;REGIÃO NORDESTE;SERGIPE;ÓLEO DIESEL S-10;17146,5
2019;MAI;REGIÃO NORDESTE;SERGIPE;ÓLEO DIESEL S-10;17022,261
2019;JUN;REGIÃO NORDESTE;SERGIPE;ÓLEO DIESEL S-10;14753
2019;JUL;REGIÃO NORDESTE;SERGIPE;ÓLEO DIESEL S-10;16234,505
2019;AGO;REGIÃO NORDESTE;SERGIPE;ÓLEO DIESEL S-10;17230
2019;SET;REGIÃO NORDESTE;SERGIPE;ÓLEO DIESEL S-10;17271,494
2019;OUT;REGIÃO NORDESTE;SERGIPE;ÓLEO DIESEL S-10;19459,5
2019;NOV;REGIÃO NORDESTE;SERGIPE;ÓLEO DIESEL S-10;18665,5
2019;DEZ;REGIÃO NORDESTE;SERGIPE;ÓLEO DIESEL S-10;18748,5
2019;JAN;REGIÃO NORDESTE;BAHIA;ÓLEO DIESEL S-10;122647,971
2019;FEV;REGIÃO NORDESTE;BAHIA;ÓLEO DIESEL S-10;116922,098
2019;MAR;REGIÃO NORDESTE;BAHIA;ÓLEO DIESEL S-10;127493,981
2019;ABR;REGIÃO NORDESTE;BAHIA;ÓLEO DIESEL S-10;138284,087
2019;MAI;REGIÃO NORDESTE;BAHIA;ÓLEO DIESEL S-10;137888,73
2019;JUN;REGIÃO NORDESTE;BAHIA;ÓLEO DIESEL S-10;128120,7
2019;JUL;REGIÃO NORDESTE;BAHIA;ÓLEO DIESEL S-10;148014,885
2019;AGO;REGIÃO NORDESTE;BAHIA;ÓLEO DIESEL S-10;154864,017
2019;SET;REGIÃO NORDESTE;BAHIA;ÓLEO DIESEL S-10;146554,93
2019;OUT;REGIÃO NORDESTE;BAHIA;ÓLEO DIESEL S-10;159420,43
2019;NOV;REGIÃO NORDESTE;BAHIA;ÓLEO DIESEL S-10;148173,3
2019;DEZ;REGIÃO NORDESTE;BAHIA;ÓLEO DIESEL S-10;145329,314
2019;JAN;REGIÃO SUDESTE;MINAS GERAIS;ÓLEO DIESEL S-10;208992,137
2019;FEV;REGIÃO SUDESTE;MINAS GERAIS;ÓLEO DIESEL S-10;203771,863
2019;MAR;REGIÃO SUDESTE;MINAS GERAIS;ÓLEO DIESEL S-10;215805,128
2019;ABR;REGIÃO SUDESTE;MINAS GERAIS;ÓLEO DIESEL S-10;231065,298
2019;MAI;REGIÃO SUDESTE;MINAS GERAIS;ÓLEO DIESEL S-10;244658,236
2019;JUN;REGIÃO SUDESTE;MINAS GERAIS;ÓLEO DIESEL S-10;235661,82
2019;JUL;REGIÃO SUDESTE;MINAS GERAIS;ÓLEO DIESEL S-10;267866,623
2019;AGO;REGIÃO SUDESTE;MINAS GERAIS;ÓLEO DIESEL S-10;275646,489
2019;SET;REGIÃO SUDESTE;MINAS GERAIS;ÓLEO DIESEL S-10;262807,92
2019;OUT;REGIÃO SUDESTE;MINAS GERAIS;ÓLEO DIESEL S-10;287509,814
2019;NOV;REGIÃO SUDESTE;MINAS GERAIS;ÓLEO DIESEL S-10;264779,347
2019;DEZ;REGIÃO SUDESTE;MINAS GERAIS;ÓLEO DIESEL S-10;242538,197
2019;JAN;REGIÃO SUDESTE;ESPÍRITO SANTO;ÓLEO DIESEL S-10;42811,9
2019;FEV;REGIÃO SUDESTE;ESPÍRITO SANTO;ÓLEO DIESEL S-10;41147,2
2019;MAR;REGIÃO SUDESTE;ESPÍRITO SANTO;ÓLEO DIESEL S-10;42394,2
2019;ABR;REGIÃO SUDESTE;ESPÍRITO SANTO;ÓLEO DIESEL S-10;43177,436
2019;MAI;REGIÃO SUDESTE;ESPÍRITO SANTO;ÓLEO DIESEL S-10;44206,5
2019;JUN;REGIÃO SUDESTE;ESPÍRITO SANTO;ÓLEO DIESEL S-10;41719,009
2019;JUL;REGIÃO SUDESTE;ESPÍRITO SANTO;ÓLEO DIESEL S-10;44891,7
2019;AGO;REGIÃO SUDESTE;ESPÍRITO SANTO;ÓLEO DIESEL S-10;47161
2019;SET;REGIÃO SUDESTE;ESPÍRITO SANTO;ÓLEO DIESEL S-10;44159,985
2019;OUT;REGIÃO SUDESTE;ESPÍRITO SANTO;ÓLEO DIESEL S-10;49457,6
2019;NOV;REGIÃO SUDESTE;ESPÍRITO SANTO;ÓLEO DIESEL S-10;44427,734
2019;DEZ;REGIÃO SUDESTE;ESPÍRITO SANTO;ÓLEO DIESEL S-10;44444
2019;JAN;REGIÃO SUDESTE;RIO DE JANEIRO;ÓLEO DIESEL S-10;120738,297
2019;FEV;REGIÃO SUDESTE;RIO DE JANEIRO;ÓLEO DIESEL S-10;113522,725
2019;MAR;REGIÃO SUDESTE;RIO DE JANEIRO;ÓLEO DIESEL S-10;114546,149
2019;ABR;REGIÃO SUDESTE;RIO DE JANEIRO;ÓLEO DIESEL S-10;117235,886
2019;MAI;REGIÃO SUDESTE;RIO DE JANEIRO;ÓLEO DIESEL S-10;121626,286
2019;JUN;REGIÃO SUDESTE;RIO DE JANEIRO;ÓLEO DIESEL S-10;111983,791
2019;JUL;REGIÃO SUDESTE;RIO DE JANEIRO;ÓLEO DIESEL S-10;123494,732
2019;AGO;REGIÃO SUDESTE;RIO DE JANEIRO;ÓLEO DIESEL S-10;125070,652
2019;SET;REGIÃO SUDESTE;RIO DE JANEIRO;ÓLEO DIESEL S-10;118618,836
2019;OUT;REGIÃO SUDESTE;RIO DE JANEIRO;ÓLEO DIESEL S-10;131368,028
2019;NOV;REGIÃO SUDESTE;RIO DE JANEIRO;ÓLEO DIESEL S-10;122259,275
2019;DEZ;REGIÃO SUDESTE;RIO DE JANEIRO;ÓLEO DIESEL S-10;126390,204
2019;JAN;REGIÃO SUDESTE;SÃO PAULO;ÓLEO DIESEL S-10;423632,188
2019;FEV;REGIÃO SUDESTE;SÃO PAULO;ÓLEO DIESEL S-10;430793,421
2019;MAR;REGIÃO SUDESTE;SÃO PAULO;ÓLEO DIESEL S-10;454889,012
2019;ABR;REGIÃO SUDESTE;SÃO PAULO;ÓLEO DIESEL S-10;489331,325
2019;MAI;REGIÃO SUDESTE;SÃO PAULO;ÓLEO DIESEL S-10;524902,919
2019;JUN;REGIÃO SUDESTE;SÃO PAULO;ÓLEO DIESEL S-10;485579,972
2019;JUL;REGIÃO SUDESTE;SÃO PAULO;ÓLEO DIESEL S-10;533395,131
2019;AGO;REGIÃO SUDESTE;SÃO PAULO;ÓLEO DIESEL S-10;568740,855
2019;SET;REGIÃO SUDESTE;SÃO PAULO;ÓLEO DIESEL S-10;529616,651
2019;OUT;REGIÃO SUDESTE;SÃO PAULO;ÓLEO DIESEL S-10;593636,013
2019;NOV;REGIÃO SUDESTE;SÃO PAULO;ÓLEO DIESEL S-10;527159,861
2019;DEZ;REGIÃO SUDESTE;SÃO PAULO;ÓLEO DIESEL S-10;483299,22
2019;JAN;REGIÃO SUL;PARANÁ;ÓLEO DIESEL S-10;161177,02
2019;FEV;REGIÃO SUL;PARANÁ;ÓLEO DIESEL S-10;162221,344
2019;MAR;REGIÃO SUL;PARANÁ;ÓLEO DIESEL S-10;174105,364
2019;ABR;REGIÃO SUL;PARANÁ;ÓLEO DIESEL S-10;175494,217
2019;MAI;REGIÃO SUL;PARANÁ;ÓLEO DIESEL S-10;179589,58
2019;JUN;REGIÃO SUL;PARANÁ;ÓLEO DIESEL S-10;177784,651
2019;JUL;REGIÃO SUL;PARANÁ;ÓLEO DIESEL S-10;204958,166
2019;AGO;REGIÃO SUL;PARANÁ;ÓLEO DIESEL S-10;211691,911
2019;SET;REGIÃO SUL;PARANÁ;ÓLEO DIESEL S-10;194451,131
2019;OUT;REGIÃO SUL;PARANÁ;ÓLEO DIESEL S-10;219620,943
2019;NOV;REGIÃO SUL;PARANÁ;ÓLEO DIESEL S-10;202764,189
2019;DEZ;REGIÃO SUL;PARANÁ;ÓLEO DIESEL S-10;188100,158
2019;JAN;REGIÃO SUL;SANTA CATARINA;ÓLEO DIESEL S-10;88648,501
2019;FEV;REGIÃO SUL;SANTA CATARINA;ÓLEO DIESEL S-10;88602,707
2019;MAR;REGIÃO SUL;SANTA CATARINA;ÓLEO DIESEL S-10;95889,761
2019;ABR;REGIÃO SUL;SANTA CATARINA;ÓLEO DIESEL S-10;98271,865
2019;MAI;REGIÃO SUL;SANTA CATARINA;ÓLEO DIESEL S-10;97995,903
2019;JUN;REGIÃO SUL;SANTA CATARINA;ÓLEO DIESEL S-10;92288,162
2019;JUL;REGIÃO SUL;SANTA CATARINA;ÓLEO DIESEL S-10;107047,547
2019;AGO;REGIÃO SUL;SANTA CATARINA;ÓLEO DIESEL S-10;111638,708
2019;SET;REGIÃO SUL;SANTA CATARINA;ÓLEO DIESEL S-10;104352,039
2019;OUT;REGIÃO SUL;SANTA CATARINA;ÓLEO DIESEL S-10;118050,12
2019;NOV;REGIÃO SUL;SANTA CATARINA;ÓLEO DIESEL S-10;110762,312
2019;DEZ;REGIÃO SUL;SANTA CATARINA;ÓLEO DIESEL S-10;105289,307
2019;JAN;REGIÃO SUL;RIO GRANDE DO SUL;ÓLEO DIESEL S-10;92507,319
2019;FEV;REGIÃO SUL;RIO GRANDE DO SUL;ÓLEO DIESEL S-10;96012,172
2019;MAR;REGIÃO SUL;RIO GRANDE DO SUL;ÓLEO DIESEL S-10;108747,691
2019;ABR;REGIÃO SUL;RIO GRANDE DO SUL;ÓLEO DIESEL S-10;111003,624
2019;MAI;REGIÃO SUL;RIO GRANDE DO SUL;ÓLEO DIESEL S-10;106049,117
2019;JUN;REGIÃO SUL;RIO GRANDE DO SUL;ÓLEO DIESEL S-10;103391,785
2019;JUL;REGIÃO SUL;RIO GRANDE DO SUL;ÓLEO DIESEL S-10;115599,095
2019;AGO;REGIÃO SUL;RIO GRANDE DO SUL;ÓLEO DIESEL S-10;124305,599
2019;SET;REGIÃO SUL;RIO GRANDE DO SUL;ÓLEO DIESEL S-10;114604,548
2019;OUT;REGIÃO SUL;RIO GRANDE DO SUL;ÓLEO DIESEL S-10;129906,639
2019;NOV;REGIÃO SUL;RIO GRANDE DO SUL;ÓLEO DIESEL S-10;122554,828
2019;DEZ;REGIÃO SUL;RIO GRANDE DO SUL;ÓLEO DIESEL S-10;121068,468
2019;JAN;REGIÃO CENTRO-OESTE;MATO GROSSO DO SUL;ÓLEO DIESEL S-10;41519,796
2019;FEV;REGIÃO CENTRO-OESTE;MATO GROSSO DO SUL;ÓLEO DIESEL S-10;45729,773
2019;MAR;REGIÃO CENTRO-OESTE;MATO GROSSO DO SUL;ÓLEO DIESEL S-10;44480,617
2019;ABR;REGIÃO CENTRO-OESTE;MATO GROSSO DO SUL;ÓLEO DIESEL S-10;43820,543
2019;MAI;REGIÃO CENTRO-OESTE;MATO GROSSO DO SUL;ÓLEO DIESEL S-10;46596,494
2019;JUN;REGIÃO CENTRO-OESTE;MATO GROSSO DO SUL;ÓLEO DIESEL S-10;47379,728
2019;JUL;REGIÃO CENTRO-OESTE;MATO GROSSO DO SUL;ÓLEO DIESEL S-10;55709,208
2019;AGO;REGIÃO CENTRO-OESTE;MATO GROSSO DO SUL;ÓLEO DIESEL S-10;57251,692
2019;SET;REGIÃO CENTRO-OESTE;MATO GROSSO DO SUL;ÓLEO DIESEL S-10;50446,968
2019;OUT;REGIÃO CENTRO-OESTE;MATO GROSSO DO SUL;ÓLEO DIESEL S-10;56450,424
2019;NOV;REGIÃO CENTRO-OESTE;MATO GROSSO DO SUL;ÓLEO DIESEL S-10;46785,468
2019;DEZ;REGIÃO CENTRO-OESTE;MATO GROSSO DO SUL;ÓLEO DIESEL S-10;40586,167
2019;JAN;REGIÃO CENTRO-OESTE;MATO GROSSO;ÓLEO DIESEL S-10;85458,004
2019;FEV;REGIÃO CENTRO-OESTE;MATO GROSSO;ÓLEO DIESEL S-10;90914,33
2019;MAR;REGIÃO CENTRO-OESTE;MATO GROSSO;ÓLEO DIESEL S-10;85088,27
2019;ABR;REGIÃO CENTRO-OESTE;MATO GROSSO;ÓLEO DIESEL S-10;82489,954
2019;MAI;REGIÃO CENTRO-OESTE;MATO GROSSO;ÓLEO DIESEL S-10;90305,221
2019;JUN;REGIÃO CENTRO-OESTE;MATO GROSSO;ÓLEO DIESEL S-10;103198,315
2019;JUL;REGIÃO CENTRO-OESTE;MATO GROSSO;ÓLEO DIESEL S-10;118994,005
2019;AGO;REGIÃO CENTRO-OESTE;MATO GROSSO;ÓLEO DIESEL S-10;120974,455
2019;SET;REGIÃO CENTRO-OESTE;MATO GROSSO;ÓLEO DIESEL S-10;111108,609
2019;OUT;REGIÃO CENTRO-OESTE;MATO GROSSO;ÓLEO DIESEL S-10;121931,687
2019;NOV;REGIÃO CENTRO-OESTE;MATO GROSSO;ÓLEO DIESEL S-10;99893,564
2019;DEZ;REGIÃO CENTRO-OESTE;MATO GROSSO;ÓLEO DIESEL S-10;81256,543
2019;JAN;REGIÃO CENTRO-OESTE;GOIÁS;ÓLEO DIESEL S-10;81980,838
2019;FEV;REGIÃO CENTRO-OESTE;GOIÁS;ÓLEO DIESEL S-10;86417,47
2019;MAR;REGIÃO CENTRO-OESTE;GOIÁS;ÓLEO DIESEL S-10;87458,627
2019;ABR;REGIÃO CENTRO-OESTE;GOIÁS;ÓLEO DIESEL S-10;89889,476
2019;MAI;REGIÃO CENTRO-OESTE;GOIÁS;ÓLEO DIESEL S-10;97611,909
2019;JUN;REGIÃO CENTRO-OESTE;GOIÁS;ÓLEO DIESEL S-10;98333,86
2019;JUL;REGIÃO CENTRO-OESTE;GOIÁS;ÓLEO DIESEL S-10;112310,6
2019;AGO;REGIÃO CENTRO-OESTE;GOIÁS;ÓLEO DIESEL S-10;110450,664
2019;SET;REGIÃO CENTRO-OESTE;GOIÁS;ÓLEO DIESEL S-10;106530,337
2019;OUT;REGIÃO CENTRO-OESTE;GOIÁS;ÓLEO DIESEL S-10;117097,884
2019;NOV;REGIÃO CENTRO-OESTE;GOIÁS;ÓLEO DIESEL S-10;104368,276
2019;DEZ;REGIÃO CENTRO-OESTE;GOIÁS;ÓLEO DIESEL S-10;86107,486
2019;JAN;REGIÃO CENTRO-OESTE;DISTRITO FEDERAL;ÓLEO DIESEL S-10;16967
2019;FEV;REGIÃO CENTRO-OESTE;DISTRITO FEDERAL;ÓLEO DIESEL S-10;18012
2019;MAR;REGIÃO CENTRO-OESTE;DISTRITO FEDERAL;ÓLEO DIESEL S-10;18600,5
2019;ABR;REGIÃO CENTRO-OESTE;DISTRITO FEDERAL;ÓLEO DIESEL S-10;19515,429
2019;MAI;REGIÃO CENTRO-OESTE;DISTRITO FEDERAL;ÓLEO DIESEL S-10;19947
2019;JUN;REGIÃO CENTRO-OESTE;DISTRITO FEDERAL;ÓLEO DIESEL S-10;18306
2019;JUL;REGIÃO CENTRO-OESTE;DISTRITO FEDERAL;ÓLEO DIESEL S-10;20075,5
2019;AGO;REGIÃO CENTRO-OESTE;DISTRITO FEDERAL;ÓLEO DIESEL S-10;21265
2019;SET;REGIÃO CENTRO-OESTE;DISTRITO FEDERAL;ÓLEO DIESEL S-10;19663,5
2019;OUT;REGIÃO CENTRO-OESTE;DISTRITO FEDERAL;ÓLEO DIESEL S-10;21587
2019;NOV;REGIÃO CENTRO-OESTE;DISTRITO FEDERAL;ÓLEO DIESEL S-10;20174
2019;DEZ;REGIÃO CENTRO-OESTE;DISTRITO FEDERAL;ÓLEO DIESEL S-10;21271,359
2019;JAN;REGIÃO NORTE;RONDÔNIA;ÓLEO DIESEL S-500;38959,253
2019;FEV;REGIÃO NORTE;RONDÔNIA;ÓLEO DIESEL S-500;39290,036
2019;MAR;REGIÃO NORTE;RONDÔNIA;ÓLEO DIESEL S-500;42004,384
2019;ABR;REGIÃO NORTE;RONDÔNIA;ÓLEO DIESEL S-500;40147,917
2019;MAI;REGIÃO NORTE;RONDÔNIA;ÓLEO DIESEL S-500;42211,581
2019;JUN;REGIÃO NORTE;RONDÔNIA;ÓLEO DIESEL S-500;41312,234
2019;JUL;REGIÃO NORTE;RONDÔNIA;ÓLEO DIESEL S-500;46706,927
2019;AGO;REGIÃO NORTE;RONDÔNIA;ÓLEO DIESEL S-500;44122,613
2019;SET;REGIÃO NORTE;RONDÔNIA;ÓLEO DIESEL S-500;42389,353
2019;OUT;REGIÃO NORTE;RONDÔNIA;ÓLEO DIESEL S-500;43644,219
2019;NOV;REGIÃO NORTE;RONDÔNIA;ÓLEO DIESEL S-500;40766,869
2019;DEZ;REGIÃO NORTE;RONDÔNIA;ÓLEO DIESEL S-500;35265,001
2019;JAN;REGIÃO NORTE;ACRE;ÓLEO DIESEL S-500;8549,8
2019;FEV;REGIÃO NORTE;ACRE;ÓLEO DIESEL S-500;7756,9
2019;MAR;REGIÃO NORTE;ACRE;ÓLEO DIESEL S-500;8075,8
2019;ABR;REGIÃO NORTE;ACRE;ÓLEO DIESEL S-500;9018,9
2019;MAI;REGIÃO NORTE;ACRE;ÓLEO DIESEL S-500;10179,7
2019;JUN;REGIÃO NORTE;ACRE;ÓLEO DIESEL S-500;9446,8
2019;JUL;REGIÃO NORTE;ACRE;ÓLEO DIESEL S-500;11246
2019;AGO;REGIÃO NORTE;ACRE;ÓLEO DIESEL S-500;10376,3
2019;SET;REGIÃO NORTE;ACRE;ÓLEO DIESEL S-500;10340,3
2019;OUT;REGIÃO NORTE;ACRE;ÓLEO DIESEL S-500;10922,9
2019;NOV;REGIÃO NORTE;ACRE;ÓLEO DIESEL S-500;9409,1
2019;DEZ;REGIÃO NORTE;ACRE;ÓLEO DIESEL S-500;9365,5
2019;JAN;REGIÃO NORTE;AMAZONAS;ÓLEO DIESEL S-500;68118,931
2019;FEV;REGIÃO NORTE;AMAZONAS;ÓLEO DIESEL S-500;52817,094
2019;MAR;REGIÃO NORTE;AMAZONAS;ÓLEO DIESEL S-500;55225,455
2019;ABR;REGIÃO NORTE;AMAZONAS;ÓLEO DIESEL S-500;60260,838
2019;MAI;REGIÃO NORTE;AMAZONAS;ÓLEO DIESEL S-500;56876,931
2019;JUN;REGIÃO NORTE;AMAZONAS;ÓLEO DIESEL S-500;37378,192
2019;JUL;REGIÃO NORTE;AMAZONAS;ÓLEO DIESEL S-500;36528,401
2019;AGO;REGIÃO NORTE;AMAZONAS;ÓLEO DIESEL S-500;50116,105
2019;SET;REGIÃO NORTE;AMAZONAS;ÓLEO DIESEL S-500;42009,272
2019;OUT;REGIÃO NORTE;AMAZONAS;ÓLEO DIESEL S-500;38276,814
2019;NOV;REGIÃO NORTE;AMAZONAS;ÓLEO DIESEL S-500;26356,556
2019;DEZ;REGIÃO NORTE;AMAZONAS;ÓLEO DIESEL S-500;35789,538
2019;JAN;REGIÃO NORTE;RORAIMA;ÓLEO DIESEL S-500;16218,6
2019;FEV;REGIÃO NORTE;RORAIMA;ÓLEO DIESEL S-500;16936,65
2019;MAR;REGIÃO NORTE;RORAIMA;ÓLEO DIESEL S-500;29859,124
2019;ABR;REGIÃO NORTE;RORAIMA;ÓLEO DIESEL S-500;36934,955
2019;MAI;REGIÃO NORTE;RORAIMA;ÓLEO DIESEL S-500;29237,2
2019;JUN;REGIÃO NORTE;RORAIMA;ÓLEO DIESEL S-500;25943,3
2019;JUL;REGIÃO NORTE;RORAIMA;ÓLEO DIESEL S-500;28132
2019;AGO;REGIÃO NORTE;RORAIMA;ÓLEO DIESEL S-500;32571,9
2019;SET;REGIÃO NORTE;RORAIMA;ÓLEO DIESEL S-500;30759,5
2019;OUT;REGIÃO NORTE;RORAIMA;ÓLEO DIESEL S-500;34176,6
2019;NOV;REGIÃO NORTE;RORAIMA;ÓLEO DIESEL S-500;36575
2019;DEZ;REGIÃO NORTE;RORAIMA;ÓLEO DIESEL S-500;32340,273
2019;JAN;REGIÃO NORTE;PARÁ;ÓLEO DIESEL S-500;91450,333
2019;FEV;REGIÃO NORTE;PARÁ;ÓLEO DIESEL S-500;85246,546
2019;MAR;REGIÃO NORTE;PARÁ;ÓLEO DIESEL S-500;81887,883
2019;ABR;REGIÃO NORTE;PARÁ;ÓLEO DIESEL S-500;82918,45
2019;MAI;REGIÃO NORTE;PARÁ;ÓLEO DIESEL S-500;92828,139
2019;JUN;REGIÃO NORTE;PARÁ;ÓLEO DIESEL S-500;90979,49
2019;JUL;REGIÃO NORTE;PARÁ;ÓLEO DIESEL S-500;103748,408
2019;AGO;REGIÃO NORTE;PARÁ;ÓLEO DIESEL S-500;106483,49
2019;SET;REGIÃO NORTE;PARÁ;ÓLEO DIESEL S-500;96588,399
2019;OUT;REGIÃO NORTE;PARÁ;ÓLEO DIESEL S-500;105440,838
2019;NOV;REGIÃO NORTE;PARÁ;ÓLEO DIESEL S-500;95824,195
2019;DEZ;REGIÃO NORTE;PARÁ;ÓLEO DIESEL S-500;87556,173
2019;JAN;REGIÃO NORTE;AMAPÁ;ÓLEO DIESEL S-500;6303,458
2019;FEV;REGIÃO NORTE;AMAPÁ;ÓLEO DIESEL S-500;5209,912
2019;MAR;REGIÃO NORTE;AMAPÁ;ÓLEO DIESEL S-500;5280,81
2019;ABR;REGIÃO NORTE;AMAPÁ;ÓLEO DIESEL S-500;5985,957
2019;MAI;REGIÃO NORTE;AMAPÁ;ÓLEO DIESEL S-500;6260,2
2019;JUN;REGIÃO NORTE;AMAPÁ;ÓLEO DIESEL S-500;6430,91
2019;JUL;REGIÃO NORTE;AMAPÁ;ÓLEO DIESEL S-500;7614,959
2019;AGO;REGIÃO NORTE;AMAPÁ;ÓLEO DIESEL S-500;7783,4
2019;SET;REGIÃO NORTE;AMAPÁ;ÓLEO DIESEL S-500;7142
2019;OUT;REGIÃO NORTE;AMAPÁ;ÓLEO DIESEL S-500;7631,5
2019;NOV;REGIÃO NORTE;AMAPÁ;ÓLEO DIESEL S-500;7215,8
2019;DEZ;REGIÃO NORTE;AMAPÁ;ÓLEO DIESEL S-500;6689,845
2019;JAN;REGIÃO NORTE;TOCANTINS;ÓLEO DIESEL S-500;37006,1
2019;FEV;REGIÃO NORTE;TOCANTINS;ÓLEO DIESEL S-500;42070,43
2019;MAR;REGIÃO NORTE;TOCANTINS;ÓLEO DIESEL S-500;41972,64
2019;ABR;REGIÃO NORTE;TOCANTINS;ÓLEO DIESEL S-500;40554,582
2019;MAI;REGIÃO NORTE;TOCANTINS;ÓLEO DIESEL S-500;41945,54
2019;JUN;REGIÃO NORTE;TOCANTINS;ÓLEO DIESEL S-500;38169,68
2019;JUL;REGIÃO NORTE;TOCANTINS;ÓLEO DIESEL S-500;41475,39
2019;AGO;REGIÃO NORTE;TOCANTINS;ÓLEO DIESEL S-500;44307,68
2019;SET;REGIÃO NORTE;TOCANTINS;ÓLEO DIESEL S-500;41305,26
2019;OUT;REGIÃO NORTE;TOCANTINS;ÓLEO DIESEL S-500;46139,22
2019;NOV;REGIÃO NORTE;TOCANTINS;ÓLEO DIESEL S-500;42098,98
2019;DEZ;REGIÃO NORTE;TOCANTINS;ÓLEO DIESEL S-500;35744,86
2019;JAN;REGIÃO NORDESTE;MARANHÃO;ÓLEO DIESEL S-500;62251,823
2019;FEV;REGIÃO NORDESTE;MARANHÃO;ÓLEO DIESEL S-500;58179,428
2019;MAR;REGIÃO NORDESTE;MARANHÃO;ÓLEO DIESEL S-500;56093,459
2019;ABR;REGIÃO NORDESTE;MARANHÃO;ÓLEO DIESEL S-500;48255,564
2019;MAI;REGIÃO NORDESTE;MARANHÃO;ÓLEO DIESEL S-500;63098,963
2019;JUN;REGIÃO NORDESTE;MARANHÃO;ÓLEO DIESEL S-500;63736,98
2019;JUL;REGIÃO NORDESTE;MARANHÃO;ÓLEO DIESEL S-500;70723,542
2019;AGO;REGIÃO NORDESTE;MARANHÃO;ÓLEO DIESEL S-500;71652,785
2019;SET;REGIÃO NORDESTE;MARANHÃO;ÓLEO DIESEL S-500;65241,71
2019;OUT;REGIÃO NORDESTE;MARANHÃO;ÓLEO DIESEL S-500;68583,933
2019;NOV;REGIÃO NORDESTE;MARANHÃO;ÓLEO DIESEL S-500;66445,306
2019;DEZ;REGIÃO NORDESTE;MARANHÃO;ÓLEO DIESEL S-500;61675,628
2019;JAN;REGIÃO NORDESTE;PIAUÍ;ÓLEO DIESEL S-500;16928,02
2019;FEV;REGIÃO NORDESTE;PIAUÍ;ÓLEO DIESEL S-500;15708,47
2019;MAR;REGIÃO NORDESTE;PIAUÍ;ÓLEO DIESEL S-500;17676,97
2019;ABR;REGIÃO NORDESTE;PIAUÍ;ÓLEO DIESEL S-500;19099,86
2019;MAI;REGIÃO NORDESTE;PIAUÍ;ÓLEO DIESEL S-500;17468,46
2019;JUN;REGIÃO NORDESTE;PIAUÍ;ÓLEO DIESEL S-500;17379,32
2019;JUL;REGIÃO NORDESTE;PIAUÍ;ÓLEO DIESEL S-500;19594,47
2019;AGO;REGIÃO NORDESTE;PIAUÍ;ÓLEO DIESEL S-500;19113,11
2019;SET;REGIÃO NORDESTE;PIAUÍ;ÓLEO DIESEL S-500;17486
2019;OUT;REGIÃO NORDESTE;PIAUÍ;ÓLEO DIESEL S-500;19197,6
2019;NOV;REGIÃO NORDESTE;PIAUÍ;ÓLEO DIESEL S-500;18432,48
2019;DEZ;REGIÃO NORDESTE;PIAUÍ;ÓLEO DIESEL S-500;17442,6
2019;JAN;REGIÃO NORDESTE;CEARÁ;ÓLEO DIESEL S-500;16596,45
2019;FEV;REGIÃO NORDESTE;CEARÁ;ÓLEO DIESEL S-500;14304
2019;MAR;REGIÃO NORDESTE;CEARÁ;ÓLEO DIESEL S-500;13318
2019;ABR;REGIÃO NORDESTE;CEARÁ;ÓLEO DIESEL S-500;13246,5
2019;MAI;REGIÃO NORDESTE;CEARÁ;ÓLEO DIESEL S-500;13848
2019;JUN;REGIÃO NORDESTE;CEARÁ;ÓLEO DIESEL S-500;12924,5
2019;JUL;REGIÃO NORDESTE;CEARÁ;ÓLEO DIESEL S-500;12706,7
2019;AGO;REGIÃO NORDESTE;CEARÁ;ÓLEO DIESEL S-500;11750,6
2019;SET;REGIÃO NORDESTE;CEARÁ;ÓLEO DIESEL S-500;10550,6
2019;OUT;REGIÃO NORDESTE;CEARÁ;ÓLEO DIESEL S-500;11307,5
2019;NOV;REGIÃO NORDESTE;CEARÁ;ÓLEO DIESEL S-500;10384,913
2019;DEZ;REGIÃO NORDESTE;CEARÁ;ÓLEO DIESEL S-500;10574,95
2019;JAN;REGIÃO NORDESTE;RIO GRANDE DO NORTE;ÓLEO DIESEL S-500;24268
2019;FEV;REGIÃO NORDESTE;RIO GRANDE DO NORTE;ÓLEO DIESEL S-500;24838
2019;MAR;REGIÃO NORDESTE;RIO GRANDE DO NORTE;ÓLEO DIESEL S-500;22358,015
2019;ABR;REGIÃO NORDESTE;RIO GRANDE DO NORTE;ÓLEO DIESEL S-500;23737,8
2019;MAI;REGIÃO NORDESTE;RIO GRANDE DO NORTE;ÓLEO DIESEL S-500;22587,5
2019;JUN;REGIÃO NORDESTE;RIO GRANDE DO NORTE;ÓLEO DIESEL S-500;20454,25
2019;JUL;REGIÃO NORDESTE;RIO GRANDE DO NORTE;ÓLEO DIESEL S-500;22823,5
2019;AGO;REGIÃO NORDESTE;RIO GRANDE DO NORTE;ÓLEO DIESEL S-500;22857
2019;SET;REGIÃO NORDESTE;RIO GRANDE DO NORTE;ÓLEO DIESEL S-500;21596,7
2019;OUT;REGIÃO NORDESTE;RIO GRANDE DO NORTE;ÓLEO DIESEL S-500;23919,05
2019;NOV;REGIÃO NORDESTE;RIO GRANDE DO NORTE;ÓLEO DIESEL S-500;22250,5
2019;DEZ;REGIÃO NORDESTE;RIO GRANDE DO NORTE;ÓLEO DIESEL S-500;21828,5
2019;JAN;REGIÃO NORDESTE;PARAÍBA;ÓLEO DIESEL S-500;15830,3
2019;FEV;REGIÃO NORDESTE;PARAÍBA;ÓLEO DIESEL S-500;13892,87
2019;MAR;REGIÃO NORDESTE;PARAÍBA;ÓLEO DIESEL S-500;13783,88
2019;ABR;REGIÃO NORDESTE;PARAÍBA;ÓLEO DIESEL S-500;13180,94
2019;MAI;REGIÃO NORDESTE;PARAÍBA;ÓLEO DIESEL S-500;13635,29
2019;JUN;REGIÃO NORDESTE;PARAÍBA;ÓLEO DIESEL S-500;11706,065
2019;JUL;REGIÃO NORDESTE;PARAÍBA;ÓLEO DIESEL S-500;13195
2019;AGO;REGIÃO NORDESTE;PARAÍBA;ÓLEO DIESEL S-500;13887,09
2019;SET;REGIÃO NORDESTE;PARAÍBA;ÓLEO DIESEL S-500;13860,31
2019;OUT;REGIÃO NORDESTE;PARAÍBA;ÓLEO DIESEL S-500;15091,016
2019;NOV;REGIÃO NORDESTE;PARAÍBA;ÓLEO DIESEL S-500;14453,63
2019;DEZ;REGIÃO NORDESTE;PARAÍBA;ÓLEO DIESEL S-500;14598,72
2019;JAN;REGIÃO NORDESTE;PERNAMBUCO;ÓLEO DIESEL S-500;3311,4
2019;FEV;REGIÃO NORDESTE;PERNAMBUCO;ÓLEO DIESEL S-500;3357,4
2019;MAR;REGIÃO NORDESTE;PERNAMBUCO;ÓLEO DIESEL S-500;3345,8
2019;ABR;REGIÃO NORDESTE;PERNAMBUCO;ÓLEO DIESEL S-500;3375,2
2019;MAI;REGIÃO NORDESTE;PERNAMBUCO;ÓLEO DIESEL S-500;3526,1
2019;JUN;REGIÃO NORDESTE;PERNAMBUCO;ÓLEO DIESEL S-500;3105,4
2019;JUL;REGIÃO NORDESTE;PERNAMBUCO;ÓLEO DIESEL S-500;3188
2019;AGO;REGIÃO NORDESTE;PERNAMBUCO;ÓLEO DIESEL S-500;3374,3
2019;SET;REGIÃO NORDESTE;PERNAMBUCO;ÓLEO DIESEL S-500;3035,5
2019;OUT;REGIÃO NORDESTE;PERNAMBUCO;ÓLEO DIESEL S-500;3510,8
2019;NOV;REGIÃO NORDESTE;PERNAMBUCO;ÓLEO DIESEL S-500;3298,501
2019;DEZ;REGIÃO NORDESTE;PERNAMBUCO;ÓLEO DIESEL S-500;2927,9
2019;JAN;REGIÃO NORDESTE;ALAGOAS;ÓLEO DIESEL S-500;15194,568
2019;FEV;REGIÃO NORDESTE;ALAGOAS;ÓLEO DIESEL S-500;13589,001
2019;MAR;REGIÃO NORDESTE;ALAGOAS;ÓLEO DIESEL S-500;13022,501
2019;ABR;REGIÃO NORDESTE;ALAGOAS;ÓLEO DIESEL S-500;11311,17
2019;MAI;REGIÃO NORDESTE;ALAGOAS;ÓLEO DIESEL S-500;10731,5
2019;JUN;REGIÃO NORDESTE;ALAGOAS;ÓLEO DIESEL S-500;9369,5
2019;JUL;REGIÃO NORDESTE;ALAGOAS;ÓLEO DIESEL S-500;10406,4
2019;AGO;REGIÃO NORDESTE;ALAGOAS;ÓLEO DIESEL S-500;11078,5
2019;SET;REGIÃO NORDESTE;ALAGOAS;ÓLEO DIESEL S-500;12619,6
2019;OUT;REGIÃO NORDESTE;ALAGOAS;ÓLEO DIESEL S-500;15226,6
2019;NOV;REGIÃO NORDESTE;ALAGOAS;ÓLEO DIESEL S-500;14309,5
2019;DEZ;REGIÃO NORDESTE;ALAGOAS;ÓLEO DIESEL S-500;14441,5
2019;JAN;REGIÃO NORDESTE;SERGIPE;ÓLEO DIESEL S-500;9785
2019;FEV;REGIÃO NORDESTE;SERGIPE;ÓLEO DIESEL S-500;8814
2019;MAR;REGIÃO NORDESTE;SERGIPE;ÓLEO DIESEL S-500;9117
2019;ABR;REGIÃO NORDESTE;SERGIPE;ÓLEO DIESEL S-500;9871,5
2019;MAI;REGIÃO NORDESTE;SERGIPE;ÓLEO DIESEL S-500;9903
2019;JUN;REGIÃO NORDESTE;SERGIPE;ÓLEO DIESEL S-500;8380
2019;JUL;REGIÃO NORDESTE;SERGIPE;ÓLEO DIESEL S-500;8032,5
2019;AGO;REGIÃO NORDESTE;SERGIPE;ÓLEO DIESEL S-500;8653,5
2019;SET;REGIÃO NORDESTE;SERGIPE;ÓLEO DIESEL S-500;8974
2019;OUT;REGIÃO NORDESTE;SERGIPE;ÓLEO DIESEL S-500;9361,5
2019;NOV;REGIÃO NORDESTE;SERGIPE;ÓLEO DIESEL S-500;9195,5
2019;DEZ;REGIÃO NORDESTE;SERGIPE;ÓLEO DIESEL S-500;8890,378
2019;JAN;REGIÃO NORDESTE;BAHIA;ÓLEO DIESEL S-500;119096,559
2019;FEV;REGIÃO NORDESTE;BAHIA;ÓLEO DIESEL S-500;114229,891
2019;MAR;REGIÃO NORDESTE;BAHIA;ÓLEO DIESEL S-500;121482,364
2019;ABR;REGIÃO NORDESTE;BAHIA;ÓLEO DIESEL S-500;132121,764
2019;MAI;REGIÃO NORDESTE;BAHIA;ÓLEO DIESEL S-500;125216,645
2019;JUN;REGIÃO NORDESTE;BAHIA;ÓLEO DIESEL S-500;113126,201
2019;JUL;REGIÃO NORDESTE;BAHIA;ÓLEO DIESEL S-500;125398,501
2019;AGO;REGIÃO NORDESTE;BAHIA;ÓLEO DIESEL S-500;126773,601
2019;SET;REGIÃO NORDESTE;BAHIA;ÓLEO DIESEL S-500;117089,631
2019;OUT;REGIÃO NORDESTE;BAHIA;ÓLEO DIESEL S-500;129068,201
2019;NOV;REGIÃO NORDESTE;BAHIA;ÓLEO DIESEL S-500;117602,952
2019;DEZ;REGIÃO NORDESTE;BAHIA;ÓLEO DIESEL S-500;110421,302
2019;JAN;REGIÃO SUDESTE;MINAS GERAIS;ÓLEO DIESEL S-500;328060,473
2019;FEV;REGIÃO SUDESTE;MINAS GERAIS;ÓLEO DIESEL S-500;319262,33
2019;MAR;REGIÃO SUDESTE;MINAS GERAIS;ÓLEO DIESEL S-500;325895,888
2019;ABR;REGIÃO SUDESTE;MINAS GERAIS;ÓLEO DIESEL S-500;335621,061
2019;MAI;REGIÃO SUDESTE;MINAS GERAIS;ÓLEO DIESEL S-500;343455,281
2019;JUN;REGIÃO SUDESTE;MINAS GERAIS;ÓLEO DIESEL S-500;325086,534
2019;JUL;REGIÃO SUDESTE;MINAS GERAIS;ÓLEO DIESEL S-500;363698,71
2019;AGO;REGIÃO SUDESTE;MINAS GERAIS;ÓLEO DIESEL S-500;358940,693
2019;SET;REGIÃO SUDESTE;MINAS GERAIS;ÓLEO DIESEL S-500;333284,72
2019;OUT;REGIÃO SUDESTE;MINAS GERAIS;ÓLEO DIESEL S-500;367184,52
2019;NOV;REGIÃO SUDESTE;MINAS GERAIS;ÓLEO DIESEL S-500;318087,503
2019;DEZ;REGIÃO SUDESTE;MINAS GERAIS;ÓLEO DIESEL S-500;276173,171
2019;JAN;REGIÃO SUDESTE;ESPÍRITO SANTO;ÓLEO DIESEL S-500;52012,278
2019;FEV;REGIÃO SUDESTE;ESPÍRITO SANTO;ÓLEO DIESEL S-500;45550,849
2019;MAR;REGIÃO SUDESTE;ESPÍRITO SANTO;ÓLEO DIESEL S-500;47303,385
2019;ABR;REGIÃO SUDESTE;ESPÍRITO SANTO;ÓLEO DIESEL S-500;47258,389
2019;MAI;REGIÃO SUDESTE;ESPÍRITO SANTO;ÓLEO DIESEL S-500;49607,882
2019;JUN;REGIÃO SUDESTE;ESPÍRITO SANTO;ÓLEO DIESEL S-500;46550,861
2019;JUL;REGIÃO SUDESTE;ESPÍRITO SANTO;ÓLEO DIESEL S-500;50125,855
2019;AGO;REGIÃO SUDESTE;ESPÍRITO SANTO;ÓLEO DIESEL S-500;47682,859
2019;SET;REGIÃO SUDESTE;ESPÍRITO SANTO;ÓLEO DIESEL S-500;47857,345
2019;OUT;REGIÃO SUDESTE;ESPÍRITO SANTO;ÓLEO DIESEL S-500;50338,825
2019;NOV;REGIÃO SUDESTE;ESPÍRITO SANTO;ÓLEO DIESEL S-500;42154,375
2019;DEZ;REGIÃO SUDESTE;ESPÍRITO SANTO;ÓLEO DIESEL S-500;41786,705
2019;JAN;REGIÃO SUDESTE;RIO DE JANEIRO;ÓLEO DIESEL S-500;63235,166
2019;FEV;REGIÃO SUDESTE;RIO DE JANEIRO;ÓLEO DIESEL S-500;55987,136
2019;MAR;REGIÃO SUDESTE;RIO DE JANEIRO;ÓLEO DIESEL S-500;53936,819
2019;ABR;REGIÃO SUDESTE;RIO DE JANEIRO;ÓLEO DIESEL S-500;58774,05
2019;MAI;REGIÃO SUDESTE;RIO DE JANEIRO;ÓLEO DIESEL S-500;58080,814
2019;JUN;REGIÃO SUDESTE;RIO DE JANEIRO;ÓLEO DIESEL S-500;54476,023
2019;JUL;REGIÃO SUDESTE;RIO DE JANEIRO;ÓLEO DIESEL S-500;61520,73
2019;AGO;REGIÃO SUDESTE;RIO DE JANEIRO;ÓLEO DIESEL S-500;59546,01
2019;SET;REGIÃO SUDESTE;RIO DE JANEIRO;ÓLEO DIESEL S-500;55477,443
2019;OUT;REGIÃO SUDESTE;RIO DE JANEIRO;ÓLEO DIESEL S-500;56526,739
2019;NOV;REGIÃO SUDESTE;RIO DE JANEIRO;ÓLEO DIESEL S-500;52428,746
2019;DEZ;REGIÃO SUDESTE;RIO DE JANEIRO;ÓLEO DIESEL S-500;52096,479
2019;JAN;REGIÃO SUDESTE;SÃO PAULO;ÓLEO DIESEL S-500;449697,69
2019;FEV;REGIÃO SUDESTE;SÃO PAULO;ÓLEO DIESEL S-500;455728,502
2019;MAR;REGIÃO SUDESTE;SÃO PAULO;ÓLEO DIESEL S-500;489325,217
2019;ABR;REGIÃO SUDESTE;SÃO PAULO;ÓLEO DIESEL S-500;536882,035
2019;MAI;REGIÃO SUDESTE;SÃO PAULO;ÓLEO DIESEL S-500;592801,971
2019;JUN;REGIÃO SUDESTE;SÃO PAULO;ÓLEO DIESEL S-500;557092,951
2019;JUL;REGIÃO SUDESTE;SÃO PAULO;ÓLEO DIESEL S-500;609641,701
2019;AGO;REGIÃO SUDESTE;SÃO PAULO;ÓLEO DIESEL S-500;619217,764
2019;SET;REGIÃO SUDESTE;SÃO PAULO;ÓLEO DIESEL S-500;550278,753
2019;OUT;REGIÃO SUDESTE;SÃO PAULO;ÓLEO DIESEL S-500;612577,964
2019;NOV;REGIÃO SUDESTE;SÃO PAULO;ÓLEO DIESEL S-500;494533,274
2019;DEZ;REGIÃO SUDESTE;SÃO PAULO;ÓLEO DIESEL S-500;383433,349
2019;JAN;REGIÃO SUL;PARANÁ;ÓLEO DIESEL S-500;274731,727
2019;FEV;REGIÃO SUL;PARANÁ;ÓLEO DIESEL S-500;281887,206
2019;MAR;REGIÃO SUL;PARANÁ;ÓLEO DIESEL S-500;291240,299
2019;ABR;REGIÃO SUL;PARANÁ;ÓLEO DIESEL S-500;276258,193
2019;MAI;REGIÃO SUL;PARANÁ;ÓLEO DIESEL S-500;275423,242
2019;JUN;REGIÃO SUL;PARANÁ;ÓLEO DIESEL S-500;292026,768
2019;JUL;REGIÃO SUL;PARANÁ;ÓLEO DIESEL S-500;314586,502
2019;AGO;REGIÃO SUL;PARANÁ;ÓLEO DIESEL S-500;312369,151
2019;SET;REGIÃO SUL;PARANÁ;ÓLEO DIESEL S-500;279295,715
2019;OUT;REGIÃO SUL;PARANÁ;ÓLEO DIESEL S-500;299013,664
2019;NOV;REGIÃO SUL;PARANÁ;ÓLEO DIESEL S-500;247381,194
2019;DEZ;REGIÃO SUL;PARANÁ;ÓLEO DIESEL S-500;202530,72
2019;JAN;REGIÃO SUL;SANTA CATARINA;ÓLEO DIESEL S-500;110421,836
2019;FEV;REGIÃO SUL;SANTA CATARINA;ÓLEO DIESEL S-500;109507,724
2019;MAR;REGIÃO SUL;SANTA CATARINA;ÓLEO DIESEL S-500;120466,391
2019;ABR;REGIÃO SUL;SANTA CATARINA;ÓLEO DIESEL S-500;119872,711
2019;MAI;REGIÃO SUL;SANTA CATARINA;ÓLEO DIESEL S-500;111673,631
2019;JUN;REGIÃO SUL;SANTA CATARINA;ÓLEO DIESEL S-500;105155,646
2019;JUL;REGIÃO SUL;SANTA CATARINA;ÓLEO DIESEL S-500;112289,331
2019;AGO;REGIÃO SUL;SANTA CATARINA;ÓLEO DIESEL S-500;114985,225
2019;SET;REGIÃO SUL;SANTA CATARINA;ÓLEO DIESEL S-500;102986,424
2019;OUT;REGIÃO SUL;SANTA CATARINA;ÓLEO DIESEL S-500;114712,942
2019;NOV;REGIÃO SUL;SANTA CATARINA;ÓLEO DIESEL S-500;102514,674
2019;DEZ;REGIÃO SUL;SANTA CATARINA;ÓLEO DIESEL S-500;89717,501
2019;JAN;REGIÃO SUL;RIO GRANDE DO SUL;ÓLEO DIESEL S-500;161069,674
2019;FEV;REGIÃO SUL;RIO GRANDE DO SUL;ÓLEO DIESEL S-500;175846,41
2019;MAR;REGIÃO SUL;RIO GRANDE DO SUL;ÓLEO DIESEL S-500;244220,326
2019;ABR;REGIÃO SUL;RIO GRANDE DO SUL;ÓLEO DIESEL S-500;229910,491
2019;MAI;REGIÃO SUL;RIO GRANDE DO SUL;ÓLEO DIESEL S-500;176581,293
2019;JUN;REGIÃO SUL;RIO GRANDE DO SUL;ÓLEO DIESEL S-500;174432,24
2019;JUL;REGIÃO SUL;RIO GRANDE DO SUL;ÓLEO DIESEL S-500;170400,338
2019;AGO;REGIÃO SUL;RIO GRANDE DO SUL;ÓLEO DIESEL S-500;192266,789
2019;SET;REGIÃO SUL;RIO GRANDE DO SUL;ÓLEO DIESEL S-500;179427,29
2019;OUT;REGIÃO SUL;RIO GRANDE DO SUL;ÓLEO DIESEL S-500;201245,177
2019;NOV;REGIÃO SUL;RIO GRANDE DO SUL;ÓLEO DIESEL S-500;205874,341
2019;DEZ;REGIÃO SUL;RIO GRANDE DO SUL;ÓLEO DIESEL S-500;159837,879
2019;JAN;REGIÃO CENTRO-OESTE;MATO GROSSO DO SUL;ÓLEO DIESEL S-500;65771,187
2019;FEV;REGIÃO CENTRO-OESTE;MATO GROSSO DO SUL;ÓLEO DIESEL S-500;76342,302
2019;MAR;REGIÃO CENTRO-OESTE;MATO GROSSO DO SUL;ÓLEO DIESEL S-500;71588,988
2019;ABR;REGIÃO CENTRO-OESTE;MATO GROSSO DO SUL;ÓLEO DIESEL S-500;68262,145
2019;MAI;REGIÃO CENTRO-OESTE;MATO GROSSO DO SUL;ÓLEO DIESEL S-500;70501,976
2019;JUN;REGIÃO CENTRO-OESTE;MATO GROSSO DO SUL;ÓLEO DIESEL S-500;73584,558
2019;JUL;REGIÃO CENTRO-OESTE;MATO GROSSO DO SUL;ÓLEO DIESEL S-500;90655,044
2019;AGO;REGIÃO CENTRO-OESTE;MATO GROSSO DO SUL;ÓLEO DIESEL S-500;88449,038
2019;SET;REGIÃO CENTRO-OESTE;MATO GROSSO DO SUL;ÓLEO DIESEL S-500;74036,236
2019;OUT;REGIÃO CENTRO-OESTE;MATO GROSSO DO SUL;ÓLEO DIESEL S-500;80094,19
2019;NOV;REGIÃO CENTRO-OESTE;MATO GROSSO DO SUL;ÓLEO DIESEL S-500;63485,881
2019;DEZ;REGIÃO CENTRO-OESTE;MATO GROSSO DO SUL;ÓLEO DIESEL S-500;47798,179
2019;JAN;REGIÃO CENTRO-OESTE;MATO GROSSO;ÓLEO DIESEL S-500;180741,685
2019;FEV;REGIÃO CENTRO-OESTE;MATO GROSSO;ÓLEO DIESEL S-500;177352,362
2019;MAR;REGIÃO CENTRO-OESTE;MATO GROSSO;ÓLEO DIESEL S-500;135744,366
2019;ABR;REGIÃO CENTRO-OESTE;MATO GROSSO;ÓLEO DIESEL S-500;109738,028
2019;MAI;REGIÃO CENTRO-OESTE;MATO GROSSO;ÓLEO DIESEL S-500;123841,963
2019;JUN;REGIÃO CENTRO-OESTE;MATO GROSSO;ÓLEO DIESEL S-500;158005,469
2019;JUL;REGIÃO CENTRO-OESTE;MATO GROSSO;ÓLEO DIESEL S-500;170960,87
2019;AGO;REGIÃO CENTRO-OESTE;MATO GROSSO;ÓLEO DIESEL S-500;156939,057
2019;SET;REGIÃO CENTRO-OESTE;MATO GROSSO;ÓLEO DIESEL S-500;141758,368
2019;OUT;REGIÃO CENTRO-OESTE;MATO GROSSO;ÓLEO DIESEL S-500;167523,23
2019;NOV;REGIÃO CENTRO-OESTE;MATO GROSSO;ÓLEO DIESEL S-500;122017,144
2019;DEZ;REGIÃO CENTRO-OESTE;MATO GROSSO;ÓLEO DIESEL S-500;96972,52
2019;JAN;REGIÃO CENTRO-OESTE;GOIÁS;ÓLEO DIESEL S-500;120641,85
2019;FEV;REGIÃO CENTRO-OESTE;GOIÁS;ÓLEO DIESEL S-500;135186,58
2019;MAR;REGIÃO CENTRO-OESTE;GOIÁS;ÓLEO DIESEL S-500;131845,98
2019;ABR;REGIÃO CENTRO-OESTE;GOIÁS;ÓLEO DIESEL S-500;123739,687
2019;MAI;REGIÃO CENTRO-OESTE;GOIÁS;ÓLEO DIESEL S-500;132418,015
2019;JUN;REGIÃO CENTRO-OESTE;GOIÁS;ÓLEO DIESEL S-500;133975,733
2019;JUL;REGIÃO CENTRO-OESTE;GOIÁS;ÓLEO DIESEL S-500;157505,8
2019;AGO;REGIÃO CENTRO-OESTE;GOIÁS;ÓLEO DIESEL S-500;149340,52
2019;SET;REGIÃO CENTRO-OESTE;GOIÁS;ÓLEO DIESEL S-500;137736,631
2019;OUT;REGIÃO CENTRO-OESTE;GOIÁS;ÓLEO DIESEL S-500;153892,19
2019;NOV;REGIÃO CENTRO-OESTE;GOIÁS;ÓLEO DIESEL S-500;130001,36
2019;DEZ;REGIÃO CENTRO-OESTE;GOIÁS;ÓLEO DIESEL S-500;96500,5
2019;JAN;REGIÃO CENTRO-OESTE;DISTRITO FEDERAL;ÓLEO DIESEL S-500;10514,5
2019;FEV;REGIÃO CENTRO-OESTE;DISTRITO FEDERAL;ÓLEO DIESEL S-500;11077,5
2019;MAR;REGIÃO CENTRO-OESTE;DISTRITO FEDERAL;ÓLEO DIESEL S-500;11082
2019;ABR;REGIÃO CENTRO-OESTE;DISTRITO FEDERAL;ÓLEO DIESEL S-500;11266
2019;MAI;REGIÃO CENTRO-OESTE;DISTRITO FEDERAL;ÓLEO DIESEL S-500;11998,5
2019;JUN;REGIÃO CENTRO-OESTE;DISTRITO FEDERAL;ÓLEO DIESEL S-500;11207
2019;JUL;REGIÃO CENTRO-OESTE;DISTRITO FEDERAL;ÓLEO DIESEL S-500;12268,5
2019;AGO;REGIÃO CENTRO-OESTE;DISTRITO FEDERAL;ÓLEO DIESEL S-500;13046
2019;SET;REGIÃO CENTRO-OESTE;DISTRITO FEDERAL;ÓLEO DIESEL S-500;12343
2019;OUT;REGIÃO CENTRO-OESTE;DISTRITO FEDERAL;ÓLEO DIESEL S-500;12956,5
2019;NOV;REGIÃO CENTRO-OESTE;DISTRITO FEDERAL;ÓLEO DIESEL S-500;11987,5
2019;DEZ;REGIÃO CENTRO-OESTE;DISTRITO FEDERAL;ÓLEO DIESEL S-500;10617
2019;JAN;REGIÃO NORTE;RONDÔNIA;ÓLEO DIESEL S-1800;0
2019;FEV;REGIÃO NORTE;RONDÔNIA;ÓLEO DIESEL S-1800;0
2019;MAR;REGIÃO NORTE;RONDÔNIA;ÓLEO DIESEL S-1800;0
2019;ABR;REGIÃO NORTE;RONDÔNIA;ÓLEO DIESEL S-1800;0
2019;MAI;REGIÃO NORTE;RONDÔNIA;ÓLEO DIESEL S-1800;0
2019;JUN;REGIÃO NORTE;RONDÔNIA;ÓLEO DIESEL S-1800;0
2019;JUL;REGIÃO NORTE;RONDÔNIA;ÓLEO DIESEL S-1800;0
2019;AGO;REGIÃO NORTE;RONDÔNIA;ÓLEO DIESEL S-1800;0
2019;SET;REGIÃO NORTE;RONDÔNIA;ÓLEO DIESEL S-1800;0
2019;OUT;REGIÃO NORTE;RONDÔNIA;ÓLEO DIESEL S-1800;0
2019;NOV;REGIÃO NORTE;RONDÔNIA;ÓLEO DIESEL S-1800;0
2019;DEZ;REGIÃO NORTE;RONDÔNIA;ÓLEO DIESEL S-1800;0
2019;JAN;REGIÃO NORTE;ACRE;ÓLEO DIESEL S-1800;0
2019;FEV;REGIÃO NORTE;ACRE;ÓLEO DIESEL S-1800;0
2019;MAR;REGIÃO NORTE;ACRE;ÓLEO DIESEL S-1800;0
2019;ABR;REGIÃO NORTE;ACRE;ÓLEO DIESEL S-1800;0
2019;MAI;REGIÃO NORTE;ACRE;ÓLEO DIESEL S-1800;0
2019;JUN;REGIÃO NORTE;ACRE;ÓLEO DIESEL S-1800;0
2019;JUL;REGIÃO NORTE;ACRE;ÓLEO DIESEL S-1800;0
2019;AGO;REGIÃO NORTE;ACRE;ÓLEO DIESEL S-1800;0
2019;SET;REGIÃO NORTE;ACRE;ÓLEO DIESEL S-1800;0
2019;OUT;REGIÃO NORTE;ACRE;ÓLEO DIESEL S-1800;0
2019;NOV;REGIÃO NORTE;ACRE;ÓLEO DIESEL S-1800;0
2019;DEZ;REGIÃO NORTE;ACRE;ÓLEO DIESEL S-1800;0
2019;JAN;REGIÃO NORTE;AMAZONAS;ÓLEO DIESEL S-1800;90,824
2019;FEV;REGIÃO NORTE;AMAZONAS;ÓLEO DIESEL S-1800;5,201
2019;MAR;REGIÃO NORTE;AMAZONAS;ÓLEO DIESEL S-1800;0
2019;ABR;REGIÃO NORTE;AMAZONAS;ÓLEO DIESEL S-1800;0
2019;MAI;REGIÃO NORTE;AMAZONAS;ÓLEO DIESEL S-1800;0
2019;JUN;REGIÃO NORTE;AMAZONAS;ÓLEO DIESEL S-1800;14741,753
2019;JUL;REGIÃO NORTE;AMAZONAS;ÓLEO DIESEL S-1800;21791,311
2019;AGO;REGIÃO NORTE;AMAZONAS;ÓLEO DIESEL S-1800;14115,201
2019;SET;REGIÃO NORTE;AMAZONAS;ÓLEO DIESEL S-1800;15611,964
2019;OUT;REGIÃO NORTE;AMAZONAS;ÓLEO DIESEL S-1800;22568,845
2019;NOV;REGIÃO NORTE;AMAZONAS;ÓLEO DIESEL S-1800;21553,079
2019;DEZ;REGIÃO NORTE;AMAZONAS;ÓLEO DIESEL S-1800;5012,374
2019;JAN;REGIÃO NORTE;RORAIMA;ÓLEO DIESEL S-1800;0
2019;FEV;REGIÃO NORTE;RORAIMA;ÓLEO DIESEL S-1800;0
2019;MAR;REGIÃO NORTE;RORAIMA;ÓLEO DIESEL S-1800;0
2019;ABR;REGIÃO NORTE;RORAIMA;ÓLEO DIESEL S-1800;0
2019;MAI;REGIÃO NORTE;RORAIMA;ÓLEO DIESEL S-1800;0
2019;JUN;REGIÃO NORTE;RORAIMA;ÓLEO DIESEL S-1800;0
2019;JUL;REGIÃO NORTE;RORAIMA;ÓLEO DIESEL S-1800;0
2019;AGO;REGIÃO NORTE;RORAIMA;ÓLEO DIESEL S-1800;0
2019;SET;REGIÃO NORTE;RORAIMA;ÓLEO DIESEL S-1800;0
2019;OUT;REGIÃO NORTE;RORAIMA;ÓLEO DIESEL S-1800;0
2019;NOV;REGIÃO NORTE;RORAIMA;ÓLEO DIESEL S-1800;0
2019;DEZ;REGIÃO NORTE;RORAIMA;ÓLEO DIESEL S-1800;0
2019;JAN;REGIÃO NORTE;PARÁ;ÓLEO DIESEL S-1800;0
2019;FEV;REGIÃO NORTE;PARÁ;ÓLEO DIESEL S-1800;0
2019;MAR;REGIÃO NORTE;PARÁ;ÓLEO DIESEL S-1800;0
2019;ABR;REGIÃO NORTE;PARÁ;ÓLEO DIESEL S-1800;0
2019;MAI;REGIÃO NORTE;PARÁ;ÓLEO DIESEL S-1800;0
2019;JUN;REGIÃO NORTE;PARÁ;ÓLEO DIESEL S-1800;0
2019;JUL;REGIÃO NORTE;PARÁ;ÓLEO DIESEL S-1800;0
2019;AGO;REGIÃO NORTE;PARÁ;ÓLEO DIESEL S-1800;0
2019;SET;REGIÃO NORTE;PARÁ;ÓLEO DIESEL S-1800;0
2019;OUT;REGIÃO NORTE;PARÁ;ÓLEO DIESEL S-1800;0
2019;NOV;REGIÃO NORTE;PARÁ;ÓLEO DIESEL S-1800;0
2019;DEZ;REGIÃO NORTE;PARÁ;ÓLEO DIESEL S-1800;0
2019;JAN;REGIÃO NORTE;AMAPÁ;ÓLEO DIESEL S-1800;0
2019;FEV;REGIÃO NORTE;AMAPÁ;ÓLEO DIESEL S-1800;0
2019;MAR;REGIÃO NORTE;AMAPÁ;ÓLEO DIESEL S-1800;0
2019;ABR;REGIÃO NORTE;AMAPÁ;ÓLEO DIESEL S-1800;0
2019;MAI;REGIÃO NORTE;AMAPÁ;ÓLEO DIESEL S-1800;0
2019;JUN;REGIÃO NORTE;AMAPÁ;ÓLEO DIESEL S-1800;0
2019;JUL;REGIÃO NORTE;AMAPÁ;ÓLEO DIESEL S-1800;0
2019;AGO;REGIÃO NORTE;AMAPÁ;ÓLEO DIESEL S-1800;0
2019;SET;REGIÃO NORTE;AMAPÁ;ÓLEO DIESEL S-1800;0
2019;OUT;REGIÃO NORTE;AMAPÁ;ÓLEO DIESEL S-1800;0
2019;NOV;REGIÃO NORTE;AMAPÁ;ÓLEO DIESEL S-1800;0
2019;DEZ;REGIÃO NORTE;AMAPÁ;ÓLEO DIESEL S-1800;0
2019;JAN;REGIÃO NORTE;TOCANTINS;ÓLEO DIESEL S-1800;0
2019;FEV;REGIÃO NORTE;TOCANTINS;ÓLEO DIESEL S-1800;0
2019;MAR;REGIÃO NORTE;TOCANTINS;ÓLEO DIESEL S-1800;0
2019;ABR;REGIÃO NORTE;TOCANTINS;ÓLEO DIESEL S-1800;0
2019;MAI;REGIÃO NORTE;TOCANTINS;ÓLEO DIESEL S-1800;0
2019;JUN;REGIÃO NORTE;TOCANTINS;ÓLEO DIESEL S-1800;0
2019;JUL;REGIÃO NORTE;TOCANTINS;ÓLEO DIESEL S-1800;0
2019;AGO;REGIÃO NORTE;TOCANTINS;ÓLEO DIESEL S-1800;0
2019;SET;REGIÃO NORTE;TOCANTINS;ÓLEO DIESEL S-1800;0
2019;OUT;REGIÃO NORTE;TOCANTINS;ÓLEO DIESEL S-1800;0
2019;NOV;REGIÃO NORTE;TOCANTINS;ÓLEO DIESEL S-1800;0
2019;DEZ;REGIÃO NORTE;TOCANTINS;ÓLEO DIESEL S-1800;0
2019;JAN;REGIÃO NORDESTE;MARANHÃO;ÓLEO DIESEL S-1800;0
2019;FEV;REGIÃO NORDESTE;MARANHÃO;ÓLEO DIESEL S-1800;0
2019;MAR;REGIÃO NORDESTE;MARANHÃO;ÓLEO DIESEL S-1800;0
2019;ABR;REGIÃO NORDESTE;MARANHÃO;ÓLEO DIESEL S-1800;0
2019;MAI;REGIÃO NORDESTE;MARANHÃO;ÓLEO DIESEL S-1800;0
2019;JUN;REGIÃO NORDESTE;MARANHÃO;ÓLEO DIESEL S-1800;0
2019;JUL;REGIÃO NORDESTE;MARANHÃO;ÓLEO DIESEL S-1800;0
2019;AGO;REGIÃO NORDESTE;MARANHÃO;ÓLEO DIESEL S-1800;0
2019;SET;REGIÃO NORDESTE;MARANHÃO;ÓLEO DIESEL S-1800;0
2019;OUT;REGIÃO NORDESTE;MARANHÃO;ÓLEO DIESEL S-1800;0
2019;NOV;REGIÃO NORDESTE;MARANHÃO;ÓLEO DIESEL S-1800;0
2019;DEZ;REGIÃO NORDESTE;MARANHÃO;ÓLEO DIESEL S-1800;0
2019;JAN;REGIÃO NORDESTE;PIAUÍ;ÓLEO DIESEL S-1800;0
2019;FEV;REGIÃO NORDESTE;PIAUÍ;ÓLEO DIESEL S-1800;0
2019;MAR;REGIÃO NORDESTE;PIAUÍ;ÓLEO DIESEL S-1800;0
2019;ABR;REGIÃO NORDESTE;PIAUÍ;ÓLEO DIESEL S-1800;0
2019;MAI;REGIÃO NORDESTE;PIAUÍ;ÓLEO DIESEL S-1800;0
2019;JUN;REGIÃO NORDESTE;PIAUÍ;ÓLEO DIESEL S-1800;0
2019;JUL;REGIÃO NORDESTE;PIAUÍ;ÓLEO DIESEL S-1800;0
2019;AGO;REGIÃO NORDESTE;PIAUÍ;ÓLEO DIESEL S-1800;0
2019;SET;REGIÃO NORDESTE;PIAUÍ;ÓLEO DIESEL S-1800;0
2019;OUT;REGIÃO NORDESTE;PIAUÍ;ÓLEO DIESEL S-1800;0
2019;NOV;REGIÃO NORDESTE;PIAUÍ;ÓLEO DIESEL S-1800;0
2019;DEZ;REGIÃO NORDESTE;PIAUÍ;ÓLEO DIESEL S-1800;0
2019;JAN;REGIÃO NORDESTE;CEARÁ;ÓLEO DIESEL S-1800;0
2019;FEV;REGIÃO NORDESTE;CEARÁ;ÓLEO DIESEL S-1800;0
2019;MAR;REGIÃO NORDESTE;CEARÁ;ÓLEO DIESEL S-1800;0
2019;ABR;REGIÃO NORDESTE;CEARÁ;ÓLEO DIESEL S-1800;0
2019;MAI;REGIÃO NORDESTE;CEARÁ;ÓLEO DIESEL S-1800;0
2019;JUN;REGIÃO NORDESTE;CEARÁ;ÓLEO DIESEL S-1800;0
2019;JUL;REGIÃO NORDESTE;CEARÁ;ÓLEO DIESEL S-1800;0
2019;AGO;REGIÃO NORDESTE;CEARÁ;ÓLEO DIESEL S-1800;0
2019;SET;REGIÃO NORDESTE;CEARÁ;ÓLEO DIESEL S-1800;0
2019;OUT;REGIÃO NORDESTE;CEARÁ;ÓLEO DIESEL S-1800;0
2019;NOV;REGIÃO NORDESTE;CEARÁ;ÓLEO DIESEL S-1800;0
2019;DEZ;REGIÃO NORDESTE;CEARÁ;ÓLEO DIESEL S-1800;0
2019;JAN;REGIÃO NORDESTE;RIO GRANDE DO NORTE;ÓLEO DIESEL S-1800;0
2019;FEV;REGIÃO NORDESTE;RIO GRANDE DO NORTE;ÓLEO DIESEL S-1800;0
2019;MAR;REGIÃO NORDESTE;RIO GRANDE DO NORTE;ÓLEO DIESEL S-1800;0
2019;ABR;REGIÃO NORDESTE;RIO GRANDE DO NORTE;ÓLEO DIESEL S-1800;0
2019;MAI;REGIÃO NORDESTE;RIO GRANDE DO NORTE;ÓLEO DIESEL S-1800;0
2019;JUN;REGIÃO NORDESTE;RIO GRANDE DO NORTE;ÓLEO DIESEL S-1800;0
2019;JUL;REGIÃO NORDESTE;RIO GRANDE DO NORTE;ÓLEO DIESEL S-1800;0
2019;AGO;REGIÃO NORDESTE;RIO GRANDE DO NORTE;ÓLEO DIESEL S-1800;0
2019;SET;REGIÃO NORDESTE;RIO GRANDE DO NORTE;ÓLEO DIESEL S-1800;0
2019;OUT;REGIÃO NORDESTE;RIO GRANDE DO NORTE;ÓLEO DIESEL S-1800;0
2019;NOV;REGIÃO NORDESTE;RIO GRANDE DO NORTE;ÓLEO DIESEL S-1800;0
2019;DEZ;REGIÃO NORDESTE;RIO GRANDE DO NORTE;ÓLEO DIESEL S-1800;0
2019;JAN;REGIÃO NORDESTE;PARAÍBA;ÓLEO DIESEL S-1800;0
2019;FEV;REGIÃO NORDESTE;PARAÍBA;ÓLEO DIESEL S-1800;0
2019;MAR;REGIÃO NORDESTE;PARAÍBA;ÓLEO DIESEL S-1800;0
2019;ABR;REGIÃO NORDESTE;PARAÍBA;ÓLEO DIESEL S-1800;140
2019;MAI;REGIÃO NORDESTE;PARAÍBA;ÓLEO DIESEL S-1800;0
2019;JUN;REGIÃO NORDESTE;PARAÍBA;ÓLEO DIESEL S-1800;0
2019;JUL;REGIÃO NORDESTE;PARAÍBA;ÓLEO DIESEL S-1800;0
2019;AGO;REGIÃO NORDESTE;PARAÍBA;ÓLEO DIESEL S-1800;0
2019;SET;REGIÃO NORDESTE;PARAÍBA;ÓLEO DIESEL S-1800;0
2019;OUT;REGIÃO NORDESTE;PARAÍBA;ÓLEO DIESEL S-1800;0
2019;NOV;REGIÃO NORDESTE;PARAÍBA;ÓLEO DIESEL S-1800;0
2019;DEZ;REGIÃO NORDESTE;PARAÍBA;ÓLEO DIESEL S-1800;0
2019;JAN;REGIÃO NORDESTE;PERNAMBUCO;ÓLEO DIESEL S-1800;322,5
2019;FEV;REGIÃO NORDESTE;PERNAMBUCO;ÓLEO DIESEL S-1800;340
2019;MAR;REGIÃO NORDESTE;PERNAMBUCO;ÓLEO DIESEL S-1800;328
2019;ABR;REGIÃO NORDESTE;PERNAMBUCO;ÓLEO DIESEL S-1800;392
2019;MAI;REGIÃO NORDESTE;PERNAMBUCO;ÓLEO DIESEL S-1800;0
2019;JUN;REGIÃO NORDESTE;PERNAMBUCO;ÓLEO DIESEL S-1800;0
2019;JUL;REGIÃO NORDESTE;PERNAMBUCO;ÓLEO DIESEL S-1800;20
2019;AGO;REGIÃO NORDESTE;PERNAMBUCO;ÓLEO DIESEL S-1800;25
2019;SET;REGIÃO NORDESTE;PERNAMBUCO;ÓLEO DIESEL S-1800;30
2019;OUT;REGIÃO NORDESTE;PERNAMBUCO;ÓLEO DIESEL S-1800;35
2019;NOV;REGIÃO NORDESTE;PERNAMBUCO;ÓLEO DIESEL S-1800;155
2019;DEZ;REGIÃO NORDESTE;PERNAMBUCO;ÓLEO DIESEL S-1800;260
2019;JAN;REGIÃO NORDESTE;ALAGOAS;ÓLEO DIESEL S-1800;35
2019;FEV;REGIÃO NORDESTE;ALAGOAS;ÓLEO DIESEL S-1800;20
2019;MAR;REGIÃO NORDESTE;ALAGOAS;ÓLEO DIESEL S-1800;0
2019;ABR;REGIÃO NORDESTE;ALAGOAS;ÓLEO DIESEL S-1800;0
2019;MAI;REGIÃO NORDESTE;ALAGOAS;ÓLEO DIESEL S-1800;0
2019;JUN;REGIÃO NORDESTE;ALAGOAS;ÓLEO DIESEL S-1800;0
2019;JUL;REGIÃO NORDESTE;ALAGOAS;ÓLEO DIESEL S-1800;0
2019;AGO;REGIÃO NORDESTE;ALAGOAS;ÓLEO DIESEL S-1800;0
2019;SET;REGIÃO NORDESTE;ALAGOAS;ÓLEO DIESEL S-1800;0
2019;OUT;REGIÃO NORDESTE;ALAGOAS;ÓLEO DIESEL S-1800;0
2019;NOV;REGIÃO NORDESTE;ALAGOAS;ÓLEO DIESEL S-1800;0
2019;DEZ;REGIÃO NORDESTE;ALAGOAS;ÓLEO DIESEL S-1800;0
2019;JAN;REGIÃO NORDESTE;SERGIPE;ÓLEO DIESEL S-1800;0
2019;FEV;REGIÃO NORDESTE;SERGIPE;ÓLEO DIESEL S-1800;0
2019;MAR;REGIÃO NORDESTE;SERGIPE;ÓLEO DIESEL S-1800;0
2019;ABR;REGIÃO NORDESTE;SERGIPE;ÓLEO DIESEL S-1800;0
2019;MAI;REGIÃO NORDESTE;SERGIPE;ÓLEO DIESEL S-1800;0
2019;JUN;REGIÃO NORDESTE;SERGIPE;ÓLEO DIESEL S-1800;0
2019;JUL;REGIÃO NORDESTE;SERGIPE;ÓLEO DIESEL S-1800;0
2019;AGO;REGIÃO NORDESTE;SERGIPE;ÓLEO DIESEL S-1800;0
2019;SET;REGIÃO NORDESTE;SERGIPE;ÓLEO DIESEL S-1800;0
2019;OUT;REGIÃO NORDESTE;SERGIPE;ÓLEO DIESEL S-1800;0
2019;NOV;REGIÃO NORDESTE;SERGIPE;ÓLEO DIESEL S-1800;0
2019;DEZ;REGIÃO NORDESTE;SERGIPE;ÓLEO DIESEL S-1800;0
2019;JAN;REGIÃO NORDESTE;BAHIA;ÓLEO DIESEL S-1800;0
2019;FEV;REGIÃO NORDESTE;BAHIA;ÓLEO DIESEL S-1800;0
2019;MAR;REGIÃO NORDESTE;BAHIA;ÓLEO DIESEL S-1800;0
2019;ABR;REGIÃO NORDESTE;BAHIA;ÓLEO DIESEL S-1800;0
2019;MAI;REGIÃO NORDESTE;BAHIA;ÓLEO DIESEL S-1800;0
2019;JUN;REGIÃO NORDESTE;BAHIA;ÓLEO DIESEL S-1800;0
2019;JUL;REGIÃO NORDESTE;BAHIA;ÓLEO DIESEL S-1800;0
2019;AGO;REGIÃO NORDESTE;BAHIA;ÓLEO DIESEL S-1800;0
2019;SET;REGIÃO NORDESTE;BAHIA;ÓLEO DIESEL S-1800;0
2019;OUT;REGIÃO NORDESTE;BAHIA;ÓLEO DIESEL S-1800;0
2019;NOV;REGIÃO NORDESTE;BAHIA;ÓLEO DIESEL S-1800;0
2019;DEZ;REGIÃO NORDESTE;BAHIA;ÓLEO DIESEL S-1800;0
2019;JAN;REGIÃO SUDESTE;MINAS GERAIS;ÓLEO DIESEL S-1800;0
2019;FEV;REGIÃO SUDESTE;MINAS GERAIS;ÓLEO DIESEL S-1800;0
2019;MAR;REGIÃO SUDESTE;MINAS GERAIS;ÓLEO DIESEL S-1800;0
2019;ABR;REGIÃO SUDESTE;MINAS GERAIS;ÓLEO DIESEL S-1800;0
2019;MAI;REGIÃO SUDESTE;MINAS GERAIS;ÓLEO DIESEL S-1800;0
2019;JUN;REGIÃO SUDESTE;MINAS GERAIS;ÓLEO DIESEL S-1800;0
2019;JUL;REGIÃO SUDESTE;MINAS GERAIS;ÓLEO DIESEL S-1800;0
2019;AGO;REGIÃO SUDESTE;MINAS GERAIS;ÓLEO DIESEL S-1800;0
2019;SET;REGIÃO SUDESTE;MINAS GERAIS;ÓLEO DIESEL S-1800;0
2019;OUT;REGIÃO SUDESTE;MINAS GERAIS;ÓLEO DIESEL S-1800;0
2019;NOV;REGIÃO SUDESTE;MINAS GERAIS;ÓLEO DIESEL S-1800;0
2019;DEZ;REGIÃO SUDESTE;MINAS GERAIS;ÓLEO DIESEL S-1800;0
2019;JAN;REGIÃO SUDESTE;ESPÍRITO SANTO;ÓLEO DIESEL S-1800;0
2019;FEV;REGIÃO SUDESTE;ESPÍRITO SANTO;ÓLEO DIESEL S-1800;0
2019;MAR;REGIÃO SUDESTE;ESPÍRITO SANTO;ÓLEO DIESEL S-1800;0
2019;ABR;REGIÃO SUDESTE;ESPÍRITO SANTO;ÓLEO DIESEL S-1800;0
2019;MAI;REGIÃO SUDESTE;ESPÍRITO SANTO;ÓLEO DIESEL S-1800;0
2019;JUN;REGIÃO SUDESTE;ESPÍRITO SANTO;ÓLEO DIESEL S-1800;0
2019;JUL;REGIÃO SUDESTE;ESPÍRITO SANTO;ÓLEO DIESEL S-1800;0
2019;AGO;REGIÃO SUDESTE;ESPÍRITO SANTO;ÓLEO DIESEL S-1800;0
2019;SET;REGIÃO SUDESTE;ESPÍRITO SANTO;ÓLEO DIESEL S-1800;0
2019;OUT;REGIÃO SUDESTE;ESPÍRITO SANTO;ÓLEO DIESEL S-1800;0
2019;NOV;REGIÃO SUDESTE;ESPÍRITO SANTO;ÓLEO DIESEL S-1800;0
2019;DEZ;REGIÃO SUDESTE;ESPÍRITO SANTO;ÓLEO DIESEL S-1800;0
2019;JAN;REGIÃO SUDESTE;RIO DE JANEIRO;ÓLEO DIESEL S-1800;0
2019;FEV;REGIÃO SUDESTE;RIO DE JANEIRO;ÓLEO DIESEL S-1800;0
2019;MAR;REGIÃO SUDESTE;RIO DE JANEIRO;ÓLEO DIESEL S-1800;0
2019;ABR;REGIÃO SUDESTE;RIO DE JANEIRO;ÓLEO DIESEL S-1800;0
2019;MAI;REGIÃO SUDESTE;RIO DE JANEIRO;ÓLEO DIESEL S-1800;0
2019;JUN;REGIÃO SUDESTE;RIO DE JANEIRO;ÓLEO DIESEL S-1800;0
2019;JUL;REGIÃO SUDESTE;RIO DE JANEIRO;ÓLEO DIESEL S-1800;0
2019;AGO;REGIÃO SUDESTE;RIO DE JANEIRO;ÓLEO DIESEL S-1800;0
2019;SET;REGIÃO SUDESTE;RIO DE JANEIRO;ÓLEO DIESEL S-1800;0
2019;OUT;REGIÃO SUDESTE;RIO DE JANEIRO;ÓLEO DIESEL S-1800;0
2019;NOV;REGIÃO SUDESTE;RIO DE JANEIRO;ÓLEO DIESEL S-1800;0
2019;DEZ;REGIÃO SUDESTE;RIO DE JANEIRO;ÓLEO DIESEL S-1800;0
2019;JAN;REGIÃO SUDESTE;SÃO PAULO;ÓLEO DIESEL S-1800;0
2019;FEV;REGIÃO SUDESTE;SÃO PAULO;ÓLEO DIESEL S-1800;0
2019;MAR;REGIÃO SUDESTE;SÃO PAULO;ÓLEO DIESEL S-1800;0
2019;ABR;REGIÃO SUDESTE;SÃO PAULO;ÓLEO DIESEL S-1800;5
2019;MAI;REGIÃO SUDESTE;SÃO PAULO;ÓLEO DIESEL S-1800;0
2019;JUN;REGIÃO SUDESTE;SÃO PAULO;ÓLEO DIESEL S-1800;0
2019;JUL;REGIÃO SUDESTE;SÃO PAULO;ÓLEO DIESEL S-1800;0
2019;AGO;REGIÃO SUDESTE;SÃO PAULO;ÓLEO DIESEL S-1800;5
2019;SET;REGIÃO SUDESTE;SÃO PAULO;ÓLEO DIESEL S-1800;0
2019;OUT;REGIÃO SUDESTE;SÃO PAULO;ÓLEO DIESEL S-1800;0
2019;NOV;REGIÃO SUDESTE;SÃO PAULO;ÓLEO DIESEL S-1800;10
2019;DEZ;REGIÃO SUDESTE;SÃO PAULO;ÓLEO DIESEL S-1800;0
2019;JAN;REGIÃO SUL;PARANÁ;ÓLEO DIESEL S-1800;0
2019;FEV;REGIÃO SUL;PARANÁ;ÓLEO DIESEL S-1800;0
2019;MAR;REGIÃO SUL;PARANÁ;ÓLEO DIESEL S-1800;0
2019;ABR;REGIÃO SUL;PARANÁ;ÓLEO DIESEL S-1800;0
2019;MAI;REGIÃO SUL;PARANÁ;ÓLEO DIESEL S-1800;0
2019;JUN;REGIÃO SUL;PARANÁ;ÓLEO DIESEL S-1800;0
2019;JUL;REGIÃO SUL;PARANÁ;ÓLEO DIESEL S-1800;0
2019;AGO;REGIÃO SUL;PARANÁ;ÓLEO DIESEL S-1800;0
2019;SET;REGIÃO SUL;PARANÁ;ÓLEO DIESEL S-1800;0
2019;OUT;REGIÃO SUL;PARANÁ;ÓLEO DIESEL S-1800;0
2019;NOV;REGIÃO SUL;PARANÁ;ÓLEO DIESEL S-1800;0
2019;DEZ;REGIÃO SUL;PARANÁ;ÓLEO DIESEL S-1800;0
2019;JAN;REGIÃO SUL;SANTA CATARINA;ÓLEO DIESEL S-1800;0
2019;FEV;REGIÃO SUL;SANTA CATARINA;ÓLEO DIESEL S-1800;0
2019;MAR;REGIÃO SUL;SANTA CATARINA;ÓLEO DIESEL S-1800;0
2019;ABR;REGIÃO SUL;SANTA CATARINA;ÓLEO DIESEL S-1800;0
2019;MAI;REGIÃO SUL;SANTA CATARINA;ÓLEO DIESEL S-1800;0
2019;JUN;REGIÃO SUL;SANTA CATARINA;ÓLEO DIESEL S-1800;0
2019;JUL;REGIÃO SUL;SANTA CATARINA;ÓLEO DIESEL S-1800;0
2019;AGO;REGIÃO SUL;SANTA CATARINA;ÓLEO DIESEL S-1800;0
2019;SET;REGIÃO SUL;SANTA CATARINA;ÓLEO DIESEL S-1800;0
2019;OUT;REGIÃO SUL;SANTA CATARINA;ÓLEO DIESEL S-1800;0
2019;NOV;REGIÃO SUL;SANTA CATARINA;ÓLEO DIESEL S-1800;0
2019;DEZ;REGIÃO SUL;SANTA CATARINA;ÓLEO DIESEL S-1800;0
2019;JAN;REGIÃO SUL;RIO GRANDE DO SUL;ÓLEO DIESEL S-1800;0
2019;FEV;REGIÃO SUL;RIO GRANDE DO SUL;ÓLEO DIESEL S-1800;0
2019;MAR;REGIÃO SUL;RIO GRANDE DO SUL;ÓLEO DIESEL S-1800;0
2019;ABR;REGIÃO SUL;RIO GRANDE DO SUL;ÓLEO DIESEL S-1800;0
2019;MAI;REGIÃO SUL;RIO GRANDE DO SUL;ÓLEO DIESEL S-1800;0
2019;JUN;REGIÃO SUL;RIO GRANDE DO SUL;ÓLEO DIESEL S-1800;0
2019;JUL;REGIÃO SUL;RIO GRANDE DO SUL;ÓLEO DIESEL S-1800;0
2019;AGO;REGIÃO SUL;RIO GRANDE DO SUL;ÓLEO DIESEL S-1800;0
2019;SET;REGIÃO SUL;RIO GRANDE DO SUL;ÓLEO DIESEL S-1800;0
2019;OUT;REGIÃO SUL;RIO GRANDE DO SUL;ÓLEO DIESEL S-1800;0
2019;NOV;REGIÃO SUL;RIO GRANDE DO SUL;ÓLEO DIESEL S-1800;0
2019;DEZ;REGIÃO SUL;RIO GRANDE DO SUL;ÓLEO DIESEL S-1800;0
2019;JAN;REGIÃO CENTRO-OESTE;MATO GROSSO DO SUL;ÓLEO DIESEL S-1800;0
2019;FEV;REGIÃO CENTRO-OESTE;MATO GROSSO DO SUL;ÓLEO DIESEL S-1800;0
2019;MAR;REGIÃO CENTRO-OESTE;MATO GROSSO DO SUL;ÓLEO DIESEL S-1800;0
2019;ABR;REGIÃO CENTRO-OESTE;MATO GROSSO DO SUL;ÓLEO DIESEL S-1800;0
2019;MAI;REGIÃO CENTRO-OESTE;MATO GROSSO DO SUL;ÓLEO DIESEL S-1800;0
2019;JUN;REGIÃO CENTRO-OESTE;MATO GROSSO DO SUL;ÓLEO DIESEL S-1800;0
2019;JUL;REGIÃO CENTRO-OESTE;MATO GROSSO DO SUL;ÓLEO DIESEL S-1800;0
2019;AGO;REGIÃO CENTRO-OESTE;MATO GROSSO DO SUL;ÓLEO DIESEL S-1800;0
2019;SET;REGIÃO CENTRO-OESTE;MATO GROSSO DO SUL;ÓLEO DIESEL S-1800;0
2019;OUT;REGIÃO CENTRO-OESTE;MATO GROSSO DO SUL;ÓLEO DIESEL S-1800;0
2019;NOV;REGIÃO CENTRO-OESTE;MATO GROSSO DO SUL;ÓLEO DIESEL S-1800;0
2019;DEZ;REGIÃO CENTRO-OESTE;MATO GROSSO DO SUL;ÓLEO DIESEL S-1800;0
2019;JAN;REGIÃO CENTRO-OESTE;MATO GROSSO;ÓLEO DIESEL S-1800;65
2019;FEV;REGIÃO CENTRO-OESTE;MATO GROSSO;ÓLEO DIESEL S-1800;100
2019;MAR;REGIÃO CENTRO-OESTE;MATO GROSSO;ÓLEO DIESEL S-1800;108
2019;ABR;REGIÃO CENTRO-OESTE;MATO GROSSO;ÓLEO DIESEL S-1800;109
2019;MAI;REGIÃO CENTRO-OESTE;MATO GROSSO;ÓLEO DIESEL S-1800;102
2019;JUN;REGIÃO CENTRO-OESTE;MATO GROSSO;ÓLEO DIESEL S-1800;88
2019;JUL;REGIÃO CENTRO-OESTE;MATO GROSSO;ÓLEO DIESEL S-1800;191
2019;AGO;REGIÃO CENTRO-OESTE;MATO GROSSO;ÓLEO DIESEL S-1800;155
2019;SET;REGIÃO CENTRO-OESTE;MATO GROSSO;ÓLEO DIESEL S-1800;175
2019;OUT;REGIÃO CENTRO-OESTE;MATO GROSSO;ÓLEO DIESEL S-1800;149
2019;NOV;REGIÃO CENTRO-OESTE;MATO GROSSO;ÓLEO DIESEL S-1800;148
2019;DEZ;REGIÃO CENTRO-OESTE;MATO GROSSO;ÓLEO DIESEL S-1800;123
2019;JAN;REGIÃO CENTRO-OESTE;GOIÁS;ÓLEO DIESEL S-1800;0
2019;FEV;REGIÃO CENTRO-OESTE;GOIÁS;ÓLEO DIESEL S-1800;0
2019;MAR;REGIÃO CENTRO-OESTE;GOIÁS;ÓLEO DIESEL S-1800;0
2019;ABR;REGIÃO CENTRO-OESTE;GOIÁS;ÓLEO DIESEL S-1800;0
2019;MAI;REGIÃO CENTRO-OESTE;GOIÁS;ÓLEO DIESEL S-1800;0
2019;JUN;REGIÃO CENTRO-OESTE;GOIÁS;ÓLEO DIESEL S-1800;0
2019;JUL;REGIÃO CENTRO-OESTE;GOIÁS;ÓLEO DIESEL S-1800;0
2019;AGO;REGIÃO CENTRO-OESTE;GOIÁS;ÓLEO DIESEL S-1800;0
2019;SET;REGIÃO CENTRO-OESTE;GOIÁS;ÓLEO DIESEL S-1800;0
2019;OUT;REGIÃO CENTRO-OESTE;GOIÁS;ÓLEO DIESEL S-1800;0
2019;NOV;REGIÃO CENTRO-OESTE;GOIÁS;ÓLEO DIESEL S-1800;0
2019;DEZ;REGIÃO CENTRO-OESTE;GOIÁS;ÓLEO DIESEL S-1800;0
2019;JAN;REGIÃO CENTRO-OESTE;DISTRITO FEDERAL;ÓLEO DIESEL S-1800;0
2019;FEV;REGIÃO CENTRO-OESTE;DISTRITO FEDERAL;ÓLEO DIESEL S-1800;0
2019;MAR;REGIÃO CENTRO-OESTE;DISTRITO FEDERAL;ÓLEO DIESEL S-1800;0
2019;ABR;REGIÃO CENTRO-OESTE;DISTRITO FEDERAL;ÓLEO DIESEL S-1800;0
2019;MAI;REGIÃO CENTRO-OESTE;DISTRITO FEDERAL;ÓLEO DIESEL S-1800;0
2019;JUN;REGIÃO CENTRO-OESTE;DISTRITO FEDERAL;ÓLEO DIESEL S-1800;0
2019;JUL;REGIÃO CENTRO-OESTE;DISTRITO FEDERAL;ÓLEO DIESEL S-1800;0
2019;AGO;REGIÃO CENTRO-OESTE;DISTRITO FEDERAL;ÓLEO DIESEL S-1800;0
2019;SET;REGIÃO CENTRO-OESTE;DISTRITO FEDERAL;ÓLEO DIESEL S-1800;0
2019;OUT;REGIÃO CENTRO-OESTE;DISTRITO FEDERAL;ÓLEO DIESEL S-1800;0
2019;NOV;REGIÃO CENTRO-OESTE;DISTRITO FEDERAL;ÓLEO DIESEL S-1800;0
2019;DEZ;REGIÃO CENTRO-OESTE;DISTRITO FEDERAL;ÓLEO DIESEL S-1800;0
2019;JAN;REGIÃO NORTE;RONDÔNIA;ÓLEO DIESEL MARÍTIMO;637
2019;FEV;REGIÃO NORTE;RONDÔNIA;ÓLEO DIESEL MARÍTIMO;587,1
2019;MAR;REGIÃO NORTE;RONDÔNIA;ÓLEO DIESEL MARÍTIMO;1032,8
2019;ABR;REGIÃO NORTE;RONDÔNIA;ÓLEO DIESEL MARÍTIMO;1130,695
2019;MAI;REGIÃO NORTE;RONDÔNIA;ÓLEO DIESEL MARÍTIMO;1317,7
2019;JUN;REGIÃO NORTE;RONDÔNIA;ÓLEO DIESEL MARÍTIMO;1422,5
2019;JUL;REGIÃO NORTE;RONDÔNIA;ÓLEO DIESEL MARÍTIMO;2112,397
2019;AGO;REGIÃO NORTE;RONDÔNIA;ÓLEO DIESEL MARÍTIMO;2461,7
2019;SET;REGIÃO NORTE;RONDÔNIA;ÓLEO DIESEL MARÍTIMO;1919,9
2019;OUT;REGIÃO NORTE;RONDÔNIA;ÓLEO DIESEL MARÍTIMO;2413
2019;NOV;REGIÃO NORTE;RONDÔNIA;ÓLEO DIESEL MARÍTIMO;2156,9
2019;DEZ;REGIÃO NORTE;RONDÔNIA;ÓLEO DIESEL MARÍTIMO;1620,3
2019;JAN;REGIÃO NORTE;ACRE;ÓLEO DIESEL MARÍTIMO;87
2019;FEV;REGIÃO NORTE;ACRE;ÓLEO DIESEL MARÍTIMO;82
2019;MAR;REGIÃO NORTE;ACRE;ÓLEO DIESEL MARÍTIMO;79
2019;ABR;REGIÃO NORTE;ACRE;ÓLEO DIESEL MARÍTIMO;69
2019;MAI;REGIÃO NORTE;ACRE;ÓLEO DIESEL MARÍTIMO;66
2019;JUN;REGIÃO NORTE;ACRE;ÓLEO DIESEL MARÍTIMO;27
2019;JUL;REGIÃO NORTE;ACRE;ÓLEO DIESEL MARÍTIMO;82
2019;AGO;REGIÃO NORTE;ACRE;ÓLEO DIESEL MARÍTIMO;66
2019;SET;REGIÃO NORTE;ACRE;ÓLEO DIESEL MARÍTIMO;55
2019;OUT;REGIÃO NORTE;ACRE;ÓLEO DIESEL MARÍTIMO;81
2019;NOV;REGIÃO NORTE;ACRE;ÓLEO DIESEL MARÍTIMO;45
2019;DEZ;REGIÃO NORTE;ACRE;ÓLEO DIESEL MARÍTIMO;125
2019;JAN;REGIÃO NORTE;AMAZONAS;ÓLEO DIESEL MARÍTIMO;12060,551
2019;FEV;REGIÃO NORTE;AMAZONAS;ÓLEO DIESEL MARÍTIMO;10597,909
2019;MAR;REGIÃO NORTE;AMAZONAS;ÓLEO DIESEL MARÍTIMO;11153,458
2019;ABR;REGIÃO NORTE;AMAZONAS;ÓLEO DIESEL MARÍTIMO;11907,913
2019;MAI;REGIÃO NORTE;AMAZONAS;ÓLEO DIESEL MARÍTIMO;12234,122
2019;JUN;REGIÃO NORTE;AMAZONAS;ÓLEO DIESEL MARÍTIMO;11482,769
2019;JUL;REGIÃO NORTE;AMAZONAS;ÓLEO DIESEL MARÍTIMO;12918,364
2019;AGO;REGIÃO NORTE;AMAZONAS;ÓLEO DIESEL MARÍTIMO;14631,936
2019;SET;REGIÃO NORTE;AMAZONAS;ÓLEO DIESEL MARÍTIMO;12705,977
2019;OUT;REGIÃO NORTE;AMAZONAS;ÓLEO DIESEL MARÍTIMO;13755
2019;NOV;REGIÃO NORTE;AMAZONAS;ÓLEO DIESEL MARÍTIMO;12481,854
2019;DEZ;REGIÃO NORTE;AMAZONAS;ÓLEO DIESEL MARÍTIMO;12770,571
2019;JAN;REGIÃO NORTE;RORAIMA;ÓLEO DIESEL MARÍTIMO;0
2019;FEV;REGIÃO NORTE;RORAIMA;ÓLEO DIESEL MARÍTIMO;0
2019;MAR;REGIÃO NORTE;RORAIMA;ÓLEO DIESEL MARÍTIMO;0
2019;ABR;REGIÃO NORTE;RORAIMA;ÓLEO DIESEL MARÍTIMO;0
2019;MAI;REGIÃO NORTE;RORAIMA;ÓLEO DIESEL MARÍTIMO;0
2019;JUN;REGIÃO NORTE;RORAIMA;ÓLEO DIESEL MARÍTIMO;0
2019;JUL;REGIÃO NORTE;RORAIMA;ÓLEO DIESEL MARÍTIMO;0
2019;AGO;REGIÃO NORTE;RORAIMA;ÓLEO DIESEL MARÍTIMO;0
2019;SET;REGIÃO NORTE;RORAIMA;ÓLEO DIESEL MARÍTIMO;0
2019;OUT;REGIÃO NORTE;RORAIMA;ÓLEO DIESEL MARÍTIMO;0
2019;NOV;REGIÃO NORTE;RORAIMA;ÓLEO DIESEL MARÍTIMO;0
2019;DEZ;REGIÃO NORTE;RORAIMA;ÓLEO DIESEL MARÍTIMO;0
2019;JAN;REGIÃO NORTE;PARÁ;ÓLEO DIESEL MARÍTIMO;10489,394
2019;FEV;REGIÃO NORTE;PARÁ;ÓLEO DIESEL MARÍTIMO;10660,433
2019;MAR;REGIÃO NORTE;PARÁ;ÓLEO DIESEL MARÍTIMO;10300,534
2019;ABR;REGIÃO NORTE;PARÁ;ÓLEO DIESEL MARÍTIMO;11391,497
2019;MAI;REGIÃO NORTE;PARÁ;ÓLEO DIESEL MARÍTIMO;11398,334
2019;JUN;REGIÃO NORTE;PARÁ;ÓLEO DIESEL MARÍTIMO;11181,393
2019;JUL;REGIÃO NORTE;PARÁ;ÓLEO DIESEL MARÍTIMO;12926,908
2019;AGO;REGIÃO NORTE;PARÁ;ÓLEO DIESEL MARÍTIMO;11841,779
2019;SET;REGIÃO NORTE;PARÁ;ÓLEO DIESEL MARÍTIMO;9624,854
2019;OUT;REGIÃO NORTE;PARÁ;ÓLEO DIESEL MARÍTIMO;12891,884
2019;NOV;REGIÃO NORTE;PARÁ;ÓLEO DIESEL MARÍTIMO;13079,717
2019;DEZ;REGIÃO NORTE;PARÁ;ÓLEO DIESEL MARÍTIMO;12098,207
2019;JAN;REGIÃO NORTE;AMAPÁ;ÓLEO DIESEL MARÍTIMO;130
2019;FEV;REGIÃO NORTE;AMAPÁ;ÓLEO DIESEL MARÍTIMO;123
2019;MAR;REGIÃO NORTE;AMAPÁ;ÓLEO DIESEL MARÍTIMO;140
2019;ABR;REGIÃO NORTE;AMAPÁ;ÓLEO DIESEL MARÍTIMO;61
2019;MAI;REGIÃO NORTE;AMAPÁ;ÓLEO DIESEL MARÍTIMO;60
2019;JUN;REGIÃO NORTE;AMAPÁ;ÓLEO DIESEL MARÍTIMO;109
2019;JUL;REGIÃO NORTE;AMAPÁ;ÓLEO DIESEL MARÍTIMO;170
2019;AGO;REGIÃO NORTE;AMAPÁ;ÓLEO DIESEL MARÍTIMO;274
2019;SET;REGIÃO NORTE;AMAPÁ;ÓLEO DIESEL MARÍTIMO;100
2019;OUT;REGIÃO NORTE;AMAPÁ;ÓLEO DIESEL MARÍTIMO;127
2019;NOV;REGIÃO NORTE;AMAPÁ;ÓLEO DIESEL MARÍTIMO;205
2019;DEZ;REGIÃO NORTE;AMAPÁ;ÓLEO DIESEL MARÍTIMO;150
2019;JAN;REGIÃO NORTE;TOCANTINS;ÓLEO DIESEL MARÍTIMO;0
2019;FEV;REGIÃO NORTE;TOCANTINS;ÓLEO DIESEL MARÍTIMO;0
2019;MAR;REGIÃO NORTE;TOCANTINS;ÓLEO DIESEL MARÍTIMO;0
2019;ABR;REGIÃO NORTE;TOCANTINS;ÓLEO DIESEL MARÍTIMO;0
2019;MAI;REGIÃO NORTE;TOCANTINS;ÓLEO DIESEL MARÍTIMO;0
2019;JUN;REGIÃO NORTE;TOCANTINS;ÓLEO DIESEL MARÍTIMO;0
2019;JUL;REGIÃO NORTE;TOCANTINS;ÓLEO DIESEL MARÍTIMO;0
2019;AGO;REGIÃO NORTE;TOCANTINS;ÓLEO DIESEL MARÍTIMO;0
2019;SET;REGIÃO NORTE;TOCANTINS;ÓLEO DIESEL MARÍTIMO;0
2019;OUT;REGIÃO NORTE;TOCANTINS;ÓLEO DIESEL MARÍTIMO;0
2019;NOV;REGIÃO NORTE;TOCANTINS;ÓLEO DIESEL MARÍTIMO;0
2019;DEZ;REGIÃO NORTE;TOCANTINS;ÓLEO DIESEL MARÍTIMO;0
2019;JAN;REGIÃO NORDESTE;MARANHÃO;ÓLEO DIESEL MARÍTIMO;830
2019;FEV;REGIÃO NORDESTE;MARANHÃO;ÓLEO DIESEL MARÍTIMO;1035
2019;MAR;REGIÃO NORDESTE;MARANHÃO;ÓLEO DIESEL MARÍTIMO;570
2019;ABR;REGIÃO NORDESTE;MARANHÃO;ÓLEO DIESEL MARÍTIMO;720
2019;MAI;REGIÃO NORDESTE;MARANHÃO;ÓLEO DIESEL MARÍTIMO;775
2019;JUN;REGIÃO NORDESTE;MARANHÃO;ÓLEO DIESEL MARÍTIMO;630
2019;JUL;REGIÃO NORDESTE;MARANHÃO;ÓLEO DIESEL MARÍTIMO;975
2019;AGO;REGIÃO NORDESTE;MARANHÃO;ÓLEO DIESEL MARÍTIMO;930
2019;SET;REGIÃO NORDESTE;MARANHÃO;ÓLEO DIESEL MARÍTIMO;975
2019;OUT;REGIÃO NORDESTE;MARANHÃO;ÓLEO DIESEL MARÍTIMO;690
2019;NOV;REGIÃO NORDESTE;MARANHÃO;ÓLEO DIESEL MARÍTIMO;860
2019;DEZ;REGIÃO NORDESTE;MARANHÃO;ÓLEO DIESEL MARÍTIMO;900
2019;JAN;REGIÃO NORDESTE;PIAUÍ;ÓLEO DIESEL MARÍTIMO;0
2019;FEV;REGIÃO NORDESTE;PIAUÍ;ÓLEO DIESEL MARÍTIMO;95
2019;MAR;REGIÃO NORDESTE;PIAUÍ;ÓLEO DIESEL MARÍTIMO;115
2019;ABR;REGIÃO NORDESTE;PIAUÍ;ÓLEO DIESEL MARÍTIMO;165
2019;MAI;REGIÃO NORDESTE;PIAUÍ;ÓLEO DIESEL MARÍTIMO;195
2019;JUN;REGIÃO NORDESTE;PIAUÍ;ÓLEO DIESEL MARÍTIMO;165
2019;JUL;REGIÃO NORDESTE;PIAUÍ;ÓLEO DIESEL MARÍTIMO;140
2019;AGO;REGIÃO NORDESTE;PIAUÍ;ÓLEO DIESEL MARÍTIMO;265
2019;SET;REGIÃO NORDESTE;PIAUÍ;ÓLEO DIESEL MARÍTIMO;195
2019;OUT;REGIÃO NORDESTE;PIAUÍ;ÓLEO DIESEL MARÍTIMO;235
2019;NOV;REGIÃO NORDESTE;PIAUÍ;ÓLEO DIESEL MARÍTIMO;75
2019;DEZ;REGIÃO NORDESTE;PIAUÍ;ÓLEO DIESEL MARÍTIMO;235
2019;JAN;REGIÃO NORDESTE;CEARÁ;ÓLEO DIESEL MARÍTIMO;685
2019;FEV;REGIÃO NORDESTE;CEARÁ;ÓLEO DIESEL MARÍTIMO;1045
2019;MAR;REGIÃO NORDESTE;CEARÁ;ÓLEO DIESEL MARÍTIMO;630
2019;ABR;REGIÃO NORDESTE;CEARÁ;ÓLEO DIESEL MARÍTIMO;915
2019;MAI;REGIÃO NORDESTE;CEARÁ;ÓLEO DIESEL MARÍTIMO;985
2019;JUN;REGIÃO NORDESTE;CEARÁ;ÓLEO DIESEL MARÍTIMO;1110
2019;JUL;REGIÃO NORDESTE;CEARÁ;ÓLEO DIESEL MARÍTIMO;900
2019;AGO;REGIÃO NORDESTE;CEARÁ;ÓLEO DIESEL MARÍTIMO;1205
2019;SET;REGIÃO NORDESTE;CEARÁ;ÓLEO DIESEL MARÍTIMO;930
2019;OUT;REGIÃO NORDESTE;CEARÁ;ÓLEO DIESEL MARÍTIMO;1115
2019;NOV;REGIÃO NORDESTE;CEARÁ;ÓLEO DIESEL MARÍTIMO;1010
2019;DEZ;REGIÃO NORDESTE;CEARÁ;ÓLEO DIESEL MARÍTIMO;840
2019;JAN;REGIÃO NORDESTE;RIO GRANDE DO NORTE;ÓLEO DIESEL MARÍTIMO;565
2019;FEV;REGIÃO NORDESTE;RIO GRANDE DO NORTE;ÓLEO DIESEL MARÍTIMO;400
2019;MAR;REGIÃO NORDESTE;RIO GRANDE DO NORTE;ÓLEO DIESEL MARÍTIMO;335
2019;ABR;REGIÃO NORDESTE;RIO GRANDE DO NORTE;ÓLEO DIESEL MARÍTIMO;725
2019;MAI;REGIÃO NORDESTE;RIO GRANDE DO NORTE;ÓLEO DIESEL MARÍTIMO;779
2019;JUN;REGIÃO NORDESTE;RIO GRANDE DO NORTE;ÓLEO DIESEL MARÍTIMO;566
2019;JUL;REGIÃO NORDESTE;RIO GRANDE DO NORTE;ÓLEO DIESEL MARÍTIMO;560
2019;AGO;REGIÃO NORDESTE;RIO GRANDE DO NORTE;ÓLEO DIESEL MARÍTIMO;941
2019;SET;REGIÃO NORDESTE;RIO GRANDE DO NORTE;ÓLEO DIESEL MARÍTIMO;635
2019;OUT;REGIÃO NORDESTE;RIO GRANDE DO NORTE;ÓLEO DIESEL MARÍTIMO;630
2019;NOV;REGIÃO NORDESTE;RIO GRANDE DO NORTE;ÓLEO DIESEL MARÍTIMO;630
2019;DEZ;REGIÃO NORDESTE;RIO GRANDE DO NORTE;ÓLEO DIESEL MARÍTIMO;755
2019;JAN;REGIÃO NORDESTE;PARAÍBA;ÓLEO DIESEL MARÍTIMO;0
2019;FEV;REGIÃO NORDESTE;PARAÍBA;ÓLEO DIESEL MARÍTIMO;0
2019;MAR;REGIÃO NORDESTE;PARAÍBA;ÓLEO DIESEL MARÍTIMO;0
2019;ABR;REGIÃO NORDESTE;PARAÍBA;ÓLEO DIESEL MARÍTIMO;0
2019;MAI;REGIÃO NORDESTE;PARAÍBA;ÓLEO DIESEL MARÍTIMO;40
2019;JUN;REGIÃO NORDESTE;PARAÍBA;ÓLEO DIESEL MARÍTIMO;0
2019;JUL;REGIÃO NORDESTE;PARAÍBA;ÓLEO DIESEL MARÍTIMO;0
2019;AGO;REGIÃO NORDESTE;PARAÍBA;ÓLEO DIESEL MARÍTIMO;25
2019;SET;REGIÃO NORDESTE;PARAÍBA;ÓLEO DIESEL MARÍTIMO;0
2019;OUT;REGIÃO NORDESTE;PARAÍBA;ÓLEO DIESEL MARÍTIMO;45
2019;NOV;REGIÃO NORDESTE;PARAÍBA;ÓLEO DIESEL MARÍTIMO;200
2019;DEZ;REGIÃO NORDESTE;PARAÍBA;ÓLEO DIESEL MARÍTIMO;0
2019;JAN;REGIÃO NORDESTE;PERNAMBUCO;ÓLEO DIESEL MARÍTIMO;605
2019;FEV;REGIÃO NORDESTE;PERNAMBUCO;ÓLEO DIESEL MARÍTIMO;133
2019;MAR;REGIÃO NORDESTE;PERNAMBUCO;ÓLEO DIESEL MARÍTIMO;290
2019;ABR;REGIÃO NORDESTE;PERNAMBUCO;ÓLEO DIESEL MARÍTIMO;385
2019;MAI;REGIÃO NORDESTE;PERNAMBUCO;ÓLEO DIESEL MARÍTIMO;150
2019;JUN;REGIÃO NORDESTE;PERNAMBUCO;ÓLEO DIESEL MARÍTIMO;771
2019;JUL;REGIÃO NORDESTE;PERNAMBUCO;ÓLEO DIESEL MARÍTIMO;237
2019;AGO;REGIÃO NORDESTE;PERNAMBUCO;ÓLEO DIESEL MARÍTIMO;83
2019;SET;REGIÃO NORDESTE;PERNAMBUCO;ÓLEO DIESEL MARÍTIMO;205
2019;OUT;REGIÃO NORDESTE;PERNAMBUCO;ÓLEO DIESEL MARÍTIMO;245
2019;NOV;REGIÃO NORDESTE;PERNAMBUCO;ÓLEO DIESEL MARÍTIMO;1441
2019;DEZ;REGIÃO NORDESTE;PERNAMBUCO;ÓLEO DIESEL MARÍTIMO;723
2019;JAN;REGIÃO NORDESTE;ALAGOAS;ÓLEO DIESEL MARÍTIMO;0
2019;FEV;REGIÃO NORDESTE;ALAGOAS;ÓLEO DIESEL MARÍTIMO;120
2019;MAR;REGIÃO NORDESTE;ALAGOAS;ÓLEO DIESEL MARÍTIMO;220
2019;ABR;REGIÃO NORDESTE;ALAGOAS;ÓLEO DIESEL MARÍTIMO;510
2019;MAI;REGIÃO NORDESTE;ALAGOAS;ÓLEO DIESEL MARÍTIMO;40
2019;JUN;REGIÃO NORDESTE;ALAGOAS;ÓLEO DIESEL MARÍTIMO;240
2019;JUL;REGIÃO NORDESTE;ALAGOAS;ÓLEO DIESEL MARÍTIMO;275
2019;AGO;REGIÃO NORDESTE;ALAGOAS;ÓLEO DIESEL MARÍTIMO;240
2019;SET;REGIÃO NORDESTE;ALAGOAS;ÓLEO DIESEL MARÍTIMO;240
2019;OUT;REGIÃO NORDESTE;ALAGOAS;ÓLEO DIESEL MARÍTIMO;835
2019;NOV;REGIÃO NORDESTE;ALAGOAS;ÓLEO DIESEL MARÍTIMO;461
2019;DEZ;REGIÃO NORDESTE;ALAGOAS;ÓLEO DIESEL MARÍTIMO;0
2019;JAN;REGIÃO NORDESTE;SERGIPE;ÓLEO DIESEL MARÍTIMO;35
2019;FEV;REGIÃO NORDESTE;SERGIPE;ÓLEO DIESEL MARÍTIMO;15
2019;MAR;REGIÃO NORDESTE;SERGIPE;ÓLEO DIESEL MARÍTIMO;5
2019;ABR;REGIÃO NORDESTE;SERGIPE;ÓLEO DIESEL MARÍTIMO;15
2019;MAI;REGIÃO NORDESTE;SERGIPE;ÓLEO DIESEL MARÍTIMO;150
2019;JUN;REGIÃO NORDESTE;SERGIPE;ÓLEO DIESEL MARÍTIMO;110
2019;JUL;REGIÃO NORDESTE;SERGIPE;ÓLEO DIESEL MARÍTIMO;80
2019;AGO;REGIÃO NORDESTE;SERGIPE;ÓLEO DIESEL MARÍTIMO;0
2019;SET;REGIÃO NORDESTE;SERGIPE;ÓLEO DIESEL MARÍTIMO;-5
2019;OUT;REGIÃO NORDESTE;SERGIPE;ÓLEO DIESEL MARÍTIMO;181
2019;NOV;REGIÃO NORDESTE;SERGIPE;ÓLEO DIESEL MARÍTIMO;90
2019;DEZ;REGIÃO NORDESTE;SERGIPE;ÓLEO DIESEL MARÍTIMO;85
2019;JAN;REGIÃO NORDESTE;BAHIA;ÓLEO DIESEL MARÍTIMO;1550,956
2019;FEV;REGIÃO NORDESTE;BAHIA;ÓLEO DIESEL MARÍTIMO;1170,946
2019;MAR;REGIÃO NORDESTE;BAHIA;ÓLEO DIESEL MARÍTIMO;948
2019;ABR;REGIÃO NORDESTE;BAHIA;ÓLEO DIESEL MARÍTIMO;770
2019;MAI;REGIÃO NORDESTE;BAHIA;ÓLEO DIESEL MARÍTIMO;745
2019;JUN;REGIÃO NORDESTE;BAHIA;ÓLEO DIESEL MARÍTIMO;950
2019;JUL;REGIÃO NORDESTE;BAHIA;ÓLEO DIESEL MARÍTIMO;808
2019;AGO;REGIÃO NORDESTE;BAHIA;ÓLEO DIESEL MARÍTIMO;1001
2019;SET;REGIÃO NORDESTE;BAHIA;ÓLEO DIESEL MARÍTIMO;1036
2019;OUT;REGIÃO NORDESTE;BAHIA;ÓLEO DIESEL MARÍTIMO;1085
2019;NOV;REGIÃO NORDESTE;BAHIA;ÓLEO DIESEL MARÍTIMO;1748
2019;DEZ;REGIÃO NORDESTE;BAHIA;ÓLEO DIESEL MARÍTIMO;1374
2019;JAN;REGIÃO SUDESTE;MINAS GERAIS;ÓLEO DIESEL MARÍTIMO;0
2019;FEV;REGIÃO SUDESTE;MINAS GERAIS;ÓLEO DIESEL MARÍTIMO;0
2019;MAR;REGIÃO SUDESTE;MINAS GERAIS;ÓLEO DIESEL MARÍTIMO;0
2019;ABR;REGIÃO SUDESTE;MINAS GERAIS;ÓLEO DIESEL MARÍTIMO;0
2019;MAI;REGIÃO SUDESTE;MINAS GERAIS;ÓLEO DIESEL MARÍTIMO;0
2019;JUN;REGIÃO SUDESTE;MINAS GERAIS;ÓLEO DIESEL MARÍTIMO;25
2019;JUL;REGIÃO SUDESTE;MINAS GERAIS;ÓLEO DIESEL MARÍTIMO;0
2019;AGO;REGIÃO SUDESTE;MINAS GERAIS;ÓLEO DIESEL MARÍTIMO;0
2019;SET;REGIÃO SUDESTE;MINAS GERAIS;ÓLEO DIESEL MARÍTIMO;0
2019;OUT;REGIÃO SUDESTE;MINAS GERAIS;ÓLEO DIESEL MARÍTIMO;0
2019;NOV;REGIÃO SUDESTE;MINAS GERAIS;ÓLEO DIESEL MARÍTIMO;20
2019;DEZ;REGIÃO SUDESTE;MINAS GERAIS;ÓLEO DIESEL MARÍTIMO;0
2019;JAN;REGIÃO SUDESTE;ESPÍRITO SANTO;ÓLEO DIESEL MARÍTIMO;3193,403
2019;FEV;REGIÃO SUDESTE;ESPÍRITO SANTO;ÓLEO DIESEL MARÍTIMO;3070
2019;MAR;REGIÃO SUDESTE;ESPÍRITO SANTO;ÓLEO DIESEL MARÍTIMO;2115,314
2019;ABR;REGIÃO SUDESTE;ESPÍRITO SANTO;ÓLEO DIESEL MARÍTIMO;2366,2
2019;MAI;REGIÃO SUDESTE;ESPÍRITO SANTO;ÓLEO DIESEL MARÍTIMO;2647,046
2019;JUN;REGIÃO SUDESTE;ESPÍRITO SANTO;ÓLEO DIESEL MARÍTIMO;2432,286
2019;JUL;REGIÃO SUDESTE;ESPÍRITO SANTO;ÓLEO DIESEL MARÍTIMO;3165
2019;AGO;REGIÃO SUDESTE;ESPÍRITO SANTO;ÓLEO DIESEL MARÍTIMO;2608,592
2019;SET;REGIÃO SUDESTE;ESPÍRITO SANTO;ÓLEO DIESEL MARÍTIMO;2955,119
2019;OUT;REGIÃO SUDESTE;ESPÍRITO SANTO;ÓLEO DIESEL MARÍTIMO;1721
2019;NOV;REGIÃO SUDESTE;ESPÍRITO SANTO;ÓLEO DIESEL MARÍTIMO;2565,634
2019;DEZ;REGIÃO SUDESTE;ESPÍRITO SANTO;ÓLEO DIESEL MARÍTIMO;2081,534
2019;JAN;REGIÃO SUDESTE;RIO DE JANEIRO;ÓLEO DIESEL MARÍTIMO;14964,417
2019;FEV;REGIÃO SUDESTE;RIO DE JANEIRO;ÓLEO DIESEL MARÍTIMO;17645,352
2019;MAR;REGIÃO SUDESTE;RIO DE JANEIRO;ÓLEO DIESEL MARÍTIMO;17686,941
2019;ABR;REGIÃO SUDESTE;RIO DE JANEIRO;ÓLEO DIESEL MARÍTIMO;16371,523
2019;MAI;REGIÃO SUDESTE;RIO DE JANEIRO;ÓLEO DIESEL MARÍTIMO;24642,684
2019;JUN;REGIÃO SUDESTE;RIO DE JANEIRO;ÓLEO DIESEL MARÍTIMO;20689,149
2019;JUL;REGIÃO SUDESTE;RIO DE JANEIRO;ÓLEO DIESEL MARÍTIMO;21793,44
2019;AGO;REGIÃO SUDESTE;RIO DE JANEIRO;ÓLEO DIESEL MARÍTIMO;18727,8
2019;SET;REGIÃO SUDESTE;RIO DE JANEIRO;ÓLEO DIESEL MARÍTIMO;19868,657
2019;OUT;REGIÃO SUDESTE;RIO DE JANEIRO;ÓLEO DIESEL MARÍTIMO;24736,311
2019;NOV;REGIÃO SUDESTE;RIO DE JANEIRO;ÓLEO DIESEL MARÍTIMO;19509,359
2019;DEZ;REGIÃO SUDESTE;RIO DE JANEIRO;ÓLEO DIESEL MARÍTIMO;27283,714
2019;JAN;REGIÃO SUDESTE;SÃO PAULO;ÓLEO DIESEL MARÍTIMO;3055,086
2019;FEV;REGIÃO SUDESTE;SÃO PAULO;ÓLEO DIESEL MARÍTIMO;2532,895
2019;MAR;REGIÃO SUDESTE;SÃO PAULO;ÓLEO DIESEL MARÍTIMO;3068,446
2019;ABR;REGIÃO SUDESTE;SÃO PAULO;ÓLEO DIESEL MARÍTIMO;2190
2019;MAI;REGIÃO SUDESTE;SÃO PAULO;ÓLEO DIESEL MARÍTIMO;3558,518
2019;JUN;REGIÃO SUDESTE;SÃO PAULO;ÓLEO DIESEL MARÍTIMO;3361,575
2019;JUL;REGIÃO SUDESTE;SÃO PAULO;ÓLEO DIESEL MARÍTIMO;3347,075
2019;AGO;REGIÃO SUDESTE;SÃO PAULO;ÓLEO DIESEL MARÍTIMO;4236,23
2019;SET;REGIÃO SUDESTE;SÃO PAULO;ÓLEO DIESEL MARÍTIMO;2770,5
2019;OUT;REGIÃO SUDESTE;SÃO PAULO;ÓLEO DIESEL MARÍTIMO;2942,3
2019;NOV;REGIÃO SUDESTE;SÃO PAULO;ÓLEO DIESEL MARÍTIMO;2287
2019;DEZ;REGIÃO SUDESTE;SÃO PAULO;ÓLEO DIESEL MARÍTIMO;2580,5
2019;JAN;REGIÃO SUL;PARANÁ;ÓLEO DIESEL MARÍTIMO;906,5
2019;FEV;REGIÃO SUL;PARANÁ;ÓLEO DIESEL MARÍTIMO;473
2019;MAR;REGIÃO SUL;PARANÁ;ÓLEO DIESEL MARÍTIMO;343,344
2019;ABR;REGIÃO SUL;PARANÁ;ÓLEO DIESEL MARÍTIMO;425
2019;MAI;REGIÃO SUL;PARANÁ;ÓLEO DIESEL MARÍTIMO;310,5
2019;JUN;REGIÃO SUL;PARANÁ;ÓLEO DIESEL MARÍTIMO;648,314
2019;JUL;REGIÃO SUL;PARANÁ;ÓLEO DIESEL MARÍTIMO;534
2019;AGO;REGIÃO SUL;PARANÁ;ÓLEO DIESEL MARÍTIMO;1185,966
2019;SET;REGIÃO SUL;PARANÁ;ÓLEO DIESEL MARÍTIMO;1163,171
2019;OUT;REGIÃO SUL;PARANÁ;ÓLEO DIESEL MARÍTIMO;869,195
2019;NOV;REGIÃO SUL;PARANÁ;ÓLEO DIESEL MARÍTIMO;1076,001
2019;DEZ;REGIÃO SUL;PARANÁ;ÓLEO DIESEL MARÍTIMO;1304,869
2019;JAN;REGIÃO SUL;SANTA CATARINA;ÓLEO DIESEL MARÍTIMO;3416,923
2019;FEV;REGIÃO SUL;SANTA CATARINA;ÓLEO DIESEL MARÍTIMO;4555,706
2019;MAR;REGIÃO SUL;SANTA CATARINA;ÓLEO DIESEL MARÍTIMO;4262,509
2019;ABR;REGIÃO SUL;SANTA CATARINA;ÓLEO DIESEL MARÍTIMO;3914,57
2019;MAI;REGIÃO SUL;SANTA CATARINA;ÓLEO DIESEL MARÍTIMO;5234,622
2019;JUN;REGIÃO SUL;SANTA CATARINA;ÓLEO DIESEL MARÍTIMO;3709,163
2019;JUL;REGIÃO SUL;SANTA CATARINA;ÓLEO DIESEL MARÍTIMO;4631,125
2019;AGO;REGIÃO SUL;SANTA CATARINA;ÓLEO DIESEL MARÍTIMO;4555,408
2019;SET;REGIÃO SUL;SANTA CATARINA;ÓLEO DIESEL MARÍTIMO;4167,388
2019;OUT;REGIÃO SUL;SANTA CATARINA;ÓLEO DIESEL MARÍTIMO;4870,339
2019;NOV;REGIÃO SUL;SANTA CATARINA;ÓLEO DIESEL MARÍTIMO;3886,635
2019;DEZ;REGIÃO SUL;SANTA CATARINA;ÓLEO DIESEL MARÍTIMO;6068,493
2019;JAN;REGIÃO SUL;RIO GRANDE DO SUL;ÓLEO DIESEL MARÍTIMO;2468
2019;FEV;REGIÃO SUL;RIO GRANDE DO SUL;ÓLEO DIESEL MARÍTIMO;2529
2019;MAR;REGIÃO SUL;RIO GRANDE DO SUL;ÓLEO DIESEL MARÍTIMO;2134
2019;ABR;REGIÃO SUL;RIO GRANDE DO SUL;ÓLEO DIESEL MARÍTIMO;2536
2019;MAI;REGIÃO SUL;RIO GRANDE DO SUL;ÓLEO DIESEL MARÍTIMO;2342
2019;JUN;REGIÃO SUL;RIO GRANDE DO SUL;ÓLEO DIESEL MARÍTIMO;1982,5
2019;JUL;REGIÃO SUL;RIO GRANDE DO SUL;ÓLEO DIESEL MARÍTIMO;2048
2019;AGO;REGIÃO SUL;RIO GRANDE DO SUL;ÓLEO DIESEL MARÍTIMO;2215,5
2019;SET;REGIÃO SUL;RIO GRANDE DO SUL;ÓLEO DIESEL MARÍTIMO;1967
2019;OUT;REGIÃO SUL;RIO GRANDE DO SUL;ÓLEO DIESEL MARÍTIMO;2407
2019;NOV;REGIÃO SUL;RIO GRANDE DO SUL;ÓLEO DIESEL MARÍTIMO;2949
2019;DEZ;REGIÃO SUL;RIO GRANDE DO SUL;ÓLEO DIESEL MARÍTIMO;1910
2019;JAN;REGIÃO CENTRO-OESTE;MATO GROSSO DO SUL;ÓLEO DIESEL MARÍTIMO;373
2019;FEV;REGIÃO CENTRO-OESTE;MATO GROSSO DO SUL;ÓLEO DIESEL MARÍTIMO;222
2019;MAR;REGIÃO CENTRO-OESTE;MATO GROSSO DO SUL;ÓLEO DIESEL MARÍTIMO;174
2019;ABR;REGIÃO CENTRO-OESTE;MATO GROSSO DO SUL;ÓLEO DIESEL MARÍTIMO;337
2019;MAI;REGIÃO CENTRO-OESTE;MATO GROSSO DO SUL;ÓLEO DIESEL MARÍTIMO;332
2019;JUN;REGIÃO CENTRO-OESTE;MATO GROSSO DO SUL;ÓLEO DIESEL MARÍTIMO;338
2019;JUL;REGIÃO CENTRO-OESTE;MATO GROSSO DO SUL;ÓLEO DIESEL MARÍTIMO;447
2019;AGO;REGIÃO CENTRO-OESTE;MATO GROSSO DO SUL;ÓLEO DIESEL MARÍTIMO;390
2019;SET;REGIÃO CENTRO-OESTE;MATO GROSSO DO SUL;ÓLEO DIESEL MARÍTIMO;355
2019;OUT;REGIÃO CENTRO-OESTE;MATO GROSSO DO SUL;ÓLEO DIESEL MARÍTIMO;384
2019;NOV;REGIÃO CENTRO-OESTE;MATO GROSSO DO SUL;ÓLEO DIESEL MARÍTIMO;208
2019;DEZ;REGIÃO CENTRO-OESTE;MATO GROSSO DO SUL;ÓLEO DIESEL MARÍTIMO;230
2019;JAN;REGIÃO CENTRO-OESTE;MATO GROSSO;ÓLEO DIESEL MARÍTIMO;0
2019;FEV;REGIÃO CENTRO-OESTE;MATO GROSSO;ÓLEO DIESEL MARÍTIMO;0
2019;MAR;REGIÃO CENTRO-OESTE;MATO GROSSO;ÓLEO DIESEL MARÍTIMO;0
2019;ABR;REGIÃO CENTRO-OESTE;MATO GROSSO;ÓLEO DIESEL MARÍTIMO;0
2019;MAI;REGIÃO CENTRO-OESTE;MATO GROSSO;ÓLEO DIESEL MARÍTIMO;0
2019;JUN;REGIÃO CENTRO-OESTE;MATO GROSSO;ÓLEO DIESEL MARÍTIMO;0
2019;JUL;REGIÃO CENTRO-OESTE;MATO GROSSO;ÓLEO DIESEL MARÍTIMO;0
2019;AGO;REGIÃO CENTRO-OESTE;MATO GROSSO;ÓLEO DIESEL MARÍTIMO;0
2019;SET;REGIÃO CENTRO-OESTE;MATO GROSSO;ÓLEO DIESEL MARÍTIMO;0
2019;OUT;REGIÃO CENTRO-OESTE;MATO GROSSO;ÓLEO DIESEL MARÍTIMO;0
2019;NOV;REGIÃO CENTRO-OESTE;MATO GROSSO;ÓLEO DIESEL MARÍTIMO;0
2019;DEZ;REGIÃO CENTRO-OESTE;MATO GROSSO;ÓLEO DIESEL MARÍTIMO;0
2019;JAN;REGIÃO CENTRO-OESTE;GOIÁS;ÓLEO DIESEL MARÍTIMO;0
2019;FEV;REGIÃO CENTRO-OESTE;GOIÁS;ÓLEO DIESEL MARÍTIMO;0
2019;MAR;REGIÃO CENTRO-OESTE;GOIÁS;ÓLEO DIESEL MARÍTIMO;0
2019;ABR;REGIÃO CENTRO-OESTE;GOIÁS;ÓLEO DIESEL MARÍTIMO;0
2019;MAI;REGIÃO CENTRO-OESTE;GOIÁS;ÓLEO DIESEL MARÍTIMO;0
2019;JUN;REGIÃO CENTRO-OESTE;GOIÁS;ÓLEO DIESEL MARÍTIMO;0
2019;JUL;REGIÃO CENTRO-OESTE;GOIÁS;ÓLEO DIESEL MARÍTIMO;0
2019;AGO;REGIÃO CENTRO-OESTE;GOIÁS;ÓLEO DIESEL MARÍTIMO;0
2019;SET;REGIÃO CENTRO-OESTE;GOIÁS;ÓLEO DIESEL MARÍTIMO;0
2019;OUT;REGIÃO CENTRO-OESTE;GOIÁS;ÓLEO DIESEL MARÍTIMO;0
2019;NOV;REGIÃO CENTRO-OESTE;GOIÁS;ÓLEO DIESEL MARÍTIMO;0
2019;DEZ;REGIÃO CENTRO-OESTE;GOIÁS;ÓLEO DIESEL MARÍTIMO;0
2019;JAN;REGIÃO CENTRO-OESTE;DISTRITO FEDERAL;ÓLEO DIESEL MARÍTIMO;0
2019;FEV;REGIÃO CENTRO-OESTE;DISTRITO FEDERAL;ÓLEO DIESEL MARÍTIMO;0
2019;MAR;REGIÃO CENTRO-OESTE;DISTRITO FEDERAL;ÓLEO DIESEL MARÍTIMO;0
2019;ABR;REGIÃO CENTRO-OESTE;DISTRITO FEDERAL;ÓLEO DIESEL MARÍTIMO;0
2019;MAI;REGIÃO CENTRO-OESTE;DISTRITO FEDERAL;ÓLEO DIESEL MARÍTIMO;0
2019;JUN;REGIÃO CENTRO-OESTE;DISTRITO FEDERAL;ÓLEO DIESEL MARÍTIMO;0
2019;JUL;REGIÃO CENTRO-OESTE;DISTRITO FEDERAL;ÓLEO DIESEL MARÍTIMO;0
2019;AGO;REGIÃO CENTRO-OESTE;DISTRITO FEDERAL;ÓLEO DIESEL MARÍTIMO;0
2019;SET;REGIÃO CENTRO-OESTE;DISTRITO FEDERAL;ÓLEO DIESEL MARÍTIMO;0
2019;OUT;REGIÃO CENTRO-OESTE;DISTRITO FEDERAL;ÓLEO DIESEL MARÍTIMO;0
2019;NOV;REGIÃO CENTRO-OESTE;DISTRITO FEDERAL;ÓLEO DIESEL MARÍTIMO;0
2019;DEZ;REGIÃO CENTRO-OESTE;DISTRITO FEDERAL;ÓLEO DIESEL MARÍTIMO;0
2019;JAN;REGIÃO NORTE;RONDÔNIA;ÓLEO DIESEL (OUTROS );0
2019;FEV;REGIÃO NORTE;RONDÔNIA;ÓLEO DIESEL (OUTROS );0
2019;MAR;REGIÃO NORTE;RONDÔNIA;ÓLEO DIESEL (OUTROS );0
2019;ABR;REGIÃO NORTE;RONDÔNIA;ÓLEO DIESEL (OUTROS );0
2019;MAI;REGIÃO NORTE;RONDÔNIA;ÓLEO DIESEL (OUTROS );0
2019;JUN;REGIÃO NORTE;RONDÔNIA;ÓLEO DIESEL (OUTROS );0
2019;JUL;REGIÃO NORTE;RONDÔNIA;ÓLEO DIESEL (OUTROS );0
2019;AGO;REGIÃO NORTE;RONDÔNIA;ÓLEO DIESEL (OUTROS );0
2019;SET;REGIÃO NORTE;RONDÔNIA;ÓLEO DIESEL (OUTROS );0
2019;OUT;REGIÃO NORTE;RONDÔNIA;ÓLEO DIESEL (OUTROS );0
2019;NOV;REGIÃO NORTE;RONDÔNIA;ÓLEO DIESEL (OUTROS );0
2019;DEZ;REGIÃO NORTE;RONDÔNIA;ÓLEO DIESEL (OUTROS );0
2019;JAN;REGIÃO NORTE;ACRE;ÓLEO DIESEL (OUTROS );0
2019;FEV;REGIÃO NORTE;ACRE;ÓLEO DIESEL (OUTROS );0
2019;MAR;REGIÃO NORTE;ACRE;ÓLEO DIESEL (OUTROS );0
2019;ABR;REGIÃO NORTE;ACRE;ÓLEO DIESEL (OUTROS );0
2019;MAI;REGIÃO NORTE;ACRE;ÓLEO DIESEL (OUTROS );0
2019;JUN;REGIÃO NORTE;ACRE;ÓLEO DIESEL (OUTROS );0
2019;JUL;REGIÃO NORTE;ACRE;ÓLEO DIESEL (OUTROS );0
2019;AGO;REGIÃO NORTE;ACRE;ÓLEO DIESEL (OUTROS );0
2019;SET;REGIÃO NORTE;ACRE;ÓLEO DIESEL (OUTROS );0
2019;OUT;REGIÃO NORTE;ACRE;ÓLEO DIESEL (OUTROS );0
2019;NOV;REGIÃO NORTE;ACRE;ÓLEO DIESEL (OUTROS );0
2019;DEZ;REGIÃO NORTE;ACRE;ÓLEO DIESEL (OUTROS );0
2019;JAN;REGIÃO NORTE;AMAZONAS;ÓLEO DIESEL (OUTROS );0
2019;FEV;REGIÃO NORTE;AMAZONAS;ÓLEO DIESEL (OUTROS );0
2019;MAR;REGIÃO NORTE;AMAZONAS;ÓLEO DIESEL (OUTROS );0
2019;ABR;REGIÃO NORTE;AMAZONAS;ÓLEO DIESEL (OUTROS );0
2019;MAI;REGIÃO NORTE;AMAZONAS;ÓLEO DIESEL (OUTROS );0
2019;JUN;REGIÃO NORTE;AMAZONAS;ÓLEO DIESEL (OUTROS );0
2019;JUL;REGIÃO NORTE;AMAZONAS;ÓLEO DIESEL (OUTROS );0
2019;AGO;REGIÃO NORTE;AMAZONAS;ÓLEO DIESEL (OUTROS );0
2019;SET;REGIÃO NORTE;AMAZONAS;ÓLEO DIESEL (OUTROS );0
2019;OUT;REGIÃO NORTE;AMAZONAS;ÓLEO DIESEL (OUTROS );0
2019;NOV;REGIÃO NORTE;AMAZONAS;ÓLEO DIESEL (OUTROS );0
2019;DEZ;REGIÃO NORTE;AMAZONAS;ÓLEO DIESEL (OUTROS );0
2019;JAN;REGIÃO NORTE;RORAIMA;ÓLEO DIESEL (OUTROS );0
2019;FEV;REGIÃO NORTE;RORAIMA;ÓLEO DIESEL (OUTROS );0
2019;MAR;REGIÃO NORTE;RORAIMA;ÓLEO DIESEL (OUTROS );0
2019;ABR;REGIÃO NORTE;RORAIMA;ÓLEO DIESEL (OUTROS );0
2019;MAI;REGIÃO NORTE;RORAIMA;ÓLEO DIESEL (OUTROS );0
2019;JUN;REGIÃO NORTE;RORAIMA;ÓLEO DIESEL (OUTROS );0
2019;JUL;REGIÃO NORTE;RORAIMA;ÓLEO DIESEL (OUTROS );0
2019;AGO;REGIÃO NORTE;RORAIMA;ÓLEO DIESEL (OUTROS );0
2019;SET;REGIÃO NORTE;RORAIMA;ÓLEO DIESEL (OUTROS );0
2019;OUT;REGIÃO NORTE;RORAIMA;ÓLEO DIESEL (OUTROS );0
2019;NOV;REGIÃO NORTE;RORAIMA;ÓLEO DIESEL (OUTROS );0
2019;DEZ;REGIÃO NORTE;RORAIMA;ÓLEO DIESEL (OUTROS );0
2019;JAN;REGIÃO NORTE;PARÁ;ÓLEO DIESEL (OUTROS );0
2019;FEV;REGIÃO NORTE;PARÁ;ÓLEO DIESEL (OUTROS );0
2019;MAR;REGIÃO NORTE;PARÁ;ÓLEO DIESEL (OUTROS );0
2019;ABR;REGIÃO NORTE;PARÁ;ÓLEO DIESEL (OUTROS );0
2019;MAI;REGIÃO NORTE;PARÁ;ÓLEO DIESEL (OUTROS );0
2019;JUN;REGIÃO NORTE;PARÁ;ÓLEO DIESEL (OUTROS );0
2019;JUL;REGIÃO NORTE;PARÁ;ÓLEO DIESEL (OUTROS );0
2019;AGO;REGIÃO NORTE;PARÁ;ÓLEO DIESEL (OUTROS );0
2019;SET;REGIÃO NORTE;PARÁ;ÓLEO DIESEL (OUTROS );0
2019;OUT;REGIÃO NORTE;PARÁ;ÓLEO DIESEL (OUTROS );0
2019;NOV;REGIÃO NORTE;PARÁ;ÓLEO DIESEL (OUTROS );0
2019;DEZ;REGIÃO NORTE;PARÁ;ÓLEO DIESEL (OUTROS );0
2019;JAN;REGIÃO NORTE;AMAPÁ;ÓLEO DIESEL (OUTROS );0
2019;FEV;REGIÃO NORTE;AMAPÁ;ÓLEO DIESEL (OUTROS );0
2019;MAR;REGIÃO NORTE;AMAPÁ;ÓLEO DIESEL (OUTROS );0
2019;ABR;REGIÃO NORTE;AMAPÁ;ÓLEO DIESEL (OUTROS );0
2019;MAI;REGIÃO NORTE;AMAPÁ;ÓLEO DIESEL (OUTROS );0
2019;JUN;REGIÃO NORTE;AMAPÁ;ÓLEO DIESEL (OUTROS );0
2019;JUL;REGIÃO NORTE;AMAPÁ;ÓLEO DIESEL (OUTROS );0
2019;AGO;REGIÃO NORTE;AMAPÁ;ÓLEO DIESEL (OUTROS );0
2019;SET;REGIÃO NORTE;AMAPÁ;ÓLEO DIESEL (OUTROS );0
2019;OUT;REGIÃO NORTE;AMAPÁ;ÓLEO DIESEL (OUTROS );0
2019;NOV;REGIÃO NORTE;AMAPÁ;ÓLEO DIESEL (OUTROS );0
2019;DEZ;REGIÃO NORTE;AMAPÁ;ÓLEO DIESEL (OUTROS );0
2019;JAN;REGIÃO NORTE;TOCANTINS;ÓLEO DIESEL (OUTROS );0
2019;FEV;REGIÃO NORTE;TOCANTINS;ÓLEO DIESEL (OUTROS );0
2019;MAR;REGIÃO NORTE;TOCANTINS;ÓLEO DIESEL (OUTROS );0
2019;ABR;REGIÃO NORTE;TOCANTINS;ÓLEO DIESEL (OUTROS );0
2019;MAI;REGIÃO NORTE;TOCANTINS;ÓLEO DIESEL (OUTROS );0
2019;JUN;REGIÃO NORTE;TOCANTINS;ÓLEO DIESEL (OUTROS );0
2019;JUL;REGIÃO NORTE;TOCANTINS;ÓLEO DIESEL (OUTROS );0
2019;AGO;REGIÃO NORTE;TOCANTINS;ÓLEO DIESEL (OUTROS );0
2019;SET;REGIÃO NORTE;TOCANTINS;ÓLEO DIESEL (OUTROS );0
2019;OUT;REGIÃO NORTE;TOCANTINS;ÓLEO DIESEL (OUTROS );0
2019;NOV;REGIÃO NORTE;TOCANTINS;ÓLEO DIESEL (OUTROS );0
2019;DEZ;REGIÃO NORTE;TOCANTINS;ÓLEO DIESEL (OUTROS );0
2019;JAN;REGIÃO NORDESTE;MARANHÃO;ÓLEO DIESEL (OUTROS );0
2019;FEV;REGIÃO NORDESTE;MARANHÃO;ÓLEO DIESEL (OUTROS );0
2019;MAR;REGIÃO NORDESTE;MARANHÃO;ÓLEO DIESEL (OUTROS );0
2019;ABR;REGIÃO NORDESTE;MARANHÃO;ÓLEO DIESEL (OUTROS );0
2019;MAI;REGIÃO NORDESTE;MARANHÃO;ÓLEO DIESEL (OUTROS );0
2019;JUN;REGIÃO NORDESTE;MARANHÃO;ÓLEO DIESEL (OUTROS );0
2019;JUL;REGIÃO NORDESTE;MARANHÃO;ÓLEO DIESEL (OUTROS );0
2019;AGO;REGIÃO NORDESTE;MARANHÃO;ÓLEO DIESEL (OUTROS );0
2019;SET;REGIÃO NORDESTE;MARANHÃO;ÓLEO DIESEL (OUTROS );0
2019;OUT;REGIÃO NORDESTE;MARANHÃO;ÓLEO DIESEL (OUTROS );0
2019;NOV;REGIÃO NORDESTE;MARANHÃO;ÓLEO DIESEL (OUTROS );0
2019;DEZ;REGIÃO NORDESTE;MARANHÃO;ÓLEO DIESEL (OUTROS );0
2019;JAN;REGIÃO NORDESTE;PIAUÍ;ÓLEO DIESEL (OUTROS );0
2019;FEV;REGIÃO NORDESTE;PIAUÍ;ÓLEO DIESEL (OUTROS );0
2019;MAR;REGIÃO NORDESTE;PIAUÍ;ÓLEO DIESEL (OUTROS );0
2019;ABR;REGIÃO NORDESTE;PIAUÍ;ÓLEO DIESEL (OUTROS );0
2019;MAI;REGIÃO NORDESTE;PIAUÍ;ÓLEO DIESEL (OUTROS );0
2019;JUN;REGIÃO NORDESTE;PIAUÍ;ÓLEO DIESEL (OUTROS );0
2019;JUL;REGIÃO NORDESTE;PIAUÍ;ÓLEO DIESEL (OUTROS );0
2019;AGO;REGIÃO NORDESTE;PIAUÍ;ÓLEO DIESEL (OUTROS );0
2019;SET;REGIÃO NORDESTE;PIAUÍ;ÓLEO DIESEL (OUTROS );0
2019;OUT;REGIÃO NORDESTE;PIAUÍ;ÓLEO DIESEL (OUTROS );0
2019;NOV;REGIÃO NORDESTE;PIAUÍ;ÓLEO DIESEL (OUTROS );0
2019;DEZ;REGIÃO NORDESTE;PIAUÍ;ÓLEO DIESEL (OUTROS );0
2019;JAN;REGIÃO NORDESTE;CEARÁ;ÓLEO DIESEL (OUTROS );0
2019;FEV;REGIÃO NORDESTE;CEARÁ;ÓLEO DIESEL (OUTROS );0
2019;MAR;REGIÃO NORDESTE;CEARÁ;ÓLEO DIESEL (OUTROS );0
2019;ABR;REGIÃO NORDESTE;CEARÁ;ÓLEO DIESEL (OUTROS );0
2019;MAI;REGIÃO NORDESTE;CEARÁ;ÓLEO DIESEL (OUTROS );0
2019;JUN;REGIÃO NORDESTE;CEARÁ;ÓLEO DIESEL (OUTROS );0
2019;JUL;REGIÃO NORDESTE;CEARÁ;ÓLEO DIESEL (OUTROS );0
2019;AGO;REGIÃO NORDESTE;CEARÁ;ÓLEO DIESEL (OUTROS );0
2019;SET;REGIÃO NORDESTE;CEARÁ;ÓLEO DIESEL (OUTROS );0
2019;OUT;REGIÃO NORDESTE;CEARÁ;ÓLEO DIESEL (OUTROS );0
2019;NOV;REGIÃO NORDESTE;CEARÁ;ÓLEO DIESEL (OUTROS );0
2019;DEZ;REGIÃO NORDESTE;CEARÁ;ÓLEO DIESEL (OUTROS );0
2019;JAN;REGIÃO NORDESTE;RIO GRANDE DO NORTE;ÓLEO DIESEL (OUTROS );0
2019;FEV;REGIÃO NORDESTE;RIO GRANDE DO NORTE;ÓLEO DIESEL (OUTROS );0
2019;MAR;REGIÃO NORDESTE;RIO GRANDE DO NORTE;ÓLEO DIESEL (OUTROS );0
2019;ABR;REGIÃO NORDESTE;RIO GRANDE DO NORTE;ÓLEO DIESEL (OUTROS );0
2019;MAI;REGIÃO NORDESTE;RIO GRANDE DO NORTE;ÓLEO DIESEL (OUTROS );0
2019;JUN;REGIÃO NORDESTE;RIO GRANDE DO NORTE;ÓLEO DIESEL (OUTROS );0
2019;JUL;REGIÃO NORDESTE;RIO GRANDE DO NORTE;ÓLEO DIESEL (OUTROS );0
2019;AGO;REGIÃO NORDESTE;RIO GRANDE DO NORTE;ÓLEO DIESEL (OUTROS );0
2019;SET;REGIÃO NORDESTE;RIO GRANDE DO NORTE;ÓLEO DIESEL (OUTROS );0
2019;OUT;REGIÃO NORDESTE;RIO GRANDE DO NORTE;ÓLEO DIESEL (OUTROS );0
2019;NOV;REGIÃO NORDESTE;RIO GRANDE DO NORTE;ÓLEO DIESEL (OUTROS );0
2019;DEZ;REGIÃO NORDESTE;RIO GRANDE DO NORTE;ÓLEO DIESEL (OUTROS );0
2019;JAN;REGIÃO NORDESTE;PARAÍBA;ÓLEO DIESEL (OUTROS );0
2019;FEV;REGIÃO NORDESTE;PARAÍBA;ÓLEO DIESEL (OUTROS );0
2019;MAR;REGIÃO NORDESTE;PARAÍBA;ÓLEO DIESEL (OUTROS );0
2019;ABR;REGIÃO NORDESTE;PARAÍBA;ÓLEO DIESEL (OUTROS );0
2019;MAI;REGIÃO NORDESTE;PARAÍBA;ÓLEO DIESEL (OUTROS );0
2019;JUN;REGIÃO NORDESTE;PARAÍBA;ÓLEO DIESEL (OUTROS );0
2019;JUL;REGIÃO NORDESTE;PARAÍBA;ÓLEO DIESEL (OUTROS );0
2019;AGO;REGIÃO NORDESTE;PARAÍBA;ÓLEO DIESEL (OUTROS );0
2019;SET;REGIÃO NORDESTE;PARAÍBA;ÓLEO DIESEL (OUTROS );0
2019;OUT;REGIÃO NORDESTE;PARAÍBA;ÓLEO DIESEL (OUTROS );0
2019;NOV;REGIÃO NORDESTE;PARAÍBA;ÓLEO DIESEL (OUTROS );0
2019;DEZ;REGIÃO NORDESTE;PARAÍBA;ÓLEO DIESEL (OUTROS );0
2019;JAN;REGIÃO NORDESTE;PERNAMBUCO;ÓLEO DIESEL (OUTROS );0
2019;FEV;REGIÃO NORDESTE;PERNAMBUCO;ÓLEO DIESEL (OUTROS );0
2019;MAR;REGIÃO NORDESTE;PERNAMBUCO;ÓLEO DIESEL (OUTROS );0
2019;ABR;REGIÃO NORDESTE;PERNAMBUCO;ÓLEO DIESEL (OUTROS );0
2019;MAI;REGIÃO NORDESTE;PERNAMBUCO;ÓLEO DIESEL (OUTROS );0
2019;JUN;REGIÃO NORDESTE;PERNAMBUCO;ÓLEO DIESEL (OUTROS );0
2019;JUL;REGIÃO NORDESTE;PERNAMBUCO;ÓLEO DIESEL (OUTROS );0
2019;AGO;REGIÃO NORDESTE;PERNAMBUCO;ÓLEO DIESEL (OUTROS );0
2019;SET;REGIÃO NORDESTE;PERNAMBUCO;ÓLEO DIESEL (OUTROS );0
2019;OUT;REGIÃO NORDESTE;PERNAMBUCO;ÓLEO DIESEL (OUTROS );0
2019;NOV;REGIÃO NORDESTE;PERNAMBUCO;ÓLEO DIESEL (OUTROS );0
2019;DEZ;REGIÃO NORDESTE;PERNAMBUCO;ÓLEO DIESEL (OUTROS );0
2019;JAN;REGIÃO NORDESTE;ALAGOAS;ÓLEO DIESEL (OUTROS );0
2019;FEV;REGIÃO NORDESTE;ALAGOAS;ÓLEO DIESEL (OUTROS );0
2019;MAR;REGIÃO NORDESTE;ALAGOAS;ÓLEO DIESEL (OUTROS );0
2019;ABR;REGIÃO NORDESTE;ALAGOAS;ÓLEO DIESEL (OUTROS );0
2019;MAI;REGIÃO NORDESTE;ALAGOAS;ÓLEO DIESEL (OUTROS );0
2019;JUN;REGIÃO NORDESTE;ALAGOAS;ÓLEO DIESEL (OUTROS );0
2019;JUL;REGIÃO NORDESTE;ALAGOAS;ÓLEO DIESEL (OUTROS );0
2019;AGO;REGIÃO NORDESTE;ALAGOAS;ÓLEO DIESEL (OUTROS );0
2019;SET;REGIÃO NORDESTE;ALAGOAS;ÓLEO DIESEL (OUTROS );0
2019;OUT;REGIÃO NORDESTE;ALAGOAS;ÓLEO DIESEL (OUTROS );0
2019;NOV;REGIÃO NORDESTE;ALAGOAS;ÓLEO DIESEL (OUTROS );0
2019;DEZ;REGIÃO NORDESTE;ALAGOAS;ÓLEO DIESEL (OUTROS );0
2019;JAN;REGIÃO NORDESTE;SERGIPE;ÓLEO DIESEL (OUTROS );0
2019;FEV;REGIÃO NORDESTE;SERGIPE;ÓLEO DIESEL (OUTROS );0
2019;MAR;REGIÃO NORDESTE;SERGIPE;ÓLEO DIESEL (OUTROS );0
2019;ABR;REGIÃO NORDESTE;SERGIPE;ÓLEO DIESEL (OUTROS );0
2019;MAI;REGIÃO NORDESTE;SERGIPE;ÓLEO DIESEL (OUTROS );0
2019;JUN;REGIÃO NORDESTE;SERGIPE;ÓLEO DIESEL (OUTROS );0
2019;JUL;REGIÃO NORDESTE;SERGIPE;ÓLEO DIESEL (OUTROS );0
2019;AGO;REGIÃO NORDESTE;SERGIPE;ÓLEO DIESEL (OUTROS );0
2019;SET;REGIÃO NORDESTE;SERGIPE;ÓLEO DIESEL (OUTROS );0
2019;OUT;REGIÃO NORDESTE;SERGIPE;ÓLEO DIESEL (OUTROS );0
2019;NOV;REGIÃO NORDESTE;SERGIPE;ÓLEO DIESEL (OUTROS );0
2019;DEZ;REGIÃO NORDESTE;SERGIPE;ÓLEO DIESEL (OUTROS );0
2019;JAN;REGIÃO NORDESTE;BAHIA;ÓLEO DIESEL (OUTROS );0
2019;FEV;REGIÃO NORDESTE;BAHIA;ÓLEO DIESEL (OUTROS );0
2019;MAR;REGIÃO NORDESTE;BAHIA;ÓLEO DIESEL (OUTROS );0
2019;ABR;REGIÃO NORDESTE;BAHIA;ÓLEO DIESEL (OUTROS );0
2019;MAI;REGIÃO NORDESTE;BAHIA;ÓLEO DIESEL (OUTROS );0
2019;JUN;REGIÃO NORDESTE;BAHIA;ÓLEO DIESEL (OUTROS );0
2019;JUL;REGIÃO NORDESTE;BAHIA;ÓLEO DIESEL (OUTROS );0
2019;AGO;REGIÃO NORDESTE;BAHIA;ÓLEO DIESEL (OUTROS );0
2019;SET;REGIÃO NORDESTE;BAHIA;ÓLEO DIESEL (OUTROS );0
2019;OUT;REGIÃO NORDESTE;BAHIA;ÓLEO DIESEL (OUTROS );0
2019;NOV;REGIÃO NORDESTE;BAHIA;ÓLEO DIESEL (OUTROS );0
2019;DEZ;REGIÃO NORDESTE;BAHIA;ÓLEO DIESEL (OUTROS );0
2019;JAN;REGIÃO SUDESTE;MINAS GERAIS;ÓLEO DIESEL (OUTROS );0
2019;FEV;REGIÃO SUDESTE;MINAS GERAIS;ÓLEO DIESEL (OUTROS );0
2019;MAR;REGIÃO SUDESTE;MINAS GERAIS;ÓLEO DIESEL (OUTROS );0
2019;ABR;REGIÃO SUDESTE;MINAS GERAIS;ÓLEO DIESEL (OUTROS );0
2019;MAI;REGIÃO SUDESTE;MINAS GERAIS;ÓLEO DIESEL (OUTROS );0
2019;JUN;REGIÃO SUDESTE;MINAS GERAIS;ÓLEO DIESEL (OUTROS );0
2019;JUL;REGIÃO SUDESTE;MINAS GERAIS;ÓLEO DIESEL (OUTROS );10
2019;AGO;REGIÃO SUDESTE;MINAS GERAIS;ÓLEO DIESEL (OUTROS );20
2019;SET;REGIÃO SUDESTE;MINAS GERAIS;ÓLEO DIESEL (OUTROS );40
2019;OUT;REGIÃO SUDESTE;MINAS GERAIS;ÓLEO DIESEL (OUTROS );35
2019;NOV;REGIÃO SUDESTE;MINAS GERAIS;ÓLEO DIESEL (OUTROS );20
2019;DEZ;REGIÃO SUDESTE;MINAS GERAIS;ÓLEO DIESEL (OUTROS );35
2019;JAN;REGIÃO SUDESTE;ESPÍRITO SANTO;ÓLEO DIESEL (OUTROS );55
2019;FEV;REGIÃO SUDESTE;ESPÍRITO SANTO;ÓLEO DIESEL (OUTROS );45
2019;MAR;REGIÃO SUDESTE;ESPÍRITO SANTO;ÓLEO DIESEL (OUTROS );25
2019;ABR;REGIÃO SUDESTE;ESPÍRITO SANTO;ÓLEO DIESEL (OUTROS );30
2019;MAI;REGIÃO SUDESTE;ESPÍRITO SANTO;ÓLEO DIESEL (OUTROS );25
2019;JUN;REGIÃO SUDESTE;ESPÍRITO SANTO;ÓLEO DIESEL (OUTROS );35
2019;JUL;REGIÃO SUDESTE;ESPÍRITO SANTO;ÓLEO DIESEL (OUTROS );25
2019;AGO;REGIÃO SUDESTE;ESPÍRITO SANTO;ÓLEO DIESEL (OUTROS );40
2019;SET;REGIÃO SUDESTE;ESPÍRITO SANTO;ÓLEO DIESEL (OUTROS );20
2019;OUT;REGIÃO SUDESTE;ESPÍRITO SANTO;ÓLEO DIESEL (OUTROS );45
2019;NOV;REGIÃO SUDESTE;ESPÍRITO SANTO;ÓLEO DIESEL (OUTROS );30
2019;DEZ;REGIÃO SUDESTE;ESPÍRITO SANTO;ÓLEO DIESEL (OUTROS );55
2019;JAN;REGIÃO SUDESTE;RIO DE JANEIRO;ÓLEO DIESEL (OUTROS );1557
2019;FEV;REGIÃO SUDESTE;RIO DE JANEIRO;ÓLEO DIESEL (OUTROS );907,5
2019;MAR;REGIÃO SUDESTE;RIO DE JANEIRO;ÓLEO DIESEL (OUTROS );1037
2019;ABR;REGIÃO SUDESTE;RIO DE JANEIRO;ÓLEO DIESEL (OUTROS );994
2019;MAI;REGIÃO SUDESTE;RIO DE JANEIRO;ÓLEO DIESEL (OUTROS );478
2019;JUN;REGIÃO SUDESTE;RIO DE JANEIRO;ÓLEO DIESEL (OUTROS );672
2019;JUL;REGIÃO SUDESTE;RIO DE JANEIRO;ÓLEO DIESEL (OUTROS );628
2019;AGO;REGIÃO SUDESTE;RIO DE JANEIRO;ÓLEO DIESEL (OUTROS );505
2019;SET;REGIÃO SUDESTE;RIO DE JANEIRO;ÓLEO DIESEL (OUTROS );505
2019;OUT;REGIÃO SUDESTE;RIO DE JANEIRO;ÓLEO DIESEL (OUTROS );720
2019;NOV;REGIÃO SUDESTE;RIO DE JANEIRO;ÓLEO DIESEL (OUTROS );695
2019;DEZ;REGIÃO SUDESTE;RIO DE JANEIRO;ÓLEO DIESEL (OUTROS );1782
2019;JAN;REGIÃO SUDESTE;SÃO PAULO;ÓLEO DIESEL (OUTROS );829
2019;FEV;REGIÃO SUDESTE;SÃO PAULO;ÓLEO DIESEL (OUTROS );812
2019;MAR;REGIÃO SUDESTE;SÃO PAULO;ÓLEO DIESEL (OUTROS );681
2019;ABR;REGIÃO SUDESTE;SÃO PAULO;ÓLEO DIESEL (OUTROS );781
2019;MAI;REGIÃO SUDESTE;SÃO PAULO;ÓLEO DIESEL (OUTROS );548
2019;JUN;REGIÃO SUDESTE;SÃO PAULO;ÓLEO DIESEL (OUTROS );605
2019;JUL;REGIÃO SUDESTE;SÃO PAULO;ÓLEO DIESEL (OUTROS );661
2019;AGO;REGIÃO SUDESTE;SÃO PAULO;ÓLEO DIESEL (OUTROS );589
2019;SET;REGIÃO SUDESTE;SÃO PAULO;ÓLEO DIESEL (OUTROS );433
2019;OUT;REGIÃO SUDESTE;SÃO PAULO;ÓLEO DIESEL (OUTROS );825
2019;NOV;REGIÃO SUDESTE;SÃO PAULO;ÓLEO DIESEL (OUTROS );764
2019;DEZ;REGIÃO SUDESTE;SÃO PAULO;ÓLEO DIESEL (OUTROS );1513
2019;JAN;REGIÃO SUL;PARANÁ;ÓLEO DIESEL (OUTROS );13,372
2019;FEV;REGIÃO SUL;PARANÁ;ÓLEO DIESEL (OUTROS );0
2019;MAR;REGIÃO SUL;PARANÁ;ÓLEO DIESEL (OUTROS );5
2019;ABR;REGIÃO SUL;PARANÁ;ÓLEO DIESEL (OUTROS );0
2019;MAI;REGIÃO SUL;PARANÁ;ÓLEO DIESEL (OUTROS );0
2019;JUN;REGIÃO SUL;PARANÁ;ÓLEO DIESEL (OUTROS );11,909
2019;JUL;REGIÃO SUL;PARANÁ;ÓLEO DIESEL (OUTROS );0
2019;AGO;REGIÃO SUL;PARANÁ;ÓLEO DIESEL (OUTROS );5
2019;SET;REGIÃO SUL;PARANÁ;ÓLEO DIESEL (OUTROS );0
2019;OUT;REGIÃO SUL;PARANÁ;ÓLEO DIESEL (OUTROS );6,909
2019;NOV;REGIÃO SUL;PARANÁ;ÓLEO DIESEL (OUTROS );5
2019;DEZ;REGIÃO SUL;PARANÁ;ÓLEO DIESEL (OUTROS );10
2019;JAN;REGIÃO SUL;SANTA CATARINA;ÓLEO DIESEL (OUTROS );45
2019;FEV;REGIÃO SUL;SANTA CATARINA;ÓLEO DIESEL (OUTROS );50
2019;MAR;REGIÃO SUL;SANTA CATARINA;ÓLEO DIESEL (OUTROS );10
2019;ABR;REGIÃO SUL;SANTA CATARINA;ÓLEO DIESEL (OUTROS );45
2019;MAI;REGIÃO SUL;SANTA CATARINA;ÓLEO DIESEL (OUTROS );10
2019;JUN;REGIÃO SUL;SANTA CATARINA;ÓLEO DIESEL (OUTROS );10
2019;JUL;REGIÃO SUL;SANTA CATARINA;ÓLEO DIESEL (OUTROS );25
2019;AGO;REGIÃO SUL;SANTA CATARINA;ÓLEO DIESEL (OUTROS );30
2019;SET;REGIÃO SUL;SANTA CATARINA;ÓLEO DIESEL (OUTROS );5
2019;OUT;REGIÃO SUL;SANTA CATARINA;ÓLEO DIESEL (OUTROS );30
2019;NOV;REGIÃO SUL;SANTA CATARINA;ÓLEO DIESEL (OUTROS );30
2019;DEZ;REGIÃO SUL;SANTA CATARINA;ÓLEO DIESEL (OUTROS );65
2019;JAN;REGIÃO SUL;RIO GRANDE DO SUL;ÓLEO DIESEL (OUTROS );10
2019;FEV;REGIÃO SUL;RIO GRANDE DO SUL;ÓLEO DIESEL (OUTROS );10,361
2019;MAR;REGIÃO SUL;RIO GRANDE DO SUL;ÓLEO DIESEL (OUTROS );10
2019;ABR;REGIÃO SUL;RIO GRANDE DO SUL;ÓLEO DIESEL (OUTROS );0
2019;MAI;REGIÃO SUL;RIO GRANDE DO SUL;ÓLEO DIESEL (OUTROS );0
2019;JUN;REGIÃO SUL;RIO GRANDE DO SUL;ÓLEO DIESEL (OUTROS );20
2019;JUL;REGIÃO SUL;RIO GRANDE DO SUL;ÓLEO DIESEL (OUTROS );10
2019;AGO;REGIÃO SUL;RIO GRANDE DO SUL;ÓLEO DIESEL (OUTROS );0
2019;SET;REGIÃO SUL;RIO GRANDE DO SUL;ÓLEO DIESEL (OUTROS );0
2019;OUT;REGIÃO SUL;RIO GRANDE DO SUL;ÓLEO DIESEL (OUTROS );15
2019;NOV;REGIÃO SUL;RIO GRANDE DO SUL;ÓLEO DIESEL (OUTROS );10
2019;DEZ;REGIÃO SUL;RIO GRANDE DO SUL;ÓLEO DIESEL (OUTROS );0
2019;JAN;REGIÃO CENTRO-OESTE;MATO GROSSO DO SUL;ÓLEO DIESEL (OUTROS );0
2019;FEV;REGIÃO CENTRO-OESTE;MATO GROSSO DO SUL;ÓLEO DIESEL (OUTROS );0
2019;MAR;REGIÃO CENTRO-OESTE;MATO GROSSO DO SUL;ÓLEO DIESEL (OUTROS );0
2019;ABR;REGIÃO CENTRO-OESTE;MATO GROSSO DO SUL;ÓLEO DIESEL (OUTROS );0
2019;MAI;REGIÃO CENTRO-OESTE;MATO GROSSO DO SUL;ÓLEO DIESEL (OUTROS );0
2019;JUN;REGIÃO CENTRO-OESTE;MATO GROSSO DO SUL;ÓLEO DIESEL (OUTROS );0
2019;JUL;REGIÃO CENTRO-OESTE;MATO GROSSO DO SUL;ÓLEO DIESEL (OUTROS );0
2019;AGO;REGIÃO CENTRO-OESTE;MATO GROSSO DO SUL;ÓLEO DIESEL (OUTROS );0
2019;SET;REGIÃO CENTRO-OESTE;MATO GROSSO DO SUL;ÓLEO DIESEL (OUTROS );0
2019;OUT;REGIÃO CENTRO-OESTE;MATO GROSSO DO SUL;ÓLEO DIESEL (OUTROS );0
2019;NOV;REGIÃO CENTRO-OESTE;MATO GROSSO DO SUL;ÓLEO DIESEL (OUTROS );0
2019;DEZ;REGIÃO CENTRO-OESTE;MATO GROSSO DO SUL;ÓLEO DIESEL (OUTROS );0
2019;JAN;REGIÃO CENTRO-OESTE;MATO GROSSO;ÓLEO DIESEL (OUTROS );76
2019;FEV;REGIÃO CENTRO-OESTE;MATO GROSSO;ÓLEO DIESEL (OUTROS );146
2019;MAR;REGIÃO CENTRO-OESTE;MATO GROSSO;ÓLEO DIESEL (OUTROS );144
2019;ABR;REGIÃO CENTRO-OESTE;MATO GROSSO;ÓLEO DIESEL (OUTROS );10
2019;MAI;REGIÃO CENTRO-OESTE;MATO GROSSO;ÓLEO DIESEL (OUTROS );111
2019;JUN;REGIÃO CENTRO-OESTE;MATO GROSSO;ÓLEO DIESEL (OUTROS );121
2019;JUL;REGIÃO CENTRO-OESTE;MATO GROSSO;ÓLEO DIESEL (OUTROS );282
2019;AGO;REGIÃO CENTRO-OESTE;MATO GROSSO;ÓLEO DIESEL (OUTROS );197
2019;SET;REGIÃO CENTRO-OESTE;MATO GROSSO;ÓLEO DIESEL (OUTROS );149
2019;OUT;REGIÃO CENTRO-OESTE;MATO GROSSO;ÓLEO DIESEL (OUTROS );155
2019;NOV;REGIÃO CENTRO-OESTE;MATO GROSSO;ÓLEO DIESEL (OUTROS );263
2019;DEZ;REGIÃO CENTRO-OESTE;MATO GROSSO;ÓLEO DIESEL (OUTROS );30
2019;JAN;REGIÃO CENTRO-OESTE;GOIÁS;ÓLEO DIESEL (OUTROS );0
2019;FEV;REGIÃO CENTRO-OESTE;GOIÁS;ÓLEO DIESEL (OUTROS );0
2019;MAR;REGIÃO CENTRO-OESTE;GOIÁS;ÓLEO DIESEL (OUTROS );0
2019;ABR;REGIÃO CENTRO-OESTE;GOIÁS;ÓLEO DIESEL (OUTROS );0
2019;MAI;REGIÃO CENTRO-OESTE;GOIÁS;ÓLEO DIESEL (OUTROS );0
2019;JUN;REGIÃO CENTRO-OESTE;GOIÁS;ÓLEO DIESEL (OUTROS );0
2019;JUL;REGIÃO CENTRO-OESTE;GOIÁS;ÓLEO DIESEL (OUTROS );0
2019;AGO;REGIÃO CENTRO-OESTE;GOIÁS;ÓLEO DIESEL (OUTROS );0
2019;SET;REGIÃO CENTRO-OESTE;GOIÁS;ÓLEO DIESEL (OUTROS );0
2019;OUT;REGIÃO CENTRO-OESTE;GOIÁS;ÓLEO DIESEL (OUTROS );0
2019;NOV;REGIÃO CENTRO-OESTE;GOIÁS;ÓLEO DIESEL (OUTROS );0
2019;DEZ;REGIÃO CENTRO-OESTE;GOIÁS;ÓLEO DIESEL (OUTROS );0
2019;JAN;REGIÃO CENTRO-OESTE;DISTRITO FEDERAL;ÓLEO DIESEL (OUTROS );0
2019;FEV;REGIÃO CENTRO-OESTE;DISTRITO FEDERAL;ÓLEO DIESEL (OUTROS );0
2019;MAR;REGIÃO CENTRO-OESTE;DISTRITO FEDERAL;ÓLEO DIESEL (OUTROS );0
2019;ABR;REGIÃO CENTRO-OESTE;DISTRITO FEDERAL;ÓLEO DIESEL (OUTROS );0
2019;MAI;REGIÃO CENTRO-OESTE;DISTRITO FEDERAL;ÓLEO DIESEL (OUTROS );0
2019;JUN;REGIÃO CENTRO-OESTE;DISTRITO FEDERAL;ÓLEO DIESEL (OUTROS );0
2019;JUL;REGIÃO CENTRO-OESTE;DISTRITO FEDERAL;ÓLEO DIESEL (OUTROS );0
2019;AGO;REGIÃO CENTRO-OESTE;DISTRITO FEDERAL;ÓLEO DIESEL (OUTROS );0
2019;SET;REGIÃO CENTRO-OESTE;DISTRITO FEDERAL;ÓLEO DIESEL (OUTROS );0
2019;OUT;REGIÃO CENTRO-OESTE;DISTRITO FEDERAL;ÓLEO DIESEL (OUTROS );0
2019;NOV;REGIÃO CENTRO-OESTE;DISTRITO FEDERAL;ÓLEO DIESEL (OUTROS );0
2019;DEZ;REGIÃO CENTRO-OESTE;DISTRITO FEDERAL;ÓLEO DIESEL (OUTROS );0
2020;JAN;REGIÃO NORTE;RONDÔNIA;ÓLEO DIESEL S-10;30205,746
2020;FEV;REGIÃO NORTE;RONDÔNIA;ÓLEO DIESEL S-10;34709,51
2020;MAR;REGIÃO NORTE;RONDÔNIA;ÓLEO DIESEL S-10;34928,542
2020;ABR;REGIÃO NORTE;RONDÔNIA;ÓLEO DIESEL S-10;34903,322
2020;MAI;REGIÃO NORTE;RONDÔNIA;ÓLEO DIESEL S-10;38013,024
2020;JUN;REGIÃO NORTE;RONDÔNIA;ÓLEO DIESEL S-10;38968,007
2020;JUL;REGIÃO NORTE;RONDÔNIA;ÓLEO DIESEL S-10;43209,636
2020;AGO;REGIÃO NORTE;RONDÔNIA;ÓLEO DIESEL S-10;38588,346
2020;SET;REGIÃO NORTE;RONDÔNIA;ÓLEO DIESEL S-10;36259,138
2020;OUT;REGIÃO NORTE;RONDÔNIA;ÓLEO DIESEL S-10;38376,705
2020;NOV;REGIÃO NORTE;RONDÔNIA;ÓLEO DIESEL S-10;32571,883
2020;DEZ;REGIÃO NORTE;RONDÔNIA;ÓLEO DIESEL S-10;37773,492
2020;JAN;REGIÃO NORTE;ACRE;ÓLEO DIESEL S-10;2966,8
2020;FEV;REGIÃO NORTE;ACRE;ÓLEO DIESEL S-10;2984,6
2020;MAR;REGIÃO NORTE;ACRE;ÓLEO DIESEL S-10;3090,4
2020;ABR;REGIÃO NORTE;ACRE;ÓLEO DIESEL S-10;2594,2
2020;MAI;REGIÃO NORTE;ACRE;ÓLEO DIESEL S-10;2729,2
2020;JUN;REGIÃO NORTE;ACRE;ÓLEO DIESEL S-10;3262,5
2020;JUL;REGIÃO NORTE;ACRE;ÓLEO DIESEL S-10;3625
2020;AGO;REGIÃO NORTE;ACRE;ÓLEO DIESEL S-10;3934
2020;SET;REGIÃO NORTE;ACRE;ÓLEO DIESEL S-10;4132
2020;OUT;REGIÃO NORTE;ACRE;ÓLEO DIESEL S-10;4339,6
2020;NOV;REGIÃO NORTE;ACRE;ÓLEO DIESEL S-10;3770,4
2020;DEZ;REGIÃO NORTE;ACRE;ÓLEO DIESEL S-10;3832,9
2020;JAN;REGIÃO NORTE;AMAZONAS;ÓLEO DIESEL S-10;12978,3
2020;FEV;REGIÃO NORTE;AMAZONAS;ÓLEO DIESEL S-10;12826,48
2020;MAR;REGIÃO NORTE;AMAZONAS;ÓLEO DIESEL S-10;13913,122
2020;ABR;REGIÃO NORTE;AMAZONAS;ÓLEO DIESEL S-10;9226,694
2020;MAI;REGIÃO NORTE;AMAZONAS;ÓLEO DIESEL S-10;11181,418
2020;JUN;REGIÃO NORTE;AMAZONAS;ÓLEO DIESEL S-10;13172,407
2020;JUL;REGIÃO NORTE;AMAZONAS;ÓLEO DIESEL S-10;16080,587
2020;AGO;REGIÃO NORTE;AMAZONAS;ÓLEO DIESEL S-10;16308,847
2020;SET;REGIÃO NORTE;AMAZONAS;ÓLEO DIESEL S-10;17126,717
2020;OUT;REGIÃO NORTE;AMAZONAS;ÓLEO DIESEL S-10;18057,606
2020;NOV;REGIÃO NORTE;AMAZONAS;ÓLEO DIESEL S-10;16115,252
2020;DEZ;REGIÃO NORTE;AMAZONAS;ÓLEO DIESEL S-10;17355,417
2020;JAN;REGIÃO NORTE;RORAIMA;ÓLEO DIESEL S-10;4264,6
2020;FEV;REGIÃO NORTE;RORAIMA;ÓLEO DIESEL S-10;4569,9
2020;MAR;REGIÃO NORTE;RORAIMA;ÓLEO DIESEL S-10;5326,2
2020;ABR;REGIÃO NORTE;RORAIMA;ÓLEO DIESEL S-10;4305,9
2020;MAI;REGIÃO NORTE;RORAIMA;ÓLEO DIESEL S-10;3887,2
2020;JUN;REGIÃO NORTE;RORAIMA;ÓLEO DIESEL S-10;3742
2020;JUL;REGIÃO NORTE;RORAIMA;ÓLEO DIESEL S-10;3951,5
2020;AGO;REGIÃO NORTE;RORAIMA;ÓLEO DIESEL S-10;4419,35
2020;SET;REGIÃO NORTE;RORAIMA;ÓLEO DIESEL S-10;5311,85
2020;OUT;REGIÃO NORTE;RORAIMA;ÓLEO DIESEL S-10;5474,81
2020;NOV;REGIÃO NORTE;RORAIMA;ÓLEO DIESEL S-10;4913,9
2020;DEZ;REGIÃO NORTE;RORAIMA;ÓLEO DIESEL S-10;5142,3
2020;JAN;REGIÃO NORTE;PARÁ;ÓLEO DIESEL S-10;96318,777
2020;FEV;REGIÃO NORTE;PARÁ;ÓLEO DIESEL S-10;97360,459
2020;MAR;REGIÃO NORTE;PARÁ;ÓLEO DIESEL S-10;105397,723
2020;ABR;REGIÃO NORTE;PARÁ;ÓLEO DIESEL S-10;98104,433
2020;MAI;REGIÃO NORTE;PARÁ;ÓLEO DIESEL S-10;102710,684
2020;JUN;REGIÃO NORTE;PARÁ;ÓLEO DIESEL S-10;114838,444
2020;JUL;REGIÃO NORTE;PARÁ;ÓLEO DIESEL S-10;136164,113
2020;AGO;REGIÃO NORTE;PARÁ;ÓLEO DIESEL S-10;131442,018
2020;SET;REGIÃO NORTE;PARÁ;ÓLEO DIESEL S-10;130979,333
2020;OUT;REGIÃO NORTE;PARÁ;ÓLEO DIESEL S-10;130910,51
2020;NOV;REGIÃO NORTE;PARÁ;ÓLEO DIESEL S-10;115374,256
2020;DEZ;REGIÃO NORTE;PARÁ;ÓLEO DIESEL S-10;113439,694
2020;JAN;REGIÃO NORTE;AMAPÁ;ÓLEO DIESEL S-10;1948,867
2020;FEV;REGIÃO NORTE;AMAPÁ;ÓLEO DIESEL S-10;1681,491
2020;MAR;REGIÃO NORTE;AMAPÁ;ÓLEO DIESEL S-10;1822,878
2020;ABR;REGIÃO NORTE;AMAPÁ;ÓLEO DIESEL S-10;1730,242
2020;MAI;REGIÃO NORTE;AMAPÁ;ÓLEO DIESEL S-10;1521,478
2020;JUN;REGIÃO NORTE;AMAPÁ;ÓLEO DIESEL S-10;1929,782
2020;JUL;REGIÃO NORTE;AMAPÁ;ÓLEO DIESEL S-10;2469,774
2020;AGO;REGIÃO NORTE;AMAPÁ;ÓLEO DIESEL S-10;2669,41
2020;SET;REGIÃO NORTE;AMAPÁ;ÓLEO DIESEL S-10;2566,847
2020;OUT;REGIÃO NORTE;AMAPÁ;ÓLEO DIESEL S-10;3410,522
2020;NOV;REGIÃO NORTE;AMAPÁ;ÓLEO DIESEL S-10;3138,646
2020;DEZ;REGIÃO NORTE;AMAPÁ;ÓLEO DIESEL S-10;2822,723
2020;JAN;REGIÃO NORTE;TOCANTINS;ÓLEO DIESEL S-10;41966,81
2020;FEV;REGIÃO NORTE;TOCANTINS;ÓLEO DIESEL S-10;47569,53
2020;MAR;REGIÃO NORTE;TOCANTINS;ÓLEO DIESEL S-10;51854,58
2020;ABR;REGIÃO NORTE;TOCANTINS;ÓLEO DIESEL S-10;43957,02
2020;MAI;REGIÃO NORTE;TOCANTINS;ÓLEO DIESEL S-10;50619,84
2020;JUN;REGIÃO NORTE;TOCANTINS;ÓLEO DIESEL S-10;57912,029
2020;JUL;REGIÃO NORTE;TOCANTINS;ÓLEO DIESEL S-10;66476,57
2020;AGO;REGIÃO NORTE;TOCANTINS;ÓLEO DIESEL S-10;64805,63
2020;SET;REGIÃO NORTE;TOCANTINS;ÓLEO DIESEL S-10;64328,4
2020;OUT;REGIÃO NORTE;TOCANTINS;ÓLEO DIESEL S-10;69648,74
2020;NOV;REGIÃO NORTE;TOCANTINS;ÓLEO DIESEL S-10;61857,9
2020;DEZ;REGIÃO NORTE;TOCANTINS;ÓLEO DIESEL S-10;56175,93
2020;JAN;REGIÃO NORDESTE;MARANHÃO;ÓLEO DIESEL S-10;51474,78
2020;FEV;REGIÃO NORDESTE;MARANHÃO;ÓLEO DIESEL S-10;48896,04
2020;MAR;REGIÃO NORDESTE;MARANHÃO;ÓLEO DIESEL S-10;50084,34
2020;ABR;REGIÃO NORDESTE;MARANHÃO;ÓLEO DIESEL S-10;44902,615
2020;MAI;REGIÃO NORDESTE;MARANHÃO;ÓLEO DIESEL S-10;49279,53
2020;JUN;REGIÃO NORDESTE;MARANHÃO;ÓLEO DIESEL S-10;58240,68
2020;JUL;REGIÃO NORDESTE;MARANHÃO;ÓLEO DIESEL S-10;68073,41
2020;AGO;REGIÃO NORDESTE;MARANHÃO;ÓLEO DIESEL S-10;68472,58
2020;SET;REGIÃO NORDESTE;MARANHÃO;ÓLEO DIESEL S-10;72134,15
2020;OUT;REGIÃO NORDESTE;MARANHÃO;ÓLEO DIESEL S-10;75988,83
2020;NOV;REGIÃO NORDESTE;MARANHÃO;ÓLEO DIESEL S-10;65340,689
2020;DEZ;REGIÃO NORDESTE;MARANHÃO;ÓLEO DIESEL S-10;68225,03
2020;JAN;REGIÃO NORDESTE;PIAUÍ;ÓLEO DIESEL S-10;26917,72
2020;FEV;REGIÃO NORDESTE;PIAUÍ;ÓLEO DIESEL S-10;24339,76
2020;MAR;REGIÃO NORDESTE;PIAUÍ;ÓLEO DIESEL S-10;24215,22
2020;ABR;REGIÃO NORDESTE;PIAUÍ;ÓLEO DIESEL S-10;22880,65
2020;MAI;REGIÃO NORDESTE;PIAUÍ;ÓLEO DIESEL S-10;25615,37
2020;JUN;REGIÃO NORDESTE;PIAUÍ;ÓLEO DIESEL S-10;28310,271
2020;JUL;REGIÃO NORDESTE;PIAUÍ;ÓLEO DIESEL S-10;32661,11
2020;AGO;REGIÃO NORDESTE;PIAUÍ;ÓLEO DIESEL S-10;32018,83
2020;SET;REGIÃO NORDESTE;PIAUÍ;ÓLEO DIESEL S-10;33835,22
2020;OUT;REGIÃO NORDESTE;PIAUÍ;ÓLEO DIESEL S-10;35780,28
2020;NOV;REGIÃO NORDESTE;PIAUÍ;ÓLEO DIESEL S-10;32138,85
2020;DEZ;REGIÃO NORDESTE;PIAUÍ;ÓLEO DIESEL S-10;33373,252
2020;JAN;REGIÃO NORDESTE;CEARÁ;ÓLEO DIESEL S-10;78357,6
2020;FEV;REGIÃO NORDESTE;CEARÁ;ÓLEO DIESEL S-10;70644,4
2020;MAR;REGIÃO NORDESTE;CEARÁ;ÓLEO DIESEL S-10;61630,896
2020;ABR;REGIÃO NORDESTE;CEARÁ;ÓLEO DIESEL S-10;45835,088
2020;MAI;REGIÃO NORDESTE;CEARÁ;ÓLEO DIESEL S-10;52900,7
2020;JUN;REGIÃO NORDESTE;CEARÁ;ÓLEO DIESEL S-10;66192,28
2020;JUL;REGIÃO NORDESTE;CEARÁ;ÓLEO DIESEL S-10;76775,877
2020;AGO;REGIÃO NORDESTE;CEARÁ;ÓLEO DIESEL S-10;79601
2020;SET;REGIÃO NORDESTE;CEARÁ;ÓLEO DIESEL S-10;83717,288
2020;OUT;REGIÃO NORDESTE;CEARÁ;ÓLEO DIESEL S-10;89824,135
2020;NOV;REGIÃO NORDESTE;CEARÁ;ÓLEO DIESEL S-10;81602,641
2020;DEZ;REGIÃO NORDESTE;CEARÁ;ÓLEO DIESEL S-10;87951,642
2020;JAN;REGIÃO NORDESTE;RIO GRANDE DO NORTE;ÓLEO DIESEL S-10;17289,981
2020;FEV;REGIÃO NORDESTE;RIO GRANDE DO NORTE;ÓLEO DIESEL S-10;14960,5
2020;MAR;REGIÃO NORDESTE;RIO GRANDE DO NORTE;ÓLEO DIESEL S-10;13981,467
2020;ABR;REGIÃO NORDESTE;RIO GRANDE DO NORTE;ÓLEO DIESEL S-10;11541,206
2020;MAI;REGIÃO NORDESTE;RIO GRANDE DO NORTE;ÓLEO DIESEL S-10;13407,017
2020;JUN;REGIÃO NORDESTE;RIO GRANDE DO NORTE;ÓLEO DIESEL S-10;14837
2020;JUL;REGIÃO NORDESTE;RIO GRANDE DO NORTE;ÓLEO DIESEL S-10;17467
2020;AGO;REGIÃO NORDESTE;RIO GRANDE DO NORTE;ÓLEO DIESEL S-10;17531
2020;SET;REGIÃO NORDESTE;RIO GRANDE DO NORTE;ÓLEO DIESEL S-10;19213,5
2020;OUT;REGIÃO NORDESTE;RIO GRANDE DO NORTE;ÓLEO DIESEL S-10;20505
2020;NOV;REGIÃO NORDESTE;RIO GRANDE DO NORTE;ÓLEO DIESEL S-10;19666
2020;DEZ;REGIÃO NORDESTE;RIO GRANDE DO NORTE;ÓLEO DIESEL S-10;20223,396
2020;JAN;REGIÃO NORDESTE;PARAÍBA;ÓLEO DIESEL S-10;24201,223
2020;FEV;REGIÃO NORDESTE;PARAÍBA;ÓLEO DIESEL S-10;22212,8
2020;MAR;REGIÃO NORDESTE;PARAÍBA;ÓLEO DIESEL S-10;19935,21
2020;ABR;REGIÃO NORDESTE;PARAÍBA;ÓLEO DIESEL S-10;15330,22
2020;MAI;REGIÃO NORDESTE;PARAÍBA;ÓLEO DIESEL S-10;17351,6
2020;JUN;REGIÃO NORDESTE;PARAÍBA;ÓLEO DIESEL S-10;19011,18
2020;JUL;REGIÃO NORDESTE;PARAÍBA;ÓLEO DIESEL S-10;22691,737
2020;AGO;REGIÃO NORDESTE;PARAÍBA;ÓLEO DIESEL S-10;23889,28
2020;SET;REGIÃO NORDESTE;PARAÍBA;ÓLEO DIESEL S-10;24620,559
2020;OUT;REGIÃO NORDESTE;PARAÍBA;ÓLEO DIESEL S-10;26227,52
2020;NOV;REGIÃO NORDESTE;PARAÍBA;ÓLEO DIESEL S-10;24444,75
2020;DEZ;REGIÃO NORDESTE;PARAÍBA;ÓLEO DIESEL S-10;25841,54
2020;JAN;REGIÃO NORDESTE;PERNAMBUCO;ÓLEO DIESEL S-10;118771,15
2020;FEV;REGIÃO NORDESTE;PERNAMBUCO;ÓLEO DIESEL S-10;108798,1
2020;MAR;REGIÃO NORDESTE;PERNAMBUCO;ÓLEO DIESEL S-10;101083,396
2020;ABR;REGIÃO NORDESTE;PERNAMBUCO;ÓLEO DIESEL S-10;76128,357
2020;MAI;REGIÃO NORDESTE;PERNAMBUCO;ÓLEO DIESEL S-10;86307,637
2020;JUN;REGIÃO NORDESTE;PERNAMBUCO;ÓLEO DIESEL S-10;98717,502
2020;JUL;REGIÃO NORDESTE;PERNAMBUCO;ÓLEO DIESEL S-10;111814,45
2020;AGO;REGIÃO NORDESTE;PERNAMBUCO;ÓLEO DIESEL S-10;115833,507
2020;SET;REGIÃO NORDESTE;PERNAMBUCO;ÓLEO DIESEL S-10;122730,31
2020;OUT;REGIÃO NORDESTE;PERNAMBUCO;ÓLEO DIESEL S-10;135701,475
2020;NOV;REGIÃO NORDESTE;PERNAMBUCO;ÓLEO DIESEL S-10;128858,121
2020;DEZ;REGIÃO NORDESTE;PERNAMBUCO;ÓLEO DIESEL S-10;130084,717
2020;JAN;REGIÃO NORDESTE;ALAGOAS;ÓLEO DIESEL S-10;19998,501
2020;FEV;REGIÃO NORDESTE;ALAGOAS;ÓLEO DIESEL S-10;16532
2020;MAR;REGIÃO NORDESTE;ALAGOAS;ÓLEO DIESEL S-10;15426,5
2020;ABR;REGIÃO NORDESTE;ALAGOAS;ÓLEO DIESEL S-10;12256,035
2020;MAI;REGIÃO NORDESTE;ALAGOAS;ÓLEO DIESEL S-10;12544,498
2020;JUN;REGIÃO NORDESTE;ALAGOAS;ÓLEO DIESEL S-10;13174
2020;JUL;REGIÃO NORDESTE;ALAGOAS;ÓLEO DIESEL S-10;15808,5
2020;AGO;REGIÃO NORDESTE;ALAGOAS;ÓLEO DIESEL S-10;16546
2020;SET;REGIÃO NORDESTE;ALAGOAS;ÓLEO DIESEL S-10;18869,5
2020;OUT;REGIÃO NORDESTE;ALAGOAS;ÓLEO DIESEL S-10;22573
2020;NOV;REGIÃO NORDESTE;ALAGOAS;ÓLEO DIESEL S-10;21098,348
2020;DEZ;REGIÃO NORDESTE;ALAGOAS;ÓLEO DIESEL S-10;22080,5
2020;JAN;REGIÃO NORDESTE;SERGIPE;ÓLEO DIESEL S-10;17821
2020;FEV;REGIÃO NORDESTE;SERGIPE;ÓLEO DIESEL S-10;17039,946
2020;MAR;REGIÃO NORDESTE;SERGIPE;ÓLEO DIESEL S-10;16888
2020;ABR;REGIÃO NORDESTE;SERGIPE;ÓLEO DIESEL S-10;14918,5
2020;MAI;REGIÃO NORDESTE;SERGIPE;ÓLEO DIESEL S-10;15255
2020;JUN;REGIÃO NORDESTE;SERGIPE;ÓLEO DIESEL S-10;16424
2020;JUL;REGIÃO NORDESTE;SERGIPE;ÓLEO DIESEL S-10;17650,5
2020;AGO;REGIÃO NORDESTE;SERGIPE;ÓLEO DIESEL S-10;18050,574
2020;SET;REGIÃO NORDESTE;SERGIPE;ÓLEO DIESEL S-10;19071
2020;OUT;REGIÃO NORDESTE;SERGIPE;ÓLEO DIESEL S-10;22024,266
2020;NOV;REGIÃO NORDESTE;SERGIPE;ÓLEO DIESEL S-10;20549,499
2020;DEZ;REGIÃO NORDESTE;SERGIPE;ÓLEO DIESEL S-10;22007
2020;JAN;REGIÃO NORDESTE;BAHIA;ÓLEO DIESEL S-10;142392,307
2020;FEV;REGIÃO NORDESTE;BAHIA;ÓLEO DIESEL S-10;138208,595
2020;MAR;REGIÃO NORDESTE;BAHIA;ÓLEO DIESEL S-10;146374,743
2020;ABR;REGIÃO NORDESTE;BAHIA;ÓLEO DIESEL S-10;124601,48
2020;MAI;REGIÃO NORDESTE;BAHIA;ÓLEO DIESEL S-10;131080,82
2020;JUN;REGIÃO NORDESTE;BAHIA;ÓLEO DIESEL S-10;139090,066
2020;JUL;REGIÃO NORDESTE;BAHIA;ÓLEO DIESEL S-10;159710,68
2020;AGO;REGIÃO NORDESTE;BAHIA;ÓLEO DIESEL S-10;167454,691
2020;SET;REGIÃO NORDESTE;BAHIA;ÓLEO DIESEL S-10;174377,406
2020;OUT;REGIÃO NORDESTE;BAHIA;ÓLEO DIESEL S-10;190129,37
2020;NOV;REGIÃO NORDESTE;BAHIA;ÓLEO DIESEL S-10;168859,558
2020;DEZ;REGIÃO NORDESTE;BAHIA;ÓLEO DIESEL S-10;175845,402
2020;JAN;REGIÃO SUDESTE;MINAS GERAIS;ÓLEO DIESEL S-10;239630,031
2020;FEV;REGIÃO SUDESTE;MINAS GERAIS;ÓLEO DIESEL S-10;244726,157
2020;MAR;REGIÃO SUDESTE;MINAS GERAIS;ÓLEO DIESEL S-10;264510,364
2020;ABR;REGIÃO SUDESTE;MINAS GERAIS;ÓLEO DIESEL S-10;232291,577
2020;MAI;REGIÃO SUDESTE;MINAS GERAIS;ÓLEO DIESEL S-10;260907,641
2020;JUN;REGIÃO SUDESTE;MINAS GERAIS;ÓLEO DIESEL S-10;288277,857
2020;JUL;REGIÃO SUDESTE;MINAS GERAIS;ÓLEO DIESEL S-10;320709,822
2020;AGO;REGIÃO SUDESTE;MINAS GERAIS;ÓLEO DIESEL S-10;321911,621
2020;SET;REGIÃO SUDESTE;MINAS GERAIS;ÓLEO DIESEL S-10;331155,055
2020;OUT;REGIÃO SUDESTE;MINAS GERAIS;ÓLEO DIESEL S-10;340314,335
2020;NOV;REGIÃO SUDESTE;MINAS GERAIS;ÓLEO DIESEL S-10;307372,814
2020;DEZ;REGIÃO SUDESTE;MINAS GERAIS;ÓLEO DIESEL S-10;305573,551
2020;JAN;REGIÃO SUDESTE;ESPÍRITO SANTO;ÓLEO DIESEL S-10;44684,349
2020;FEV;REGIÃO SUDESTE;ESPÍRITO SANTO;ÓLEO DIESEL S-10;44309,401
2020;MAR;REGIÃO SUDESTE;ESPÍRITO SANTO;ÓLEO DIESEL S-10;44630,5
2020;ABR;REGIÃO SUDESTE;ESPÍRITO SANTO;ÓLEO DIESEL S-10;38910,403
2020;MAI;REGIÃO SUDESTE;ESPÍRITO SANTO;ÓLEO DIESEL S-10;43492,6
2020;JUN;REGIÃO SUDESTE;ESPÍRITO SANTO;ÓLEO DIESEL S-10;46218,4
2020;JUL;REGIÃO SUDESTE;ESPÍRITO SANTO;ÓLEO DIESEL S-10;53089,8
2020;AGO;REGIÃO SUDESTE;ESPÍRITO SANTO;ÓLEO DIESEL S-10;52096,9
2020;SET;REGIÃO SUDESTE;ESPÍRITO SANTO;ÓLEO DIESEL S-10;52866,593
2020;OUT;REGIÃO SUDESTE;ESPÍRITO SANTO;ÓLEO DIESEL S-10;56835,6
2020;NOV;REGIÃO SUDESTE;ESPÍRITO SANTO;ÓLEO DIESEL S-10;50615,1
2020;DEZ;REGIÃO SUDESTE;ESPÍRITO SANTO;ÓLEO DIESEL S-10;55641,1
2020;JAN;REGIÃO SUDESTE;RIO DE JANEIRO;ÓLEO DIESEL S-10;122668,807
2020;FEV;REGIÃO SUDESTE;RIO DE JANEIRO;ÓLEO DIESEL S-10;114535,833
2020;MAR;REGIÃO SUDESTE;RIO DE JANEIRO;ÓLEO DIESEL S-10;102187,833
2020;ABR;REGIÃO SUDESTE;RIO DE JANEIRO;ÓLEO DIESEL S-10;65885,306
2020;MAI;REGIÃO SUDESTE;RIO DE JANEIRO;ÓLEO DIESEL S-10;74868,04
2020;JUN;REGIÃO SUDESTE;RIO DE JANEIRO;ÓLEO DIESEL S-10;87314,93
2020;JUL;REGIÃO SUDESTE;RIO DE JANEIRO;ÓLEO DIESEL S-10;101286,545
2020;AGO;REGIÃO SUDESTE;RIO DE JANEIRO;ÓLEO DIESEL S-10;102883,164
2020;SET;REGIÃO SUDESTE;RIO DE JANEIRO;ÓLEO DIESEL S-10;105792,777
2020;OUT;REGIÃO SUDESTE;RIO DE JANEIRO;ÓLEO DIESEL S-10;116138,581
2020;NOV;REGIÃO SUDESTE;RIO DE JANEIRO;ÓLEO DIESEL S-10;103676,552
2020;DEZ;REGIÃO SUDESTE;RIO DE JANEIRO;ÓLEO DIESEL S-10;118314,372
2020;JAN;REGIÃO SUDESTE;SÃO PAULO;ÓLEO DIESEL S-10;487533,192
2020;FEV;REGIÃO SUDESTE;SÃO PAULO;ÓLEO DIESEL S-10;486615,733
2020;MAR;REGIÃO SUDESTE;SÃO PAULO;ÓLEO DIESEL S-10;514262,967
2020;ABR;REGIÃO SUDESTE;SÃO PAULO;ÓLEO DIESEL S-10;431473,083
2020;MAI;REGIÃO SUDESTE;SÃO PAULO;ÓLEO DIESEL S-10;478225,751
2020;JUN;REGIÃO SUDESTE;SÃO PAULO;ÓLEO DIESEL S-10;528114,241
2020;JUL;REGIÃO SUDESTE;SÃO PAULO;ÓLEO DIESEL S-10;584658,006
2020;AGO;REGIÃO SUDESTE;SÃO PAULO;ÓLEO DIESEL S-10;581575,505
2020;SET;REGIÃO SUDESTE;SÃO PAULO;ÓLEO DIESEL S-10;596948,255
2020;OUT;REGIÃO SUDESTE;SÃO PAULO;ÓLEO DIESEL S-10;636789,653
2020;NOV;REGIÃO SUDESTE;SÃO PAULO;ÓLEO DIESEL S-10;559483,29
2020;DEZ;REGIÃO SUDESTE;SÃO PAULO;ÓLEO DIESEL S-10;563520,02
2020;JAN;REGIÃO SUL;PARANÁ;ÓLEO DIESEL S-10;199811,698
2020;FEV;REGIÃO SUL;PARANÁ;ÓLEO DIESEL S-10;211114,396
2020;MAR;REGIÃO SUL;PARANÁ;ÓLEO DIESEL S-10;220792,252
2020;ABR;REGIÃO SUL;PARANÁ;ÓLEO DIESEL S-10;189614,324
2020;MAI;REGIÃO SUL;PARANÁ;ÓLEO DIESEL S-10;213495,06
2020;JUN;REGIÃO SUL;PARANÁ;ÓLEO DIESEL S-10;220289,172
2020;JUL;REGIÃO SUL;PARANÁ;ÓLEO DIESEL S-10;238938,65
2020;AGO;REGIÃO SUL;PARANÁ;ÓLEO DIESEL S-10;246026,55
2020;SET;REGIÃO SUL;PARANÁ;ÓLEO DIESEL S-10;252101,778
2020;OUT;REGIÃO SUL;PARANÁ;ÓLEO DIESEL S-10;267700,426
2020;NOV;REGIÃO SUL;PARANÁ;ÓLEO DIESEL S-10;245140,164
2020;DEZ;REGIÃO SUL;PARANÁ;ÓLEO DIESEL S-10;239598,036
2020;JAN;REGIÃO SUL;SANTA CATARINA;ÓLEO DIESEL S-10;114209,234
2020;FEV;REGIÃO SUL;SANTA CATARINA;ÓLEO DIESEL S-10;110698,386
2020;MAR;REGIÃO SUL;SANTA CATARINA;ÓLEO DIESEL S-10;108161,187
2020;ABR;REGIÃO SUL;SANTA CATARINA;ÓLEO DIESEL S-10;93696,513
2020;MAI;REGIÃO SUL;SANTA CATARINA;ÓLEO DIESEL S-10;104816,723
2020;JUN;REGIÃO SUL;SANTA CATARINA;ÓLEO DIESEL S-10;108802,56
2020;JUL;REGIÃO SUL;SANTA CATARINA;ÓLEO DIESEL S-10;121468,815
2020;AGO;REGIÃO SUL;SANTA CATARINA;ÓLEO DIESEL S-10;122982,514
2020;SET;REGIÃO SUL;SANTA CATARINA;ÓLEO DIESEL S-10;128959,148
2020;OUT;REGIÃO SUL;SANTA CATARINA;ÓLEO DIESEL S-10;139494,045
2020;NOV;REGIÃO SUL;SANTA CATARINA;ÓLEO DIESEL S-10;131518,586
2020;DEZ;REGIÃO SUL;SANTA CATARINA;ÓLEO DIESEL S-10;130473,387
2020;JAN;REGIÃO SUL;RIO GRANDE DO SUL;ÓLEO DIESEL S-10;120502,635
2020;FEV;REGIÃO SUL;RIO GRANDE DO SUL;ÓLEO DIESEL S-10;118368,612
2020;MAR;REGIÃO SUL;RIO GRANDE DO SUL;ÓLEO DIESEL S-10;133042,84
2020;ABR;REGIÃO SUL;RIO GRANDE DO SUL;ÓLEO DIESEL S-10;113671,393
2020;MAI;REGIÃO SUL;RIO GRANDE DO SUL;ÓLEO DIESEL S-10;122145,796
2020;JUN;REGIÃO SUL;RIO GRANDE DO SUL;ÓLEO DIESEL S-10;126311,902
2020;JUL;REGIÃO SUL;RIO GRANDE DO SUL;ÓLEO DIESEL S-10;131114,858
2020;AGO;REGIÃO SUL;RIO GRANDE DO SUL;ÓLEO DIESEL S-10;140523,039
2020;SET;REGIÃO SUL;RIO GRANDE DO SUL;ÓLEO DIESEL S-10;134706,106
2020;OUT;REGIÃO SUL;RIO GRANDE DO SUL;ÓLEO DIESEL S-10;157053,722
2020;NOV;REGIÃO SUL;RIO GRANDE DO SUL;ÓLEO DIESEL S-10;145551,678
2020;DEZ;REGIÃO SUL;RIO GRANDE DO SUL;ÓLEO DIESEL S-10;142708,506
2020;JAN;REGIÃO CENTRO-OESTE;MATO GROSSO DO SUL;ÓLEO DIESEL S-10;46062,481
2020;FEV;REGIÃO CENTRO-OESTE;MATO GROSSO DO SUL;ÓLEO DIESEL S-10;55001,819
2020;MAR;REGIÃO CENTRO-OESTE;MATO GROSSO DO SUL;ÓLEO DIESEL S-10;61555,277
2020;ABR;REGIÃO CENTRO-OESTE;MATO GROSSO DO SUL;ÓLEO DIESEL S-10;47728,828
2020;MAI;REGIÃO CENTRO-OESTE;MATO GROSSO DO SUL;ÓLEO DIESEL S-10;53281,606
2020;JUN;REGIÃO CENTRO-OESTE;MATO GROSSO DO SUL;ÓLEO DIESEL S-10;56068,016
2020;JUL;REGIÃO CENTRO-OESTE;MATO GROSSO DO SUL;ÓLEO DIESEL S-10;66547,051
2020;AGO;REGIÃO CENTRO-OESTE;MATO GROSSO DO SUL;ÓLEO DIESEL S-10;63506,258
2020;SET;REGIÃO CENTRO-OESTE;MATO GROSSO DO SUL;ÓLEO DIESEL S-10;69999,514
2020;OUT;REGIÃO CENTRO-OESTE;MATO GROSSO DO SUL;ÓLEO DIESEL S-10;73011,93
2020;NOV;REGIÃO CENTRO-OESTE;MATO GROSSO DO SUL;ÓLEO DIESEL S-10;66503,689
2020;DEZ;REGIÃO CENTRO-OESTE;MATO GROSSO DO SUL;ÓLEO DIESEL S-10;58958,708
2020;JAN;REGIÃO CENTRO-OESTE;MATO GROSSO;ÓLEO DIESEL S-10;120568,539
2020;FEV;REGIÃO CENTRO-OESTE;MATO GROSSO;ÓLEO DIESEL S-10;135612,539
2020;MAR;REGIÃO CENTRO-OESTE;MATO GROSSO;ÓLEO DIESEL S-10;114747,956
2020;ABR;REGIÃO CENTRO-OESTE;MATO GROSSO;ÓLEO DIESEL S-10;99013,495
2020;MAI;REGIÃO CENTRO-OESTE;MATO GROSSO;ÓLEO DIESEL S-10;116153,908
2020;JUN;REGIÃO CENTRO-OESTE;MATO GROSSO;ÓLEO DIESEL S-10;142307,842
2020;JUL;REGIÃO CENTRO-OESTE;MATO GROSSO;ÓLEO DIESEL S-10;159594,723
2020;AGO;REGIÃO CENTRO-OESTE;MATO GROSSO;ÓLEO DIESEL S-10;147260,479
2020;SET;REGIÃO CENTRO-OESTE;MATO GROSSO;ÓLEO DIESEL S-10;139788,32
2020;OUT;REGIÃO CENTRO-OESTE;MATO GROSSO;ÓLEO DIESEL S-10;149166,199
2020;NOV;REGIÃO CENTRO-OESTE;MATO GROSSO;ÓLEO DIESEL S-10;119640,829
2020;DEZ;REGIÃO CENTRO-OESTE;MATO GROSSO;ÓLEO DIESEL S-10;110658,538
2020;JAN;REGIÃO CENTRO-OESTE;GOIÁS;ÓLEO DIESEL S-10;90277,098
2020;FEV;REGIÃO CENTRO-OESTE;GOIÁS;ÓLEO DIESEL S-10;103740,701
2020;MAR;REGIÃO CENTRO-OESTE;GOIÁS;ÓLEO DIESEL S-10;108458,2
2020;ABR;REGIÃO CENTRO-OESTE;GOIÁS;ÓLEO DIESEL S-10;95056,26
2020;MAI;REGIÃO CENTRO-OESTE;GOIÁS;ÓLEO DIESEL S-10;107576,242
2020;JUN;REGIÃO CENTRO-OESTE;GOIÁS;ÓLEO DIESEL S-10;119592,13
2020;JUL;REGIÃO CENTRO-OESTE;GOIÁS;ÓLEO DIESEL S-10;136980,4
2020;AGO;REGIÃO CENTRO-OESTE;GOIÁS;ÓLEO DIESEL S-10;133606,26
2020;SET;REGIÃO CENTRO-OESTE;GOIÁS;ÓLEO DIESEL S-10;133236,75
2020;OUT;REGIÃO CENTRO-OESTE;GOIÁS;ÓLEO DIESEL S-10;145439,175
2020;NOV;REGIÃO CENTRO-OESTE;GOIÁS;ÓLEO DIESEL S-10;120283,24
2020;DEZ;REGIÃO CENTRO-OESTE;GOIÁS;ÓLEO DIESEL S-10;114923,433
2020;JAN;REGIÃO CENTRO-OESTE;DISTRITO FEDERAL;ÓLEO DIESEL S-10;18411
2020;FEV;REGIÃO CENTRO-OESTE;DISTRITO FEDERAL;ÓLEO DIESEL S-10;19800
2020;MAR;REGIÃO CENTRO-OESTE;DISTRITO FEDERAL;ÓLEO DIESEL S-10;19228
2020;ABR;REGIÃO CENTRO-OESTE;DISTRITO FEDERAL;ÓLEO DIESEL S-10;14669,575
2020;MAI;REGIÃO CENTRO-OESTE;DISTRITO FEDERAL;ÓLEO DIESEL S-10;16481
2020;JUN;REGIÃO CENTRO-OESTE;DISTRITO FEDERAL;ÓLEO DIESEL S-10;17669
2020;JUL;REGIÃO CENTRO-OESTE;DISTRITO FEDERAL;ÓLEO DIESEL S-10;19197
2020;AGO;REGIÃO CENTRO-OESTE;DISTRITO FEDERAL;ÓLEO DIESEL S-10;19854
2020;SET;REGIÃO CENTRO-OESTE;DISTRITO FEDERAL;ÓLEO DIESEL S-10;20654
2020;OUT;REGIÃO CENTRO-OESTE;DISTRITO FEDERAL;ÓLEO DIESEL S-10;22085
2020;NOV;REGIÃO CENTRO-OESTE;DISTRITO FEDERAL;ÓLEO DIESEL S-10;19882
2020;DEZ;REGIÃO CENTRO-OESTE;DISTRITO FEDERAL;ÓLEO DIESEL S-10;22673
2020;JAN;REGIÃO NORTE;RONDÔNIA;ÓLEO DIESEL S-500;34961,141
2020;FEV;REGIÃO NORTE;RONDÔNIA;ÓLEO DIESEL S-500;36864,917
2020;MAR;REGIÃO NORTE;RONDÔNIA;ÓLEO DIESEL S-500;36205,18
2020;ABR;REGIÃO NORTE;RONDÔNIA;ÓLEO DIESEL S-500;35089,704
2020;MAI;REGIÃO NORTE;RONDÔNIA;ÓLEO DIESEL S-500;37248,746
2020;JUN;REGIÃO NORTE;RONDÔNIA;ÓLEO DIESEL S-500;40728,086
2020;JUL;REGIÃO NORTE;RONDÔNIA;ÓLEO DIESEL S-500;45660,931
2020;AGO;REGIÃO NORTE;RONDÔNIA;ÓLEO DIESEL S-500;41916,954
2020;SET;REGIÃO NORTE;RONDÔNIA;ÓLEO DIESEL S-500;41048,495
2020;OUT;REGIÃO NORTE;RONDÔNIA;ÓLEO DIESEL S-500;41770,506
2020;NOV;REGIÃO NORTE;RONDÔNIA;ÓLEO DIESEL S-500;37341,883
2020;DEZ;REGIÃO NORTE;RONDÔNIA;ÓLEO DIESEL S-500;36361,764
2020;JAN;REGIÃO NORTE;ACRE;ÓLEO DIESEL S-500;9356,3
2020;FEV;REGIÃO NORTE;ACRE;ÓLEO DIESEL S-500;8343,8
2020;MAR;REGIÃO NORTE;ACRE;ÓLEO DIESEL S-500;8856,2
2020;ABR;REGIÃO NORTE;ACRE;ÓLEO DIESEL S-500;9190,7
2020;MAI;REGIÃO NORTE;ACRE;ÓLEO DIESEL S-500;9271,4
2020;JUN;REGIÃO NORTE;ACRE;ÓLEO DIESEL S-500;8934,3
2020;JUL;REGIÃO NORTE;ACRE;ÓLEO DIESEL S-500;10712
2020;AGO;REGIÃO NORTE;ACRE;ÓLEO DIESEL S-500;10695
2020;SET;REGIÃO NORTE;ACRE;ÓLEO DIESEL S-500;11442
2020;OUT;REGIÃO NORTE;ACRE;ÓLEO DIESEL S-500;11543,2
2020;NOV;REGIÃO NORTE;ACRE;ÓLEO DIESEL S-500;10236,4
2020;DEZ;REGIÃO NORTE;ACRE;ÓLEO DIESEL S-500;9731,9
2020;JAN;REGIÃO NORTE;AMAZONAS;ÓLEO DIESEL S-500;42689,787
2020;FEV;REGIÃO NORTE;AMAZONAS;ÓLEO DIESEL S-500;34093,805
2020;MAR;REGIÃO NORTE;AMAZONAS;ÓLEO DIESEL S-500;36983,363
2020;ABR;REGIÃO NORTE;AMAZONAS;ÓLEO DIESEL S-500;25888,34
2020;MAI;REGIÃO NORTE;AMAZONAS;ÓLEO DIESEL S-500;27822,144
2020;JUN;REGIÃO NORTE;AMAZONAS;ÓLEO DIESEL S-500;26245,952
2020;JUL;REGIÃO NORTE;AMAZONAS;ÓLEO DIESEL S-500;20645,147
2020;AGO;REGIÃO NORTE;AMAZONAS;ÓLEO DIESEL S-500;30820,474
2020;SET;REGIÃO NORTE;AMAZONAS;ÓLEO DIESEL S-500;29733,699
2020;OUT;REGIÃO NORTE;AMAZONAS;ÓLEO DIESEL S-500;30734,935
2020;NOV;REGIÃO NORTE;AMAZONAS;ÓLEO DIESEL S-500;25424,764
2020;DEZ;REGIÃO NORTE;AMAZONAS;ÓLEO DIESEL S-500;17645,497
2020;JAN;REGIÃO NORTE;RORAIMA;ÓLEO DIESEL S-500;31961
2020;FEV;REGIÃO NORTE;RORAIMA;ÓLEO DIESEL S-500;34240,734
2020;MAR;REGIÃO NORTE;RORAIMA;ÓLEO DIESEL S-500;36130
2020;ABR;REGIÃO NORTE;RORAIMA;ÓLEO DIESEL S-500;31567,6
2020;MAI;REGIÃO NORTE;RORAIMA;ÓLEO DIESEL S-500;30746,063
2020;JUN;REGIÃO NORTE;RORAIMA;ÓLEO DIESEL S-500;26603,2
2020;JUL;REGIÃO NORTE;RORAIMA;ÓLEO DIESEL S-500;30811
2020;AGO;REGIÃO NORTE;RORAIMA;ÓLEO DIESEL S-500;30543,141
2020;SET;REGIÃO NORTE;RORAIMA;ÓLEO DIESEL S-500;33080,402
2020;OUT;REGIÃO NORTE;RORAIMA;ÓLEO DIESEL S-500;37308,428
2020;NOV;REGIÃO NORTE;RORAIMA;ÓLEO DIESEL S-500;35323,1
2020;DEZ;REGIÃO NORTE;RORAIMA;ÓLEO DIESEL S-500;36284,876
2020;JAN;REGIÃO NORTE;PARÁ;ÓLEO DIESEL S-500;84606,153
2020;FEV;REGIÃO NORTE;PARÁ;ÓLEO DIESEL S-500;81208,889
2020;MAR;REGIÃO NORTE;PARÁ;ÓLEO DIESEL S-500;84718,594
2020;ABR;REGIÃO NORTE;PARÁ;ÓLEO DIESEL S-500;79856,882
2020;MAI;REGIÃO NORTE;PARÁ;ÓLEO DIESEL S-500;85220,831
2020;JUN;REGIÃO NORTE;PARÁ;ÓLEO DIESEL S-500;92422,533
2020;JUL;REGIÃO NORTE;PARÁ;ÓLEO DIESEL S-500;100676,074
2020;AGO;REGIÃO NORTE;PARÁ;ÓLEO DIESEL S-500;99069,452
2020;SET;REGIÃO NORTE;PARÁ;ÓLEO DIESEL S-500;97304,813
2020;OUT;REGIÃO NORTE;PARÁ;ÓLEO DIESEL S-500;99918,699
2020;NOV;REGIÃO NORTE;PARÁ;ÓLEO DIESEL S-500;85370,238
2020;DEZ;REGIÃO NORTE;PARÁ;ÓLEO DIESEL S-500;89827,688
2020;JAN;REGIÃO NORTE;AMAPÁ;ÓLEO DIESEL S-500;6712,952
2020;FEV;REGIÃO NORTE;AMAPÁ;ÓLEO DIESEL S-500;6104,262
2020;MAR;REGIÃO NORTE;AMAPÁ;ÓLEO DIESEL S-500;6429,554
2020;ABR;REGIÃO NORTE;AMAPÁ;ÓLEO DIESEL S-500;6690,552
2020;MAI;REGIÃO NORTE;AMAPÁ;ÓLEO DIESEL S-500;6078,3
2020;JUN;REGIÃO NORTE;AMAPÁ;ÓLEO DIESEL S-500;6465,312
2020;JUL;REGIÃO NORTE;AMAPÁ;ÓLEO DIESEL S-500;7026,556
2020;AGO;REGIÃO NORTE;AMAPÁ;ÓLEO DIESEL S-500;7948,5
2020;SET;REGIÃO NORTE;AMAPÁ;ÓLEO DIESEL S-500;7337,537
2020;OUT;REGIÃO NORTE;AMAPÁ;ÓLEO DIESEL S-500;7500,861
2020;NOV;REGIÃO NORTE;AMAPÁ;ÓLEO DIESEL S-500;8340,377
2020;DEZ;REGIÃO NORTE;AMAPÁ;ÓLEO DIESEL S-500;9173,111
2020;JAN;REGIÃO NORTE;TOCANTINS;ÓLEO DIESEL S-500;32948,55
2020;FEV;REGIÃO NORTE;TOCANTINS;ÓLEO DIESEL S-500;38344,63
2020;MAR;REGIÃO NORTE;TOCANTINS;ÓLEO DIESEL S-500;39744,79
2020;ABR;REGIÃO NORTE;TOCANTINS;ÓLEO DIESEL S-500;33755,08
2020;MAI;REGIÃO NORTE;TOCANTINS;ÓLEO DIESEL S-500;35806,86
2020;JUN;REGIÃO NORTE;TOCANTINS;ÓLEO DIESEL S-500;36373,611
2020;JUL;REGIÃO NORTE;TOCANTINS;ÓLEO DIESEL S-500;40821,18
2020;AGO;REGIÃO NORTE;TOCANTINS;ÓLEO DIESEL S-500;38864,19
2020;SET;REGIÃO NORTE;TOCANTINS;ÓLEO DIESEL S-500;39696,75
2020;OUT;REGIÃO NORTE;TOCANTINS;ÓLEO DIESEL S-500;41845,63
2020;NOV;REGIÃO NORTE;TOCANTINS;ÓLEO DIESEL S-500;38053,17
2020;DEZ;REGIÃO NORTE;TOCANTINS;ÓLEO DIESEL S-500;35135,19
2020;JAN;REGIÃO NORDESTE;MARANHÃO;ÓLEO DIESEL S-500;56710,576
2020;FEV;REGIÃO NORDESTE;MARANHÃO;ÓLEO DIESEL S-500;52940,062
2020;MAR;REGIÃO NORDESTE;MARANHÃO;ÓLEO DIESEL S-500;49630,464
2020;ABR;REGIÃO NORDESTE;MARANHÃO;ÓLEO DIESEL S-500;47941,258
2020;MAI;REGIÃO NORDESTE;MARANHÃO;ÓLEO DIESEL S-500;47867,157
2020;JUN;REGIÃO NORDESTE;MARANHÃO;ÓLEO DIESEL S-500;60973,981
2020;JUL;REGIÃO NORDESTE;MARANHÃO;ÓLEO DIESEL S-500;63727,188
2020;AGO;REGIÃO NORDESTE;MARANHÃO;ÓLEO DIESEL S-500;67243,968
2020;SET;REGIÃO NORDESTE;MARANHÃO;ÓLEO DIESEL S-500;67288,332
2020;OUT;REGIÃO NORDESTE;MARANHÃO;ÓLEO DIESEL S-500;69554,353
2020;NOV;REGIÃO NORDESTE;MARANHÃO;ÓLEO DIESEL S-500;67295,168
2020;DEZ;REGIÃO NORDESTE;MARANHÃO;ÓLEO DIESEL S-500;55215,946
2020;JAN;REGIÃO NORDESTE;PIAUÍ;ÓLEO DIESEL S-500;15926
2020;FEV;REGIÃO NORDESTE;PIAUÍ;ÓLEO DIESEL S-500;13305,58
2020;MAR;REGIÃO NORDESTE;PIAUÍ;ÓLEO DIESEL S-500;13461,343
2020;ABR;REGIÃO NORDESTE;PIAUÍ;ÓLEO DIESEL S-500;12493,85
2020;MAI;REGIÃO NORDESTE;PIAUÍ;ÓLEO DIESEL S-500;14733,62
2020;JUN;REGIÃO NORDESTE;PIAUÍ;ÓLEO DIESEL S-500;15910,25
2020;JUL;REGIÃO NORDESTE;PIAUÍ;ÓLEO DIESEL S-500;17508,26
2020;AGO;REGIÃO NORDESTE;PIAUÍ;ÓLEO DIESEL S-500;16541,22
2020;SET;REGIÃO NORDESTE;PIAUÍ;ÓLEO DIESEL S-500;16730,14
2020;OUT;REGIÃO NORDESTE;PIAUÍ;ÓLEO DIESEL S-500;17664,38
2020;NOV;REGIÃO NORDESTE;PIAUÍ;ÓLEO DIESEL S-500;15908,72
2020;DEZ;REGIÃO NORDESTE;PIAUÍ;ÓLEO DIESEL S-500;17172,08
2020;JAN;REGIÃO NORDESTE;CEARÁ;ÓLEO DIESEL S-500;10690,1
2020;FEV;REGIÃO NORDESTE;CEARÁ;ÓLEO DIESEL S-500;9493,4
2020;MAR;REGIÃO NORDESTE;CEARÁ;ÓLEO DIESEL S-500;7771,114
2020;ABR;REGIÃO NORDESTE;CEARÁ;ÓLEO DIESEL S-500;5708,9
2020;MAI;REGIÃO NORDESTE;CEARÁ;ÓLEO DIESEL S-500;7119,6
2020;JUN;REGIÃO NORDESTE;CEARÁ;ÓLEO DIESEL S-500;8242,6
2020;JUL;REGIÃO NORDESTE;CEARÁ;ÓLEO DIESEL S-500;9085,9
2020;AGO;REGIÃO NORDESTE;CEARÁ;ÓLEO DIESEL S-500;9157,9
2020;SET;REGIÃO NORDESTE;CEARÁ;ÓLEO DIESEL S-500;9049,6
2020;OUT;REGIÃO NORDESTE;CEARÁ;ÓLEO DIESEL S-500;9666,9
2020;NOV;REGIÃO NORDESTE;CEARÁ;ÓLEO DIESEL S-500;8536,8
2020;DEZ;REGIÃO NORDESTE;CEARÁ;ÓLEO DIESEL S-500;8908,6
2020;JAN;REGIÃO NORDESTE;RIO GRANDE DO NORTE;ÓLEO DIESEL S-500;21591,103
2020;FEV;REGIÃO NORDESTE;RIO GRANDE DO NORTE;ÓLEO DIESEL S-500;19515,5
2020;MAR;REGIÃO NORDESTE;RIO GRANDE DO NORTE;ÓLEO DIESEL S-500;18230,768
2020;ABR;REGIÃO NORDESTE;RIO GRANDE DO NORTE;ÓLEO DIESEL S-500;14969,947
2020;MAI;REGIÃO NORDESTE;RIO GRANDE DO NORTE;ÓLEO DIESEL S-500;16973,5
2020;JUN;REGIÃO NORDESTE;RIO GRANDE DO NORTE;ÓLEO DIESEL S-500;18245,1
2020;JUL;REGIÃO NORDESTE;RIO GRANDE DO NORTE;ÓLEO DIESEL S-500;20335,1
2020;AGO;REGIÃO NORDESTE;RIO GRANDE DO NORTE;ÓLEO DIESEL S-500;19552
2020;SET;REGIÃO NORDESTE;RIO GRANDE DO NORTE;ÓLEO DIESEL S-500;20346,2
2020;OUT;REGIÃO NORDESTE;RIO GRANDE DO NORTE;ÓLEO DIESEL S-500;23339
2020;NOV;REGIÃO NORDESTE;RIO GRANDE DO NORTE;ÓLEO DIESEL S-500;24313,5
2020;DEZ;REGIÃO NORDESTE;RIO GRANDE DO NORTE;ÓLEO DIESEL S-500;21730,342
2020;JAN;REGIÃO NORDESTE;PARAÍBA;ÓLEO DIESEL S-500;14109,38
2020;FEV;REGIÃO NORDESTE;PARAÍBA;ÓLEO DIESEL S-500;11929,8
2020;MAR;REGIÃO NORDESTE;PARAÍBA;ÓLEO DIESEL S-500;11038,56
2020;ABR;REGIÃO NORDESTE;PARAÍBA;ÓLEO DIESEL S-500;8728,2
2020;MAI;REGIÃO NORDESTE;PARAÍBA;ÓLEO DIESEL S-500;9356,82
2020;JUN;REGIÃO NORDESTE;PARAÍBA;ÓLEO DIESEL S-500;10556,83
2020;JUL;REGIÃO NORDESTE;PARAÍBA;ÓLEO DIESEL S-500;12767
2020;AGO;REGIÃO NORDESTE;PARAÍBA;ÓLEO DIESEL S-500;13749,47
2020;SET;REGIÃO NORDESTE;PARAÍBA;ÓLEO DIESEL S-500;14770,76
2020;OUT;REGIÃO NORDESTE;PARAÍBA;ÓLEO DIESEL S-500;16088,33
2020;NOV;REGIÃO NORDESTE;PARAÍBA;ÓLEO DIESEL S-500;13355,9
2020;DEZ;REGIÃO NORDESTE;PARAÍBA;ÓLEO DIESEL S-500;14596,43
2020;JAN;REGIÃO NORDESTE;PERNAMBUCO;ÓLEO DIESEL S-500;3187,1
2020;FEV;REGIÃO NORDESTE;PERNAMBUCO;ÓLEO DIESEL S-500;2579,1
2020;MAR;REGIÃO NORDESTE;PERNAMBUCO;ÓLEO DIESEL S-500;2475,9
2020;ABR;REGIÃO NORDESTE;PERNAMBUCO;ÓLEO DIESEL S-500;2140,5
2020;MAI;REGIÃO NORDESTE;PERNAMBUCO;ÓLEO DIESEL S-500;2111,4
2020;JUN;REGIÃO NORDESTE;PERNAMBUCO;ÓLEO DIESEL S-500;2353,8
2020;JUL;REGIÃO NORDESTE;PERNAMBUCO;ÓLEO DIESEL S-500;2542,4
2020;AGO;REGIÃO NORDESTE;PERNAMBUCO;ÓLEO DIESEL S-500;2628,1
2020;SET;REGIÃO NORDESTE;PERNAMBUCO;ÓLEO DIESEL S-500;2750,8
2020;OUT;REGIÃO NORDESTE;PERNAMBUCO;ÓLEO DIESEL S-500;2923,1
2020;NOV;REGIÃO NORDESTE;PERNAMBUCO;ÓLEO DIESEL S-500;4234,5
2020;DEZ;REGIÃO NORDESTE;PERNAMBUCO;ÓLEO DIESEL S-500;2830,2
2020;JAN;REGIÃO NORDESTE;ALAGOAS;ÓLEO DIESEL S-500;13637
2020;FEV;REGIÃO NORDESTE;ALAGOAS;ÓLEO DIESEL S-500;11617
2020;MAR;REGIÃO NORDESTE;ALAGOAS;ÓLEO DIESEL S-500;9809
2020;ABR;REGIÃO NORDESTE;ALAGOAS;ÓLEO DIESEL S-500;7835,5
2020;MAI;REGIÃO NORDESTE;ALAGOAS;ÓLEO DIESEL S-500;7381,5
2020;JUN;REGIÃO NORDESTE;ALAGOAS;ÓLEO DIESEL S-500;7371,5
2020;JUL;REGIÃO NORDESTE;ALAGOAS;ÓLEO DIESEL S-500;9372,5
2020;AGO;REGIÃO NORDESTE;ALAGOAS;ÓLEO DIESEL S-500;10006
2020;SET;REGIÃO NORDESTE;ALAGOAS;ÓLEO DIESEL S-500;11104,7
2020;OUT;REGIÃO NORDESTE;ALAGOAS;ÓLEO DIESEL S-500;13938,5
2020;NOV;REGIÃO NORDESTE;ALAGOAS;ÓLEO DIESEL S-500;12972
2020;DEZ;REGIÃO NORDESTE;ALAGOAS;ÓLEO DIESEL S-500;13612,5
2020;JAN;REGIÃO NORDESTE;SERGIPE;ÓLEO DIESEL S-500;8474,5
2020;FEV;REGIÃO NORDESTE;SERGIPE;ÓLEO DIESEL S-500;6958,5
2020;MAR;REGIÃO NORDESTE;SERGIPE;ÓLEO DIESEL S-500;7106,5
2020;ABR;REGIÃO NORDESTE;SERGIPE;ÓLEO DIESEL S-500;7136
2020;MAI;REGIÃO NORDESTE;SERGIPE;ÓLEO DIESEL S-500;7895
2020;JUN;REGIÃO NORDESTE;SERGIPE;ÓLEO DIESEL S-500;6654,5
2020;JUL;REGIÃO NORDESTE;SERGIPE;ÓLEO DIESEL S-500;6956
2020;AGO;REGIÃO NORDESTE;SERGIPE;ÓLEO DIESEL S-500;7447,5
2020;SET;REGIÃO NORDESTE;SERGIPE;ÓLEO DIESEL S-500;6888
2020;OUT;REGIÃO NORDESTE;SERGIPE;ÓLEO DIESEL S-500;7957
2020;NOV;REGIÃO NORDESTE;SERGIPE;ÓLEO DIESEL S-500;7234,5
2020;DEZ;REGIÃO NORDESTE;SERGIPE;ÓLEO DIESEL S-500;7393,5
2020;JAN;REGIÃO NORDESTE;BAHIA;ÓLEO DIESEL S-500;103435,3
2020;FEV;REGIÃO NORDESTE;BAHIA;ÓLEO DIESEL S-500;97063,4
2020;MAR;REGIÃO NORDESTE;BAHIA;ÓLEO DIESEL S-500;101373,021
2020;ABR;REGIÃO NORDESTE;BAHIA;ÓLEO DIESEL S-500;87812,186
2020;MAI;REGIÃO NORDESTE;BAHIA;ÓLEO DIESEL S-500;91804,403
2020;JUN;REGIÃO NORDESTE;BAHIA;ÓLEO DIESEL S-500;102269,247
2020;JUL;REGIÃO NORDESTE;BAHIA;ÓLEO DIESEL S-500;108356,101
2020;AGO;REGIÃO NORDESTE;BAHIA;ÓLEO DIESEL S-500;111616,511
2020;SET;REGIÃO NORDESTE;BAHIA;ÓLEO DIESEL S-500;111922,599
2020;OUT;REGIÃO NORDESTE;BAHIA;ÓLEO DIESEL S-500;118448,539
2020;NOV;REGIÃO NORDESTE;BAHIA;ÓLEO DIESEL S-500;103879,1
2020;DEZ;REGIÃO NORDESTE;BAHIA;ÓLEO DIESEL S-500;104832,495
2020;JAN;REGIÃO SUDESTE;MINAS GERAIS;ÓLEO DIESEL S-500;272212,094
2020;FEV;REGIÃO SUDESTE;MINAS GERAIS;ÓLEO DIESEL S-500;268613,929
2020;MAR;REGIÃO SUDESTE;MINAS GERAIS;ÓLEO DIESEL S-500;296150,559
2020;ABR;REGIÃO SUDESTE;MINAS GERAIS;ÓLEO DIESEL S-500;258639,867
2020;MAI;REGIÃO SUDESTE;MINAS GERAIS;ÓLEO DIESEL S-500;278235,345
2020;JUN;REGIÃO SUDESTE;MINAS GERAIS;ÓLEO DIESEL S-500;302538,15
2020;JUL;REGIÃO SUDESTE;MINAS GERAIS;ÓLEO DIESEL S-500;331557,97
2020;AGO;REGIÃO SUDESTE;MINAS GERAIS;ÓLEO DIESEL S-500;323497,518
2020;SET;REGIÃO SUDESTE;MINAS GERAIS;ÓLEO DIESEL S-500;326407,606
2020;OUT;REGIÃO SUDESTE;MINAS GERAIS;ÓLEO DIESEL S-500;321890,858
2020;NOV;REGIÃO SUDESTE;MINAS GERAIS;ÓLEO DIESEL S-500;285563,54
2020;DEZ;REGIÃO SUDESTE;MINAS GERAIS;ÓLEO DIESEL S-500;268207,197
2020;JAN;REGIÃO SUDESTE;ESPÍRITO SANTO;ÓLEO DIESEL S-500;40113,03
2020;FEV;REGIÃO SUDESTE;ESPÍRITO SANTO;ÓLEO DIESEL S-500;39997,621
2020;MAR;REGIÃO SUDESTE;ESPÍRITO SANTO;ÓLEO DIESEL S-500;40645
2020;ABR;REGIÃO SUDESTE;ESPÍRITO SANTO;ÓLEO DIESEL S-500;36485,627
2020;MAI;REGIÃO SUDESTE;ESPÍRITO SANTO;ÓLEO DIESEL S-500;39312,344
2020;JUN;REGIÃO SUDESTE;ESPÍRITO SANTO;ÓLEO DIESEL S-500;41922,066
2020;JUL;REGIÃO SUDESTE;ESPÍRITO SANTO;ÓLEO DIESEL S-500;44987,55
2020;AGO;REGIÃO SUDESTE;ESPÍRITO SANTO;ÓLEO DIESEL S-500;45859,561
2020;SET;REGIÃO SUDESTE;ESPÍRITO SANTO;ÓLEO DIESEL S-500;46500,53
2020;OUT;REGIÃO SUDESTE;ESPÍRITO SANTO;ÓLEO DIESEL S-500;46448,227
2020;NOV;REGIÃO SUDESTE;ESPÍRITO SANTO;ÓLEO DIESEL S-500;42613,643
2020;DEZ;REGIÃO SUDESTE;ESPÍRITO SANTO;ÓLEO DIESEL S-500;43544,314
2020;JAN;REGIÃO SUDESTE;RIO DE JANEIRO;ÓLEO DIESEL S-500;50007,38
2020;FEV;REGIÃO SUDESTE;RIO DE JANEIRO;ÓLEO DIESEL S-500;46028,89
2020;MAR;REGIÃO SUDESTE;RIO DE JANEIRO;ÓLEO DIESEL S-500;48479,043
2020;ABR;REGIÃO SUDESTE;RIO DE JANEIRO;ÓLEO DIESEL S-500;40919,121
2020;MAI;REGIÃO SUDESTE;RIO DE JANEIRO;ÓLEO DIESEL S-500;45799,09
2020;JUN;REGIÃO SUDESTE;RIO DE JANEIRO;ÓLEO DIESEL S-500;53374,001
2020;JUL;REGIÃO SUDESTE;RIO DE JANEIRO;ÓLEO DIESEL S-500;53481,054
2020;AGO;REGIÃO SUDESTE;RIO DE JANEIRO;ÓLEO DIESEL S-500;55388,94
2020;SET;REGIÃO SUDESTE;RIO DE JANEIRO;ÓLEO DIESEL S-500;53451,652
2020;OUT;REGIÃO SUDESTE;RIO DE JANEIRO;ÓLEO DIESEL S-500;55995,978
2020;NOV;REGIÃO SUDESTE;RIO DE JANEIRO;ÓLEO DIESEL S-500;52290,503
2020;DEZ;REGIÃO SUDESTE;RIO DE JANEIRO;ÓLEO DIESEL S-500;51080,224
2020;JAN;REGIÃO SUDESTE;SÃO PAULO;ÓLEO DIESEL S-500;397804,561
2020;FEV;REGIÃO SUDESTE;SÃO PAULO;ÓLEO DIESEL S-500;395116,182
2020;MAR;REGIÃO SUDESTE;SÃO PAULO;ÓLEO DIESEL S-500;465270,665
2020;ABR;REGIÃO SUDESTE;SÃO PAULO;ÓLEO DIESEL S-500;442261,557
2020;MAI;REGIÃO SUDESTE;SÃO PAULO;ÓLEO DIESEL S-500;475081,205
2020;JUN;REGIÃO SUDESTE;SÃO PAULO;ÓLEO DIESEL S-500;498678,739
2020;JUL;REGIÃO SUDESTE;SÃO PAULO;ÓLEO DIESEL S-500;554360,891
2020;AGO;REGIÃO SUDESTE;SÃO PAULO;ÓLEO DIESEL S-500;518656,419
2020;SET;REGIÃO SUDESTE;SÃO PAULO;ÓLEO DIESEL S-500;526360,927
2020;OUT;REGIÃO SUDESTE;SÃO PAULO;ÓLEO DIESEL S-500;530779,44
2020;NOV;REGIÃO SUDESTE;SÃO PAULO;ÓLEO DIESEL S-500;453313,872
2020;DEZ;REGIÃO SUDESTE;SÃO PAULO;ÓLEO DIESEL S-500;368036,514
2020;JAN;REGIÃO SUL;PARANÁ;ÓLEO DIESEL S-500;237172,751
2020;FEV;REGIÃO SUL;PARANÁ;ÓLEO DIESEL S-500;294025,691
2020;MAR;REGIÃO SUL;PARANÁ;ÓLEO DIESEL S-500;292131,284
2020;ABR;REGIÃO SUL;PARANÁ;ÓLEO DIESEL S-500;230398,029
2020;MAI;REGIÃO SUL;PARANÁ;ÓLEO DIESEL S-500;251157,268
2020;JUN;REGIÃO SUL;PARANÁ;ÓLEO DIESEL S-500;246568,529
2020;JUL;REGIÃO SUL;PARANÁ;ÓLEO DIESEL S-500;274719,394
2020;AGO;REGIÃO SUL;PARANÁ;ÓLEO DIESEL S-500;273479,589
2020;SET;REGIÃO SUL;PARANÁ;ÓLEO DIESEL S-500;286596,325
2020;OUT;REGIÃO SUL;PARANÁ;ÓLEO DIESEL S-500;285619,922
2020;NOV;REGIÃO SUL;PARANÁ;ÓLEO DIESEL S-500;232259,748
2020;DEZ;REGIÃO SUL;PARANÁ;ÓLEO DIESEL S-500;193183,526
2020;JAN;REGIÃO SUL;SANTA CATARINA;ÓLEO DIESEL S-500;100281,612
2020;FEV;REGIÃO SUL;SANTA CATARINA;ÓLEO DIESEL S-500;96826,412
2020;MAR;REGIÃO SUL;SANTA CATARINA;ÓLEO DIESEL S-500;100048,487
2020;ABR;REGIÃO SUL;SANTA CATARINA;ÓLEO DIESEL S-500;88363,874
2020;MAI;REGIÃO SUL;SANTA CATARINA;ÓLEO DIESEL S-500;91958,737
2020;JUN;REGIÃO SUL;SANTA CATARINA;ÓLEO DIESEL S-500;86959,952
2020;JUL;REGIÃO SUL;SANTA CATARINA;ÓLEO DIESEL S-500;92915,425
2020;AGO;REGIÃO SUL;SANTA CATARINA;ÓLEO DIESEL S-500;93699,649
2020;SET;REGIÃO SUL;SANTA CATARINA;ÓLEO DIESEL S-500;96365,363
2020;OUT;REGIÃO SUL;SANTA CATARINA;ÓLEO DIESEL S-500;99682,943
2020;NOV;REGIÃO SUL;SANTA CATARINA;ÓLEO DIESEL S-500;90972,366
2020;DEZ;REGIÃO SUL;SANTA CATARINA;ÓLEO DIESEL S-500;83636,724
2020;JAN;REGIÃO SUL;RIO GRANDE DO SUL;ÓLEO DIESEL S-500;157708,742
2020;FEV;REGIÃO SUL;RIO GRANDE DO SUL;ÓLEO DIESEL S-500;157135,263
2020;MAR;REGIÃO SUL;RIO GRANDE DO SUL;ÓLEO DIESEL S-500;221449,832
2020;ABR;REGIÃO SUL;RIO GRANDE DO SUL;ÓLEO DIESEL S-500;180505,971
2020;MAI;REGIÃO SUL;RIO GRANDE DO SUL;ÓLEO DIESEL S-500;164610,387
2020;JUN;REGIÃO SUL;RIO GRANDE DO SUL;ÓLEO DIESEL S-500;144846,882
2020;JUL;REGIÃO SUL;RIO GRANDE DO SUL;ÓLEO DIESEL S-500;140683,927
2020;AGO;REGIÃO SUL;RIO GRANDE DO SUL;ÓLEO DIESEL S-500;163166,33
2020;SET;REGIÃO SUL;RIO GRANDE DO SUL;ÓLEO DIESEL S-500;144939,599
2020;OUT;REGIÃO SUL;RIO GRANDE DO SUL;ÓLEO DIESEL S-500;186907,457
2020;NOV;REGIÃO SUL;RIO GRANDE DO SUL;ÓLEO DIESEL S-500;166734,35
2020;DEZ;REGIÃO SUL;RIO GRANDE DO SUL;ÓLEO DIESEL S-500;138938,067
2020;JAN;REGIÃO CENTRO-OESTE;MATO GROSSO DO SUL;ÓLEO DIESEL S-500;55391,632
2020;FEV;REGIÃO CENTRO-OESTE;MATO GROSSO DO SUL;ÓLEO DIESEL S-500;73826,795
2020;MAR;REGIÃO CENTRO-OESTE;MATO GROSSO DO SUL;ÓLEO DIESEL S-500;85763,475
2020;ABR;REGIÃO CENTRO-OESTE;MATO GROSSO DO SUL;ÓLEO DIESEL S-500;58008,482
2020;MAI;REGIÃO CENTRO-OESTE;MATO GROSSO DO SUL;ÓLEO DIESEL S-500;62762,868
2020;JUN;REGIÃO CENTRO-OESTE;MATO GROSSO DO SUL;ÓLEO DIESEL S-500;64825,624
2020;JUL;REGIÃO CENTRO-OESTE;MATO GROSSO DO SUL;ÓLEO DIESEL S-500;80225,452
2020;AGO;REGIÃO CENTRO-OESTE;MATO GROSSO DO SUL;ÓLEO DIESEL S-500;76233,664
2020;SET;REGIÃO CENTRO-OESTE;MATO GROSSO DO SUL;ÓLEO DIESEL S-500;84178,444
2020;OUT;REGIÃO CENTRO-OESTE;MATO GROSSO DO SUL;ÓLEO DIESEL S-500;73826,27
2020;NOV;REGIÃO CENTRO-OESTE;MATO GROSSO DO SUL;ÓLEO DIESEL S-500;62749,592
2020;DEZ;REGIÃO CENTRO-OESTE;MATO GROSSO DO SUL;ÓLEO DIESEL S-500;49409,42
2020;JAN;REGIÃO CENTRO-OESTE;MATO GROSSO;ÓLEO DIESEL S-500;154195,4
2020;FEV;REGIÃO CENTRO-OESTE;MATO GROSSO;ÓLEO DIESEL S-500;169852,26
2020;MAR;REGIÃO CENTRO-OESTE;MATO GROSSO;ÓLEO DIESEL S-500;129212,528
2020;ABR;REGIÃO CENTRO-OESTE;MATO GROSSO;ÓLEO DIESEL S-500;92213,422
2020;MAI;REGIÃO CENTRO-OESTE;MATO GROSSO;ÓLEO DIESEL S-500;119451,612
2020;JUN;REGIÃO CENTRO-OESTE;MATO GROSSO;ÓLEO DIESEL S-500;151928,166
2020;JUL;REGIÃO CENTRO-OESTE;MATO GROSSO;ÓLEO DIESEL S-500;168693,955
2020;AGO;REGIÃO CENTRO-OESTE;MATO GROSSO;ÓLEO DIESEL S-500;134370,268
2020;SET;REGIÃO CENTRO-OESTE;MATO GROSSO;ÓLEO DIESEL S-500;131683,909
2020;OUT;REGIÃO CENTRO-OESTE;MATO GROSSO;ÓLEO DIESEL S-500;148057,628
2020;NOV;REGIÃO CENTRO-OESTE;MATO GROSSO;ÓLEO DIESEL S-500;114068,17
2020;DEZ;REGIÃO CENTRO-OESTE;MATO GROSSO;ÓLEO DIESEL S-500;100224,608
2020;JAN;REGIÃO CENTRO-OESTE;GOIÁS;ÓLEO DIESEL S-500;101054,4
2020;FEV;REGIÃO CENTRO-OESTE;GOIÁS;ÓLEO DIESEL S-500;120935,595
2020;MAR;REGIÃO CENTRO-OESTE;GOIÁS;ÓLEO DIESEL S-500;126006,906
2020;ABR;REGIÃO CENTRO-OESTE;GOIÁS;ÓLEO DIESEL S-500;104739,17
2020;MAI;REGIÃO CENTRO-OESTE;GOIÁS;ÓLEO DIESEL S-500;117458,22
2020;JUN;REGIÃO CENTRO-OESTE;GOIÁS;ÓLEO DIESEL S-500;130110,2
2020;JUL;REGIÃO CENTRO-OESTE;GOIÁS;ÓLEO DIESEL S-500;150392,82
2020;AGO;REGIÃO CENTRO-OESTE;GOIÁS;ÓLEO DIESEL S-500;143592,71
2020;SET;REGIÃO CENTRO-OESTE;GOIÁS;ÓLEO DIESEL S-500;138693,88
2020;OUT;REGIÃO CENTRO-OESTE;GOIÁS;ÓLEO DIESEL S-500;156523,95
2020;NOV;REGIÃO CENTRO-OESTE;GOIÁS;ÓLEO DIESEL S-500;141941,352
2020;DEZ;REGIÃO CENTRO-OESTE;GOIÁS;ÓLEO DIESEL S-500;117961,75
2020;JAN;REGIÃO CENTRO-OESTE;DISTRITO FEDERAL;ÓLEO DIESEL S-500;10026
2020;FEV;REGIÃO CENTRO-OESTE;DISTRITO FEDERAL;ÓLEO DIESEL S-500;10350
2020;MAR;REGIÃO CENTRO-OESTE;DISTRITO FEDERAL;ÓLEO DIESEL S-500;9978
2020;ABR;REGIÃO CENTRO-OESTE;DISTRITO FEDERAL;ÓLEO DIESEL S-500;8193,807
2020;MAI;REGIÃO CENTRO-OESTE;DISTRITO FEDERAL;ÓLEO DIESEL S-500;9256,5
2020;JUN;REGIÃO CENTRO-OESTE;DISTRITO FEDERAL;ÓLEO DIESEL S-500;9805,5
2020;JUL;REGIÃO CENTRO-OESTE;DISTRITO FEDERAL;ÓLEO DIESEL S-500;10902,5
2020;AGO;REGIÃO CENTRO-OESTE;DISTRITO FEDERAL;ÓLEO DIESEL S-500;11450,1
2020;SET;REGIÃO CENTRO-OESTE;DISTRITO FEDERAL;ÓLEO DIESEL S-500;10519
2020;OUT;REGIÃO CENTRO-OESTE;DISTRITO FEDERAL;ÓLEO DIESEL S-500;10991
2020;NOV;REGIÃO CENTRO-OESTE;DISTRITO FEDERAL;ÓLEO DIESEL S-500;9095,783
2020;DEZ;REGIÃO CENTRO-OESTE;DISTRITO FEDERAL;ÓLEO DIESEL S-500;9514
2020;JAN;REGIÃO NORTE;RONDÔNIA;ÓLEO DIESEL S-1800;0
2020;FEV;REGIÃO NORTE;RONDÔNIA;ÓLEO DIESEL S-1800;0
2020;MAR;REGIÃO NORTE;RONDÔNIA;ÓLEO DIESEL S-1800;0
2020;ABR;REGIÃO NORTE;RONDÔNIA;ÓLEO DIESEL S-1800;0
2020;MAI;REGIÃO NORTE;RONDÔNIA;ÓLEO DIESEL S-1800;0
2020;JUN;REGIÃO NORTE;RONDÔNIA;ÓLEO DIESEL S-1800;0
2020;JUL;REGIÃO NORTE;RONDÔNIA;ÓLEO DIESEL S-1800;0
2020;AGO;REGIÃO NORTE;RONDÔNIA;ÓLEO DIESEL S-1800;0
2020;SET;REGIÃO NORTE;RONDÔNIA;ÓLEO DIESEL S-1800;0
2020;OUT;REGIÃO NORTE;RONDÔNIA;ÓLEO DIESEL S-1800;0
2020;NOV;REGIÃO NORTE;RONDÔNIA;ÓLEO DIESEL S-1800;0
2020;DEZ;REGIÃO NORTE;RONDÔNIA;ÓLEO DIESEL S-1800;0
2020;JAN;REGIÃO NORTE;ACRE;ÓLEO DIESEL S-1800;0
2020;FEV;REGIÃO NORTE;ACRE;ÓLEO DIESEL S-1800;0
2020;MAR;REGIÃO NORTE;ACRE;ÓLEO DIESEL S-1800;0
2020;ABR;REGIÃO NORTE;ACRE;ÓLEO DIESEL S-1800;0
2020;MAI;REGIÃO NORTE;ACRE;ÓLEO DIESEL S-1800;0
2020;JUN;REGIÃO NORTE;ACRE;ÓLEO DIESEL S-1800;0
2020;JUL;REGIÃO NORTE;ACRE;ÓLEO DIESEL S-1800;0
2020;AGO;REGIÃO NORTE;ACRE;ÓLEO DIESEL S-1800;0
2020;SET;REGIÃO NORTE;ACRE;ÓLEO DIESEL S-1800;0
2020;OUT;REGIÃO NORTE;ACRE;ÓLEO DIESEL S-1800;0
2020;NOV;REGIÃO NORTE;ACRE;ÓLEO DIESEL S-1800;0
2020;DEZ;REGIÃO NORTE;ACRE;ÓLEO DIESEL S-1800;0
2020;JAN;REGIÃO NORTE;AMAZONAS;ÓLEO DIESEL S-1800;1032,987
2020;FEV;REGIÃO NORTE;AMAZONAS;ÓLEO DIESEL S-1800;0
2020;MAR;REGIÃO NORTE;AMAZONAS;ÓLEO DIESEL S-1800;0,465
2020;ABR;REGIÃO NORTE;AMAZONAS;ÓLEO DIESEL S-1800;6533,991
2020;MAI;REGIÃO NORTE;AMAZONAS;ÓLEO DIESEL S-1800;5460,707
2020;JUN;REGIÃO NORTE;AMAZONAS;ÓLEO DIESEL S-1800;9202,377
2020;JUL;REGIÃO NORTE;AMAZONAS;ÓLEO DIESEL S-1800;15144,893
2020;AGO;REGIÃO NORTE;AMAZONAS;ÓLEO DIESEL S-1800;0
2020;SET;REGIÃO NORTE;AMAZONAS;ÓLEO DIESEL S-1800;0
2020;OUT;REGIÃO NORTE;AMAZONAS;ÓLEO DIESEL S-1800;0,777
2020;NOV;REGIÃO NORTE;AMAZONAS;ÓLEO DIESEL S-1800;7260,533
2020;DEZ;REGIÃO NORTE;AMAZONAS;ÓLEO DIESEL S-1800;9363,35
2020;JAN;REGIÃO NORTE;RORAIMA;ÓLEO DIESEL S-1800;0
2020;FEV;REGIÃO NORTE;RORAIMA;ÓLEO DIESEL S-1800;0
2020;MAR;REGIÃO NORTE;RORAIMA;ÓLEO DIESEL S-1800;0
2020;ABR;REGIÃO NORTE;RORAIMA;ÓLEO DIESEL S-1800;0
2020;MAI;REGIÃO NORTE;RORAIMA;ÓLEO DIESEL S-1800;0
2020;JUN;REGIÃO NORTE;RORAIMA;ÓLEO DIESEL S-1800;0
2020;JUL;REGIÃO NORTE;RORAIMA;ÓLEO DIESEL S-1800;0
2020;AGO;REGIÃO NORTE;RORAIMA;ÓLEO DIESEL S-1800;0
2020;SET;REGIÃO NORTE;RORAIMA;ÓLEO DIESEL S-1800;0
2020;OUT;REGIÃO NORTE;RORAIMA;ÓLEO DIESEL S-1800;0
2020;NOV;REGIÃO NORTE;RORAIMA;ÓLEO DIESEL S-1800;0
2020;DEZ;REGIÃO NORTE;RORAIMA;ÓLEO DIESEL S-1800;0
2020;JAN;REGIÃO NORTE;PARÁ;ÓLEO DIESEL S-1800;0
2020;FEV;REGIÃO NORTE;PARÁ;ÓLEO DIESEL S-1800;0
2020;MAR;REGIÃO NORTE;PARÁ;ÓLEO DIESEL S-1800;0
2020;ABR;REGIÃO NORTE;PARÁ;ÓLEO DIESEL S-1800;0
2020;MAI;REGIÃO NORTE;PARÁ;ÓLEO DIESEL S-1800;0
2020;JUN;REGIÃO NORTE;PARÁ;ÓLEO DIESEL S-1800;0
2020;JUL;REGIÃO NORTE;PARÁ;ÓLEO DIESEL S-1800;0
2020;AGO;REGIÃO NORTE;PARÁ;ÓLEO DIESEL S-1800;0
2020;SET;REGIÃO NORTE;PARÁ;ÓLEO DIESEL S-1800;0
2020;OUT;REGIÃO NORTE;PARÁ;ÓLEO DIESEL S-1800;0
2020;NOV;REGIÃO NORTE;PARÁ;ÓLEO DIESEL S-1800;0
2020;DEZ;REGIÃO NORTE;PARÁ;ÓLEO DIESEL S-1800;0
2020;JAN;REGIÃO NORTE;AMAPÁ;ÓLEO DIESEL S-1800;0
2020;FEV;REGIÃO NORTE;AMAPÁ;ÓLEO DIESEL S-1800;0
2020;MAR;REGIÃO NORTE;AMAPÁ;ÓLEO DIESEL S-1800;0
2020;ABR;REGIÃO NORTE;AMAPÁ;ÓLEO DIESEL S-1800;0
2020;MAI;REGIÃO NORTE;AMAPÁ;ÓLEO DIESEL S-1800;0
2020;JUN;REGIÃO NORTE;AMAPÁ;ÓLEO DIESEL S-1800;0
2020;JUL;REGIÃO NORTE;AMAPÁ;ÓLEO DIESEL S-1800;0
2020;AGO;REGIÃO NORTE;AMAPÁ;ÓLEO DIESEL S-1800;0
2020;SET;REGIÃO NORTE;AMAPÁ;ÓLEO DIESEL S-1800;0
2020;OUT;REGIÃO NORTE;AMAPÁ;ÓLEO DIESEL S-1800;0
2020;NOV;REGIÃO NORTE;AMAPÁ;ÓLEO DIESEL S-1800;0
2020;DEZ;REGIÃO NORTE;AMAPÁ;ÓLEO DIESEL S-1800;0
2020;JAN;REGIÃO NORTE;TOCANTINS;ÓLEO DIESEL S-1800;0
2020;FEV;REGIÃO NORTE;TOCANTINS;ÓLEO DIESEL S-1800;0
2020;MAR;REGIÃO NORTE;TOCANTINS;ÓLEO DIESEL S-1800;0
2020;ABR;REGIÃO NORTE;TOCANTINS;ÓLEO DIESEL S-1800;0
2020;MAI;REGIÃO NORTE;TOCANTINS;ÓLEO DIESEL S-1800;0
2020;JUN;REGIÃO NORTE;TOCANTINS;ÓLEO DIESEL S-1800;0
2020;JUL;REGIÃO NORTE;TOCANTINS;ÓLEO DIESEL S-1800;0
2020;AGO;REGIÃO NORTE;TOCANTINS;ÓLEO DIESEL S-1800;0
2020;SET;REGIÃO NORTE;TOCANTINS;ÓLEO DIESEL S-1800;0
2020;OUT;REGIÃO NORTE;TOCANTINS;ÓLEO DIESEL S-1800;0
2020;NOV;REGIÃO NORTE;TOCANTINS;ÓLEO DIESEL S-1800;0
2020;DEZ;REGIÃO NORTE;TOCANTINS;ÓLEO DIESEL S-1800;0
2020;JAN;REGIÃO NORDESTE;MARANHÃO;ÓLEO DIESEL S-1800;0
2020;FEV;REGIÃO NORDESTE;MARANHÃO;ÓLEO DIESEL S-1800;0
2020;MAR;REGIÃO NORDESTE;MARANHÃO;ÓLEO DIESEL S-1800;0
2020;ABR;REGIÃO NORDESTE;MARANHÃO;ÓLEO DIESEL S-1800;0
2020;MAI;REGIÃO NORDESTE;MARANHÃO;ÓLEO DIESEL S-1800;0
2020;JUN;REGIÃO NORDESTE;MARANHÃO;ÓLEO DIESEL S-1800;0
2020;JUL;REGIÃO NORDESTE;MARANHÃO;ÓLEO DIESEL S-1800;0
2020;AGO;REGIÃO NORDESTE;MARANHÃO;ÓLEO DIESEL S-1800;0
2020;SET;REGIÃO NORDESTE;MARANHÃO;ÓLEO DIESEL S-1800;0
2020;OUT;REGIÃO NORDESTE;MARANHÃO;ÓLEO DIESEL S-1800;0
2020;NOV;REGIÃO NORDESTE;MARANHÃO;ÓLEO DIESEL S-1800;0
2020;DEZ;REGIÃO NORDESTE;MARANHÃO;ÓLEO DIESEL S-1800;0
2020;JAN;REGIÃO NORDESTE;PIAUÍ;ÓLEO DIESEL S-1800;0
2020;FEV;REGIÃO NORDESTE;PIAUÍ;ÓLEO DIESEL S-1800;0
2020;MAR;REGIÃO NORDESTE;PIAUÍ;ÓLEO DIESEL S-1800;0
2020;ABR;REGIÃO NORDESTE;PIAUÍ;ÓLEO DIESEL S-1800;0
2020;MAI;REGIÃO NORDESTE;PIAUÍ;ÓLEO DIESEL S-1800;0
2020;JUN;REGIÃO NORDESTE;PIAUÍ;ÓLEO DIESEL S-1800;0
2020;JUL;REGIÃO NORDESTE;PIAUÍ;ÓLEO DIESEL S-1800;0
2020;AGO;REGIÃO NORDESTE;PIAUÍ;ÓLEO DIESEL S-1800;0
2020;SET;REGIÃO NORDESTE;PIAUÍ;ÓLEO DIESEL S-1800;0
2020;OUT;REGIÃO NORDESTE;PIAUÍ;ÓLEO DIESEL S-1800;0
2020;NOV;REGIÃO NORDESTE;PIAUÍ;ÓLEO DIESEL S-1800;0
2020;DEZ;REGIÃO NORDESTE;PIAUÍ;ÓLEO DIESEL S-1800;0
2020;JAN;REGIÃO NORDESTE;CEARÁ;ÓLEO DIESEL S-1800;0
2020;FEV;REGIÃO NORDESTE;CEARÁ;ÓLEO DIESEL S-1800;0
2020;MAR;REGIÃO NORDESTE;CEARÁ;ÓLEO DIESEL S-1800;0
2020;ABR;REGIÃO NORDESTE;CEARÁ;ÓLEO DIESEL S-1800;0
2020;MAI;REGIÃO NORDESTE;CEARÁ;ÓLEO DIESEL S-1800;0
2020;JUN;REGIÃO NORDESTE;CEARÁ;ÓLEO DIESEL S-1800;0
2020;JUL;REGIÃO NORDESTE;CEARÁ;ÓLEO DIESEL S-1800;0
2020;AGO;REGIÃO NORDESTE;CEARÁ;ÓLEO DIESEL S-1800;0
2020;SET;REGIÃO NORDESTE;CEARÁ;ÓLEO DIESEL S-1800;0
2020;OUT;REGIÃO NORDESTE;CEARÁ;ÓLEO DIESEL S-1800;0
2020;NOV;REGIÃO NORDESTE;CEARÁ;ÓLEO DIESEL S-1800;0
2020;DEZ;REGIÃO NORDESTE;CEARÁ;ÓLEO DIESEL S-1800;0
2020;JAN;REGIÃO NORDESTE;RIO GRANDE DO NORTE;ÓLEO DIESEL S-1800;0
2020;FEV;REGIÃO NORDESTE;RIO GRANDE DO NORTE;ÓLEO DIESEL S-1800;0
2020;MAR;REGIÃO NORDESTE;RIO GRANDE DO NORTE;ÓLEO DIESEL S-1800;0
2020;ABR;REGIÃO NORDESTE;RIO GRANDE DO NORTE;ÓLEO DIESEL S-1800;0
2020;MAI;REGIÃO NORDESTE;RIO GRANDE DO NORTE;ÓLEO DIESEL S-1800;0
2020;JUN;REGIÃO NORDESTE;RIO GRANDE DO NORTE;ÓLEO DIESEL S-1800;0
2020;JUL;REGIÃO NORDESTE;RIO GRANDE DO NORTE;ÓLEO DIESEL S-1800;0
2020;AGO;REGIÃO NORDESTE;RIO GRANDE DO NORTE;ÓLEO DIESEL S-1800;0
2020;SET;REGIÃO NORDESTE;RIO GRANDE DO NORTE;ÓLEO DIESEL S-1800;0
2020;OUT;REGIÃO NORDESTE;RIO GRANDE DO NORTE;ÓLEO DIESEL S-1800;0
2020;NOV;REGIÃO NORDESTE;RIO GRANDE DO NORTE;ÓLEO DIESEL S-1800;3
2020;DEZ;REGIÃO NORDESTE;RIO GRANDE DO NORTE;ÓLEO DIESEL S-1800;3
2020;JAN;REGIÃO NORDESTE;PARAÍBA;ÓLEO DIESEL S-1800;0
2020;FEV;REGIÃO NORDESTE;PARAÍBA;ÓLEO DIESEL S-1800;16
2020;MAR;REGIÃO NORDESTE;PARAÍBA;ÓLEO DIESEL S-1800;81
2020;ABR;REGIÃO NORDESTE;PARAÍBA;ÓLEO DIESEL S-1800;43
2020;MAI;REGIÃO NORDESTE;PARAÍBA;ÓLEO DIESEL S-1800;30
2020;JUN;REGIÃO NORDESTE;PARAÍBA;ÓLEO DIESEL S-1800;35
2020;JUL;REGIÃO NORDESTE;PARAÍBA;ÓLEO DIESEL S-1800;41
2020;AGO;REGIÃO NORDESTE;PARAÍBA;ÓLEO DIESEL S-1800;36
2020;SET;REGIÃO NORDESTE;PARAÍBA;ÓLEO DIESEL S-1800;48
2020;OUT;REGIÃO NORDESTE;PARAÍBA;ÓLEO DIESEL S-1800;48
2020;NOV;REGIÃO NORDESTE;PARAÍBA;ÓLEO DIESEL S-1800;29
2020;DEZ;REGIÃO NORDESTE;PARAÍBA;ÓLEO DIESEL S-1800;33
2020;JAN;REGIÃO NORDESTE;PERNAMBUCO;ÓLEO DIESEL S-1800;250
2020;FEV;REGIÃO NORDESTE;PERNAMBUCO;ÓLEO DIESEL S-1800;258
2020;MAR;REGIÃO NORDESTE;PERNAMBUCO;ÓLEO DIESEL S-1800;258
2020;ABR;REGIÃO NORDESTE;PERNAMBUCO;ÓLEO DIESEL S-1800;195
2020;MAI;REGIÃO NORDESTE;PERNAMBUCO;ÓLEO DIESEL S-1800;307
2020;JUN;REGIÃO NORDESTE;PERNAMBUCO;ÓLEO DIESEL S-1800;440
2020;JUL;REGIÃO NORDESTE;PERNAMBUCO;ÓLEO DIESEL S-1800;356
2020;AGO;REGIÃO NORDESTE;PERNAMBUCO;ÓLEO DIESEL S-1800;245
2020;SET;REGIÃO NORDESTE;PERNAMBUCO;ÓLEO DIESEL S-1800;201
2020;OUT;REGIÃO NORDESTE;PERNAMBUCO;ÓLEO DIESEL S-1800;261
2020;NOV;REGIÃO NORDESTE;PERNAMBUCO;ÓLEO DIESEL S-1800;209
2020;DEZ;REGIÃO NORDESTE;PERNAMBUCO;ÓLEO DIESEL S-1800;274
2020;JAN;REGIÃO NORDESTE;ALAGOAS;ÓLEO DIESEL S-1800;0
2020;FEV;REGIÃO NORDESTE;ALAGOAS;ÓLEO DIESEL S-1800;0
2020;MAR;REGIÃO NORDESTE;ALAGOAS;ÓLEO DIESEL S-1800;0
2020;ABR;REGIÃO NORDESTE;ALAGOAS;ÓLEO DIESEL S-1800;0
2020;MAI;REGIÃO NORDESTE;ALAGOAS;ÓLEO DIESEL S-1800;0
2020;JUN;REGIÃO NORDESTE;ALAGOAS;ÓLEO DIESEL S-1800;0
2020;JUL;REGIÃO NORDESTE;ALAGOAS;ÓLEO DIESEL S-1800;0
2020;AGO;REGIÃO NORDESTE;ALAGOAS;ÓLEO DIESEL S-1800;0
2020;SET;REGIÃO NORDESTE;ALAGOAS;ÓLEO DIESEL S-1800;0
2020;OUT;REGIÃO NORDESTE;ALAGOAS;ÓLEO DIESEL S-1800;0
2020;NOV;REGIÃO NORDESTE;ALAGOAS;ÓLEO DIESEL S-1800;0
2020;DEZ;REGIÃO NORDESTE;ALAGOAS;ÓLEO DIESEL S-1800;0
2020;JAN;REGIÃO NORDESTE;SERGIPE;ÓLEO DIESEL S-1800;0
2020;FEV;REGIÃO NORDESTE;SERGIPE;ÓLEO DIESEL S-1800;0
2020;MAR;REGIÃO NORDESTE;SERGIPE;ÓLEO DIESEL S-1800;0
2020;ABR;REGIÃO NORDESTE;SERGIPE;ÓLEO DIESEL S-1800;0
2020;MAI;REGIÃO NORDESTE;SERGIPE;ÓLEO DIESEL S-1800;0
2020;JUN;REGIÃO NORDESTE;SERGIPE;ÓLEO DIESEL S-1800;0
2020;JUL;REGIÃO NORDESTE;SERGIPE;ÓLEO DIESEL S-1800;0
2020;AGO;REGIÃO NORDESTE;SERGIPE;ÓLEO DIESEL S-1800;0
2020;SET;REGIÃO NORDESTE;SERGIPE;ÓLEO DIESEL S-1800;0
2020;OUT;REGIÃO NORDESTE;SERGIPE;ÓLEO DIESEL S-1800;0
2020;NOV;REGIÃO NORDESTE;SERGIPE;ÓLEO DIESEL S-1800;0
2020;DEZ;REGIÃO NORDESTE;SERGIPE;ÓLEO DIESEL S-1800;0
2020;JAN;REGIÃO NORDESTE;BAHIA;ÓLEO DIESEL S-1800;0
2020;FEV;REGIÃO NORDESTE;BAHIA;ÓLEO DIESEL S-1800;0
2020;MAR;REGIÃO NORDESTE;BAHIA;ÓLEO DIESEL S-1800;0
2020;ABR;REGIÃO NORDESTE;BAHIA;ÓLEO DIESEL S-1800;0
2020;MAI;REGIÃO NORDESTE;BAHIA;ÓLEO DIESEL S-1800;0
2020;JUN;REGIÃO NORDESTE;BAHIA;ÓLEO DIESEL S-1800;0
2020;JUL;REGIÃO NORDESTE;BAHIA;ÓLEO DIESEL S-1800;0
2020;AGO;REGIÃO NORDESTE;BAHIA;ÓLEO DIESEL S-1800;0
2020;SET;REGIÃO NORDESTE;BAHIA;ÓLEO DIESEL S-1800;0
2020;OUT;REGIÃO NORDESTE;BAHIA;ÓLEO DIESEL S-1800;0
2020;NOV;REGIÃO NORDESTE;BAHIA;ÓLEO DIESEL S-1800;0
2020;DEZ;REGIÃO NORDESTE;BAHIA;ÓLEO DIESEL S-1800;0
2020;JAN;REGIÃO SUDESTE;MINAS GERAIS;ÓLEO DIESEL S-1800;0
2020;FEV;REGIÃO SUDESTE;MINAS GERAIS;ÓLEO DIESEL S-1800;0
2020;MAR;REGIÃO SUDESTE;MINAS GERAIS;ÓLEO DIESEL S-1800;0
2020;ABR;REGIÃO SUDESTE;MINAS GERAIS;ÓLEO DIESEL S-1800;0
2020;MAI;REGIÃO SUDESTE;MINAS GERAIS;ÓLEO DIESEL S-1800;0
2020;JUN;REGIÃO SUDESTE;MINAS GERAIS;ÓLEO DIESEL S-1800;0
2020;JUL;REGIÃO SUDESTE;MINAS GERAIS;ÓLEO DIESEL S-1800;0
2020;AGO;REGIÃO SUDESTE;MINAS GERAIS;ÓLEO DIESEL S-1800;0
2020;SET;REGIÃO SUDESTE;MINAS GERAIS;ÓLEO DIESEL S-1800;0
2020;OUT;REGIÃO SUDESTE;MINAS GERAIS;ÓLEO DIESEL S-1800;0
2020;NOV;REGIÃO SUDESTE;MINAS GERAIS;ÓLEO DIESEL S-1800;0
2020;DEZ;REGIÃO SUDESTE;MINAS GERAIS;ÓLEO DIESEL S-1800;0
2020;JAN;REGIÃO SUDESTE;ESPÍRITO SANTO;ÓLEO DIESEL S-1800;0
2020;FEV;REGIÃO SUDESTE;ESPÍRITO SANTO;ÓLEO DIESEL S-1800;0
2020;MAR;REGIÃO SUDESTE;ESPÍRITO SANTO;ÓLEO DIESEL S-1800;0
2020;ABR;REGIÃO SUDESTE;ESPÍRITO SANTO;ÓLEO DIESEL S-1800;0
2020;MAI;REGIÃO SUDESTE;ESPÍRITO SANTO;ÓLEO DIESEL S-1800;0
2020;JUN;REGIÃO SUDESTE;ESPÍRITO SANTO;ÓLEO DIESEL S-1800;0
2020;JUL;REGIÃO SUDESTE;ESPÍRITO SANTO;ÓLEO DIESEL S-1800;0
2020;AGO;REGIÃO SUDESTE;ESPÍRITO SANTO;ÓLEO DIESEL S-1800;0
2020;SET;REGIÃO SUDESTE;ESPÍRITO SANTO;ÓLEO DIESEL S-1800;0
2020;OUT;REGIÃO SUDESTE;ESPÍRITO SANTO;ÓLEO DIESEL S-1800;0
2020;NOV;REGIÃO SUDESTE;ESPÍRITO SANTO;ÓLEO DIESEL S-1800;0
2020;DEZ;REGIÃO SUDESTE;ESPÍRITO SANTO;ÓLEO DIESEL S-1800;0
2020;JAN;REGIÃO SUDESTE;RIO DE JANEIRO;ÓLEO DIESEL S-1800;0
2020;FEV;REGIÃO SUDESTE;RIO DE JANEIRO;ÓLEO DIESEL S-1800;0
2020;MAR;REGIÃO SUDESTE;RIO DE JANEIRO;ÓLEO DIESEL S-1800;0
2020;ABR;REGIÃO SUDESTE;RIO DE JANEIRO;ÓLEO DIESEL S-1800;0
2020;MAI;REGIÃO SUDESTE;RIO DE JANEIRO;ÓLEO DIESEL S-1800;0
2020;JUN;REGIÃO SUDESTE;RIO DE JANEIRO;ÓLEO DIESEL S-1800;0
2020;JUL;REGIÃO SUDESTE;RIO DE JANEIRO;ÓLEO DIESEL S-1800;0
2020;AGO;REGIÃO SUDESTE;RIO DE JANEIRO;ÓLEO DIESEL S-1800;0
2020;SET;REGIÃO SUDESTE;RIO DE JANEIRO;ÓLEO DIESEL S-1800;0
2020;OUT;REGIÃO SUDESTE;RIO DE JANEIRO;ÓLEO DIESEL S-1800;0
2020;NOV;REGIÃO SUDESTE;RIO DE JANEIRO;ÓLEO DIESEL S-1800;0
2020;DEZ;REGIÃO SUDESTE;RIO DE JANEIRO;ÓLEO DIESEL S-1800;0
2020;JAN;REGIÃO SUDESTE;SÃO PAULO;ÓLEO DIESEL S-1800;0
2020;FEV;REGIÃO SUDESTE;SÃO PAULO;ÓLEO DIESEL S-1800;0
2020;MAR;REGIÃO SUDESTE;SÃO PAULO;ÓLEO DIESEL S-1800;0
2020;ABR;REGIÃO SUDESTE;SÃO PAULO;ÓLEO DIESEL S-1800;0
2020;MAI;REGIÃO SUDESTE;SÃO PAULO;ÓLEO DIESEL S-1800;0
2020;JUN;REGIÃO SUDESTE;SÃO PAULO;ÓLEO DIESEL S-1800;0
2020;JUL;REGIÃO SUDESTE;SÃO PAULO;ÓLEO DIESEL S-1800;0
2020;AGO;REGIÃO SUDESTE;SÃO PAULO;ÓLEO DIESEL S-1800;0
2020;SET;REGIÃO SUDESTE;SÃO PAULO;ÓLEO DIESEL S-1800;0
2020;OUT;REGIÃO SUDESTE;SÃO PAULO;ÓLEO DIESEL S-1800;0
2020;NOV;REGIÃO SUDESTE;SÃO PAULO;ÓLEO DIESEL S-1800;0
2020;DEZ;REGIÃO SUDESTE;SÃO PAULO;ÓLEO DIESEL S-1800;0
2020;JAN;REGIÃO SUL;PARANÁ;ÓLEO DIESEL S-1800;0
2020;FEV;REGIÃO SUL;PARANÁ;ÓLEO DIESEL S-1800;0
2020;MAR;REGIÃO SUL;PARANÁ;ÓLEO DIESEL S-1800;0
2020;ABR;REGIÃO SUL;PARANÁ;ÓLEO DIESEL S-1800;0
2020;MAI;REGIÃO SUL;PARANÁ;ÓLEO DIESEL S-1800;0
2020;JUN;REGIÃO SUL;PARANÁ;ÓLEO DIESEL S-1800;0
2020;JUL;REGIÃO SUL;PARANÁ;ÓLEO DIESEL S-1800;0
2020;AGO;REGIÃO SUL;PARANÁ;ÓLEO DIESEL S-1800;0
2020;SET;REGIÃO SUL;PARANÁ;ÓLEO DIESEL S-1800;0
2020;OUT;REGIÃO SUL;PARANÁ;ÓLEO DIESEL S-1800;0
2020;NOV;REGIÃO SUL;PARANÁ;ÓLEO DIESEL S-1800;0
2020;DEZ;REGIÃO SUL;PARANÁ;ÓLEO DIESEL S-1800;0
2020;JAN;REGIÃO SUL;SANTA CATARINA;ÓLEO DIESEL S-1800;0
2020;FEV;REGIÃO SUL;SANTA CATARINA;ÓLEO DIESEL S-1800;0
2020;MAR;REGIÃO SUL;SANTA CATARINA;ÓLEO DIESEL S-1800;0
2020;ABR;REGIÃO SUL;SANTA CATARINA;ÓLEO DIESEL S-1800;0
2020;MAI;REGIÃO SUL;SANTA CATARINA;ÓLEO DIESEL S-1800;0
2020;JUN;REGIÃO SUL;SANTA CATARINA;ÓLEO DIESEL S-1800;0
2020;JUL;REGIÃO SUL;SANTA CATARINA;ÓLEO DIESEL S-1800;0
2020;AGO;REGIÃO SUL;SANTA CATARINA;ÓLEO DIESEL S-1800;0
2020;SET;REGIÃO SUL;SANTA CATARINA;ÓLEO DIESEL S-1800;0
2020;OUT;REGIÃO SUL;SANTA CATARINA;ÓLEO DIESEL S-1800;0
2020;NOV;REGIÃO SUL;SANTA CATARINA;ÓLEO DIESEL S-1800;0
2020;DEZ;REGIÃO SUL;SANTA CATARINA;ÓLEO DIESEL S-1800;0
2020;JAN;REGIÃO SUL;RIO GRANDE DO SUL;ÓLEO DIESEL S-1800;0
2020;FEV;REGIÃO SUL;RIO GRANDE DO SUL;ÓLEO DIESEL S-1800;0
2020;MAR;REGIÃO SUL;RIO GRANDE DO SUL;ÓLEO DIESEL S-1800;0
2020;ABR;REGIÃO SUL;RIO GRANDE DO SUL;ÓLEO DIESEL S-1800;0
2020;MAI;REGIÃO SUL;RIO GRANDE DO SUL;ÓLEO DIESEL S-1800;0
2020;JUN;REGIÃO SUL;RIO GRANDE DO SUL;ÓLEO DIESEL S-1800;0
2020;JUL;REGIÃO SUL;RIO GRANDE DO SUL;ÓLEO DIESEL S-1800;0
2020;AGO;REGIÃO SUL;RIO GRANDE DO SUL;ÓLEO DIESEL S-1800;0
2020;SET;REGIÃO SUL;RIO GRANDE DO SUL;ÓLEO DIESEL S-1800;0
2020;OUT;REGIÃO SUL;RIO GRANDE DO SUL;ÓLEO DIESEL S-1800;0
2020;NOV;REGIÃO SUL;RIO GRANDE DO SUL;ÓLEO DIESEL S-1800;0
2020;DEZ;REGIÃO SUL;RIO GRANDE DO SUL;ÓLEO DIESEL S-1800;0
2020;JAN;REGIÃO CENTRO-OESTE;MATO GROSSO DO SUL;ÓLEO DIESEL S-1800;0
2020;FEV;REGIÃO CENTRO-OESTE;MATO GROSSO DO SUL;ÓLEO DIESEL S-1800;0
2020;MAR;REGIÃO CENTRO-OESTE;MATO GROSSO DO SUL;ÓLEO DIESEL S-1800;0
2020;ABR;REGIÃO CENTRO-OESTE;MATO GROSSO DO SUL;ÓLEO DIESEL S-1800;0
2020;MAI;REGIÃO CENTRO-OESTE;MATO GROSSO DO SUL;ÓLEO DIESEL S-1800;0
2020;JUN;REGIÃO CENTRO-OESTE;MATO GROSSO DO SUL;ÓLEO DIESEL S-1800;0
2020;JUL;REGIÃO CENTRO-OESTE;MATO GROSSO DO SUL;ÓLEO DIESEL S-1800;0
2020;AGO;REGIÃO CENTRO-OESTE;MATO GROSSO DO SUL;ÓLEO DIESEL S-1800;0
2020;SET;REGIÃO CENTRO-OESTE;MATO GROSSO DO SUL;ÓLEO DIESEL S-1800;0
2020;OUT;REGIÃO CENTRO-OESTE;MATO GROSSO DO SUL;ÓLEO DIESEL S-1800;0
2020;NOV;REGIÃO CENTRO-OESTE;MATO GROSSO DO SUL;ÓLEO DIESEL S-1800;0
2020;DEZ;REGIÃO CENTRO-OESTE;MATO GROSSO DO SUL;ÓLEO DIESEL S-1800;0
2020;JAN;REGIÃO CENTRO-OESTE;MATO GROSSO;ÓLEO DIESEL S-1800;167
2020;FEV;REGIÃO CENTRO-OESTE;MATO GROSSO;ÓLEO DIESEL S-1800;301
2020;MAR;REGIÃO CENTRO-OESTE;MATO GROSSO;ÓLEO DIESEL S-1800;368
2020;ABR;REGIÃO CENTRO-OESTE;MATO GROSSO;ÓLEO DIESEL S-1800;311
2020;MAI;REGIÃO CENTRO-OESTE;MATO GROSSO;ÓLEO DIESEL S-1800;644
2020;JUN;REGIÃO CENTRO-OESTE;MATO GROSSO;ÓLEO DIESEL S-1800;708
2020;JUL;REGIÃO CENTRO-OESTE;MATO GROSSO;ÓLEO DIESEL S-1800;847
2020;AGO;REGIÃO CENTRO-OESTE;MATO GROSSO;ÓLEO DIESEL S-1800;1472
2020;SET;REGIÃO CENTRO-OESTE;MATO GROSSO;ÓLEO DIESEL S-1800;0
2020;OUT;REGIÃO CENTRO-OESTE;MATO GROSSO;ÓLEO DIESEL S-1800;0
2020;NOV;REGIÃO CENTRO-OESTE;MATO GROSSO;ÓLEO DIESEL S-1800;0
2020;DEZ;REGIÃO CENTRO-OESTE;MATO GROSSO;ÓLEO DIESEL S-1800;0
2020;JAN;REGIÃO CENTRO-OESTE;GOIÁS;ÓLEO DIESEL S-1800;0
2020;FEV;REGIÃO CENTRO-OESTE;GOIÁS;ÓLEO DIESEL S-1800;0
2020;MAR;REGIÃO CENTRO-OESTE;GOIÁS;ÓLEO DIESEL S-1800;0
2020;ABR;REGIÃO CENTRO-OESTE;GOIÁS;ÓLEO DIESEL S-1800;0
2020;MAI;REGIÃO CENTRO-OESTE;GOIÁS;ÓLEO DIESEL S-1800;0
2020;JUN;REGIÃO CENTRO-OESTE;GOIÁS;ÓLEO DIESEL S-1800;0
2020;JUL;REGIÃO CENTRO-OESTE;GOIÁS;ÓLEO DIESEL S-1800;0
2020;AGO;REGIÃO CENTRO-OESTE;GOIÁS;ÓLEO DIESEL S-1800;0
2020;SET;REGIÃO CENTRO-OESTE;GOIÁS;ÓLEO DIESEL S-1800;0
2020;OUT;REGIÃO CENTRO-OESTE;GOIÁS;ÓLEO DIESEL S-1800;0
2020;NOV;REGIÃO CENTRO-OESTE;GOIÁS;ÓLEO DIESEL S-1800;0
2020;DEZ;REGIÃO CENTRO-OESTE;GOIÁS;ÓLEO DIESEL S-1800;0
2020;JAN;REGIÃO CENTRO-OESTE;DISTRITO FEDERAL;ÓLEO DIESEL S-1800;0
2020;FEV;REGIÃO CENTRO-OESTE;DISTRITO FEDERAL;ÓLEO DIESEL S-1800;0
2020;MAR;REGIÃO CENTRO-OESTE;DISTRITO FEDERAL;ÓLEO DIESEL S-1800;0
2020;ABR;REGIÃO CENTRO-OESTE;DISTRITO FEDERAL;ÓLEO DIESEL S-1800;0
2020;MAI;REGIÃO CENTRO-OESTE;DISTRITO FEDERAL;ÓLEO DIESEL S-1800;0
2020;JUN;REGIÃO CENTRO-OESTE;DISTRITO FEDERAL;ÓLEO DIESEL S-1800;0
2020;JUL;REGIÃO CENTRO-OESTE;DISTRITO FEDERAL;ÓLEO DIESEL S-1800;0
2020;AGO;REGIÃO CENTRO-OESTE;DISTRITO FEDERAL;ÓLEO DIESEL S-1800;0
2020;SET;REGIÃO CENTRO-OESTE;DISTRITO FEDERAL;ÓLEO DIESEL S-1800;0
2020;OUT;REGIÃO CENTRO-OESTE;DISTRITO FEDERAL;ÓLEO DIESEL S-1800;0
2020;NOV;REGIÃO CENTRO-OESTE;DISTRITO FEDERAL;ÓLEO DIESEL S-1800;0
2020;DEZ;REGIÃO CENTRO-OESTE;DISTRITO FEDERAL;ÓLEO DIESEL S-1800;0
2020;JAN;REGIÃO NORTE;RONDÔNIA;ÓLEO DIESEL MARÍTIMO;1332,7
2020;FEV;REGIÃO NORTE;RONDÔNIA;ÓLEO DIESEL MARÍTIMO;1290,5
2020;MAR;REGIÃO NORTE;RONDÔNIA;ÓLEO DIESEL MARÍTIMO;1817,6
2020;ABR;REGIÃO NORTE;RONDÔNIA;ÓLEO DIESEL MARÍTIMO;1616
2020;MAI;REGIÃO NORTE;RONDÔNIA;ÓLEO DIESEL MARÍTIMO;1550
2020;JUN;REGIÃO NORTE;RONDÔNIA;ÓLEO DIESEL MARÍTIMO;1629,2
2020;JUL;REGIÃO NORTE;RONDÔNIA;ÓLEO DIESEL MARÍTIMO;2343,5
2020;AGO;REGIÃO NORTE;RONDÔNIA;ÓLEO DIESEL MARÍTIMO;2466,59
2020;SET;REGIÃO NORTE;RONDÔNIA;ÓLEO DIESEL MARÍTIMO;2485,95
2020;OUT;REGIÃO NORTE;RONDÔNIA;ÓLEO DIESEL MARÍTIMO;2553,4
2020;NOV;REGIÃO NORTE;RONDÔNIA;ÓLEO DIESEL MARÍTIMO;2343,678
2020;DEZ;REGIÃO NORTE;RONDÔNIA;ÓLEO DIESEL MARÍTIMO;2083
2020;JAN;REGIÃO NORTE;ACRE;ÓLEO DIESEL MARÍTIMO;59
2020;FEV;REGIÃO NORTE;ACRE;ÓLEO DIESEL MARÍTIMO;114
2020;MAR;REGIÃO NORTE;ACRE;ÓLEO DIESEL MARÍTIMO;123
2020;ABR;REGIÃO NORTE;ACRE;ÓLEO DIESEL MARÍTIMO;62
2020;MAI;REGIÃO NORTE;ACRE;ÓLEO DIESEL MARÍTIMO;193
2020;JUN;REGIÃO NORTE;ACRE;ÓLEO DIESEL MARÍTIMO;111
2020;JUL;REGIÃO NORTE;ACRE;ÓLEO DIESEL MARÍTIMO;91
2020;AGO;REGIÃO NORTE;ACRE;ÓLEO DIESEL MARÍTIMO;97
2020;SET;REGIÃO NORTE;ACRE;ÓLEO DIESEL MARÍTIMO;87
2020;OUT;REGIÃO NORTE;ACRE;ÓLEO DIESEL MARÍTIMO;74
2020;NOV;REGIÃO NORTE;ACRE;ÓLEO DIESEL MARÍTIMO;124
2020;DEZ;REGIÃO NORTE;ACRE;ÓLEO DIESEL MARÍTIMO;162
2020;JAN;REGIÃO NORTE;AMAZONAS;ÓLEO DIESEL MARÍTIMO;13937,435
2020;FEV;REGIÃO NORTE;AMAZONAS;ÓLEO DIESEL MARÍTIMO;12828,828
2020;MAR;REGIÃO NORTE;AMAZONAS;ÓLEO DIESEL MARÍTIMO;14965,631
2020;ABR;REGIÃO NORTE;AMAZONAS;ÓLEO DIESEL MARÍTIMO;14762,751
2020;MAI;REGIÃO NORTE;AMAZONAS;ÓLEO DIESEL MARÍTIMO;13351,599
2020;JUN;REGIÃO NORTE;AMAZONAS;ÓLEO DIESEL MARÍTIMO;13619,994
2020;JUL;REGIÃO NORTE;AMAZONAS;ÓLEO DIESEL MARÍTIMO;19036,644
2020;AGO;REGIÃO NORTE;AMAZONAS;ÓLEO DIESEL MARÍTIMO;16951,13
2020;SET;REGIÃO NORTE;AMAZONAS;ÓLEO DIESEL MARÍTIMO;17712,097
2020;OUT;REGIÃO NORTE;AMAZONAS;ÓLEO DIESEL MARÍTIMO;16460,356
2020;NOV;REGIÃO NORTE;AMAZONAS;ÓLEO DIESEL MARÍTIMO;16815,341
2020;DEZ;REGIÃO NORTE;AMAZONAS;ÓLEO DIESEL MARÍTIMO;16913,948
2020;JAN;REGIÃO NORTE;RORAIMA;ÓLEO DIESEL MARÍTIMO;0
2020;FEV;REGIÃO NORTE;RORAIMA;ÓLEO DIESEL MARÍTIMO;0
2020;MAR;REGIÃO NORTE;RORAIMA;ÓLEO DIESEL MARÍTIMO;0
2020;ABR;REGIÃO NORTE;RORAIMA;ÓLEO DIESEL MARÍTIMO;0
2020;MAI;REGIÃO NORTE;RORAIMA;ÓLEO DIESEL MARÍTIMO;0
2020;JUN;REGIÃO NORTE;RORAIMA;ÓLEO DIESEL MARÍTIMO;0
2020;JUL;REGIÃO NORTE;RORAIMA;ÓLEO DIESEL MARÍTIMO;0
2020;AGO;REGIÃO NORTE;RORAIMA;ÓLEO DIESEL MARÍTIMO;0
2020;SET;REGIÃO NORTE;RORAIMA;ÓLEO DIESEL MARÍTIMO;0
2020;OUT;REGIÃO NORTE;RORAIMA;ÓLEO DIESEL MARÍTIMO;0
2020;NOV;REGIÃO NORTE;RORAIMA;ÓLEO DIESEL MARÍTIMO;0
2020;DEZ;REGIÃO NORTE;RORAIMA;ÓLEO DIESEL MARÍTIMO;0
2020;JAN;REGIÃO NORTE;PARÁ;ÓLEO DIESEL MARÍTIMO;11805,369
2020;FEV;REGIÃO NORTE;PARÁ;ÓLEO DIESEL MARÍTIMO;14032,587
2020;MAR;REGIÃO NORTE;PARÁ;ÓLEO DIESEL MARÍTIMO;12468,769
2020;ABR;REGIÃO NORTE;PARÁ;ÓLEO DIESEL MARÍTIMO;10222,22
2020;MAI;REGIÃO NORTE;PARÁ;ÓLEO DIESEL MARÍTIMO;9488,268
2020;JUN;REGIÃO NORTE;PARÁ;ÓLEO DIESEL MARÍTIMO;12142,089
2020;JUL;REGIÃO NORTE;PARÁ;ÓLEO DIESEL MARÍTIMO;13381,139
2020;AGO;REGIÃO NORTE;PARÁ;ÓLEO DIESEL MARÍTIMO;16378,618
2020;SET;REGIÃO NORTE;PARÁ;ÓLEO DIESEL MARÍTIMO;15905,664
2020;OUT;REGIÃO NORTE;PARÁ;ÓLEO DIESEL MARÍTIMO;17460,791
2020;NOV;REGIÃO NORTE;PARÁ;ÓLEO DIESEL MARÍTIMO;15898,994
2020;DEZ;REGIÃO NORTE;PARÁ;ÓLEO DIESEL MARÍTIMO;15410,198
2020;JAN;REGIÃO NORTE;AMAPÁ;ÓLEO DIESEL MARÍTIMO;148
2020;FEV;REGIÃO NORTE;AMAPÁ;ÓLEO DIESEL MARÍTIMO;96
2020;MAR;REGIÃO NORTE;AMAPÁ;ÓLEO DIESEL MARÍTIMO;147
2020;ABR;REGIÃO NORTE;AMAPÁ;ÓLEO DIESEL MARÍTIMO;123
2020;MAI;REGIÃO NORTE;AMAPÁ;ÓLEO DIESEL MARÍTIMO;123
2020;JUN;REGIÃO NORTE;AMAPÁ;ÓLEO DIESEL MARÍTIMO;227
2020;JUL;REGIÃO NORTE;AMAPÁ;ÓLEO DIESEL MARÍTIMO;179
2020;AGO;REGIÃO NORTE;AMAPÁ;ÓLEO DIESEL MARÍTIMO;164,5
2020;SET;REGIÃO NORTE;AMAPÁ;ÓLEO DIESEL MARÍTIMO;212,5
2020;OUT;REGIÃO NORTE;AMAPÁ;ÓLEO DIESEL MARÍTIMO;266
2020;NOV;REGIÃO NORTE;AMAPÁ;ÓLEO DIESEL MARÍTIMO;175,5
2020;DEZ;REGIÃO NORTE;AMAPÁ;ÓLEO DIESEL MARÍTIMO;151,5
2020;JAN;REGIÃO NORTE;TOCANTINS;ÓLEO DIESEL MARÍTIMO;0
2020;FEV;REGIÃO NORTE;TOCANTINS;ÓLEO DIESEL MARÍTIMO;0
2020;MAR;REGIÃO NORTE;TOCANTINS;ÓLEO DIESEL MARÍTIMO;0
2020;ABR;REGIÃO NORTE;TOCANTINS;ÓLEO DIESEL MARÍTIMO;0
2020;MAI;REGIÃO NORTE;TOCANTINS;ÓLEO DIESEL MARÍTIMO;0
2020;JUN;REGIÃO NORTE;TOCANTINS;ÓLEO DIESEL MARÍTIMO;0
2020;JUL;REGIÃO NORTE;TOCANTINS;ÓLEO DIESEL MARÍTIMO;0
2020;AGO;REGIÃO NORTE;TOCANTINS;ÓLEO DIESEL MARÍTIMO;0
2020;SET;REGIÃO NORTE;TOCANTINS;ÓLEO DIESEL MARÍTIMO;0
2020;OUT;REGIÃO NORTE;TOCANTINS;ÓLEO DIESEL MARÍTIMO;0
2020;NOV;REGIÃO NORTE;TOCANTINS;ÓLEO DIESEL MARÍTIMO;0
2020;DEZ;REGIÃO NORTE;TOCANTINS;ÓLEO DIESEL MARÍTIMO;0
2020;JAN;REGIÃO NORDESTE;MARANHÃO;ÓLEO DIESEL MARÍTIMO;810
2020;FEV;REGIÃO NORDESTE;MARANHÃO;ÓLEO DIESEL MARÍTIMO;660
2020;MAR;REGIÃO NORDESTE;MARANHÃO;ÓLEO DIESEL MARÍTIMO;1195
2020;ABR;REGIÃO NORDESTE;MARANHÃO;ÓLEO DIESEL MARÍTIMO;620
2020;MAI;REGIÃO NORDESTE;MARANHÃO;ÓLEO DIESEL MARÍTIMO;645
2020;JUN;REGIÃO NORDESTE;MARANHÃO;ÓLEO DIESEL MARÍTIMO;575
2020;JUL;REGIÃO NORDESTE;MARANHÃO;ÓLEO DIESEL MARÍTIMO;675
2020;AGO;REGIÃO NORDESTE;MARANHÃO;ÓLEO DIESEL MARÍTIMO;620
2020;SET;REGIÃO NORDESTE;MARANHÃO;ÓLEO DIESEL MARÍTIMO;900
2020;OUT;REGIÃO NORDESTE;MARANHÃO;ÓLEO DIESEL MARÍTIMO;810
2020;NOV;REGIÃO NORDESTE;MARANHÃO;ÓLEO DIESEL MARÍTIMO;705
2020;DEZ;REGIÃO NORDESTE;MARANHÃO;ÓLEO DIESEL MARÍTIMO;1020
2020;JAN;REGIÃO NORDESTE;PIAUÍ;ÓLEO DIESEL MARÍTIMO;20
2020;FEV;REGIÃO NORDESTE;PIAUÍ;ÓLEO DIESEL MARÍTIMO;100
2020;MAR;REGIÃO NORDESTE;PIAUÍ;ÓLEO DIESEL MARÍTIMO;130
2020;ABR;REGIÃO NORDESTE;PIAUÍ;ÓLEO DIESEL MARÍTIMO;85
2020;MAI;REGIÃO NORDESTE;PIAUÍ;ÓLEO DIESEL MARÍTIMO;275
2020;JUN;REGIÃO NORDESTE;PIAUÍ;ÓLEO DIESEL MARÍTIMO;165
2020;JUL;REGIÃO NORDESTE;PIAUÍ;ÓLEO DIESEL MARÍTIMO;255
2020;AGO;REGIÃO NORDESTE;PIAUÍ;ÓLEO DIESEL MARÍTIMO;210
2020;SET;REGIÃO NORDESTE;PIAUÍ;ÓLEO DIESEL MARÍTIMO;200
2020;OUT;REGIÃO NORDESTE;PIAUÍ;ÓLEO DIESEL MARÍTIMO;165
2020;NOV;REGIÃO NORDESTE;PIAUÍ;ÓLEO DIESEL MARÍTIMO;155
2020;DEZ;REGIÃO NORDESTE;PIAUÍ;ÓLEO DIESEL MARÍTIMO;190
2020;JAN;REGIÃO NORDESTE;CEARÁ;ÓLEO DIESEL MARÍTIMO;720
2020;FEV;REGIÃO NORDESTE;CEARÁ;ÓLEO DIESEL MARÍTIMO;605
2020;MAR;REGIÃO NORDESTE;CEARÁ;ÓLEO DIESEL MARÍTIMO;790
2020;ABR;REGIÃO NORDESTE;CEARÁ;ÓLEO DIESEL MARÍTIMO;881
2020;MAI;REGIÃO NORDESTE;CEARÁ;ÓLEO DIESEL MARÍTIMO;1124
2020;JUN;REGIÃO NORDESTE;CEARÁ;ÓLEO DIESEL MARÍTIMO;696
2020;JUL;REGIÃO NORDESTE;CEARÁ;ÓLEO DIESEL MARÍTIMO;1266
2020;AGO;REGIÃO NORDESTE;CEARÁ;ÓLEO DIESEL MARÍTIMO;920
2020;SET;REGIÃO NORDESTE;CEARÁ;ÓLEO DIESEL MARÍTIMO;1126
2020;OUT;REGIÃO NORDESTE;CEARÁ;ÓLEO DIESEL MARÍTIMO;1194
2020;NOV;REGIÃO NORDESTE;CEARÁ;ÓLEO DIESEL MARÍTIMO;1109
2020;DEZ;REGIÃO NORDESTE;CEARÁ;ÓLEO DIESEL MARÍTIMO;1191
2020;JAN;REGIÃO NORDESTE;RIO GRANDE DO NORTE;ÓLEO DIESEL MARÍTIMO;620
2020;FEV;REGIÃO NORDESTE;RIO GRANDE DO NORTE;ÓLEO DIESEL MARÍTIMO;630
2020;MAR;REGIÃO NORDESTE;RIO GRANDE DO NORTE;ÓLEO DIESEL MARÍTIMO;635
2020;ABR;REGIÃO NORDESTE;RIO GRANDE DO NORTE;ÓLEO DIESEL MARÍTIMO;480
2020;MAI;REGIÃO NORDESTE;RIO GRANDE DO NORTE;ÓLEO DIESEL MARÍTIMO;465
2020;JUN;REGIÃO NORDESTE;RIO GRANDE DO NORTE;ÓLEO DIESEL MARÍTIMO;555
2020;JUL;REGIÃO NORDESTE;RIO GRANDE DO NORTE;ÓLEO DIESEL MARÍTIMO;565
2020;AGO;REGIÃO NORDESTE;RIO GRANDE DO NORTE;ÓLEO DIESEL MARÍTIMO;465
2020;SET;REGIÃO NORDESTE;RIO GRANDE DO NORTE;ÓLEO DIESEL MARÍTIMO;469
2020;OUT;REGIÃO NORDESTE;RIO GRANDE DO NORTE;ÓLEO DIESEL MARÍTIMO;751
2020;NOV;REGIÃO NORDESTE;RIO GRANDE DO NORTE;ÓLEO DIESEL MARÍTIMO;1063
2020;DEZ;REGIÃO NORDESTE;RIO GRANDE DO NORTE;ÓLEO DIESEL MARÍTIMO;651
2020;JAN;REGIÃO NORDESTE;PARAÍBA;ÓLEO DIESEL MARÍTIMO;10
2020;FEV;REGIÃO NORDESTE;PARAÍBA;ÓLEO DIESEL MARÍTIMO;0
2020;MAR;REGIÃO NORDESTE;PARAÍBA;ÓLEO DIESEL MARÍTIMO;25
2020;ABR;REGIÃO NORDESTE;PARAÍBA;ÓLEO DIESEL MARÍTIMO;0
2020;MAI;REGIÃO NORDESTE;PARAÍBA;ÓLEO DIESEL MARÍTIMO;0
2020;JUN;REGIÃO NORDESTE;PARAÍBA;ÓLEO DIESEL MARÍTIMO;0
2020;JUL;REGIÃO NORDESTE;PARAÍBA;ÓLEO DIESEL MARÍTIMO;0
2020;AGO;REGIÃO NORDESTE;PARAÍBA;ÓLEO DIESEL MARÍTIMO;0
2020;SET;REGIÃO NORDESTE;PARAÍBA;ÓLEO DIESEL MARÍTIMO;0
2020;OUT;REGIÃO NORDESTE;PARAÍBA;ÓLEO DIESEL MARÍTIMO;0
2020;NOV;REGIÃO NORDESTE;PARAÍBA;ÓLEO DIESEL MARÍTIMO;0
2020;DEZ;REGIÃO NORDESTE;PARAÍBA;ÓLEO DIESEL MARÍTIMO;0
2020;JAN;REGIÃO NORDESTE;PERNAMBUCO;ÓLEO DIESEL MARÍTIMO;966
2020;FEV;REGIÃO NORDESTE;PERNAMBUCO;ÓLEO DIESEL MARÍTIMO;709,6
2020;MAR;REGIÃO NORDESTE;PERNAMBUCO;ÓLEO DIESEL MARÍTIMO;565
2020;ABR;REGIÃO NORDESTE;PERNAMBUCO;ÓLEO DIESEL MARÍTIMO;80
2020;MAI;REGIÃO NORDESTE;PERNAMBUCO;ÓLEO DIESEL MARÍTIMO;190
2020;JUN;REGIÃO NORDESTE;PERNAMBUCO;ÓLEO DIESEL MARÍTIMO;255
2020;JUL;REGIÃO NORDESTE;PERNAMBUCO;ÓLEO DIESEL MARÍTIMO;187
2020;AGO;REGIÃO NORDESTE;PERNAMBUCO;ÓLEO DIESEL MARÍTIMO;170
2020;SET;REGIÃO NORDESTE;PERNAMBUCO;ÓLEO DIESEL MARÍTIMO;185
2020;OUT;REGIÃO NORDESTE;PERNAMBUCO;ÓLEO DIESEL MARÍTIMO;317
2020;NOV;REGIÃO NORDESTE;PERNAMBUCO;ÓLEO DIESEL MARÍTIMO;273
2020;DEZ;REGIÃO NORDESTE;PERNAMBUCO;ÓLEO DIESEL MARÍTIMO;280
2020;JAN;REGIÃO NORDESTE;ALAGOAS;ÓLEO DIESEL MARÍTIMO;105
2020;FEV;REGIÃO NORDESTE;ALAGOAS;ÓLEO DIESEL MARÍTIMO;215
2020;MAR;REGIÃO NORDESTE;ALAGOAS;ÓLEO DIESEL MARÍTIMO;40
2020;ABR;REGIÃO NORDESTE;ALAGOAS;ÓLEO DIESEL MARÍTIMO;0
2020;MAI;REGIÃO NORDESTE;ALAGOAS;ÓLEO DIESEL MARÍTIMO;85
2020;JUN;REGIÃO NORDESTE;ALAGOAS;ÓLEO DIESEL MARÍTIMO;0
2020;JUL;REGIÃO NORDESTE;ALAGOAS;ÓLEO DIESEL MARÍTIMO;20
2020;AGO;REGIÃO NORDESTE;ALAGOAS;ÓLEO DIESEL MARÍTIMO;5
2020;SET;REGIÃO NORDESTE;ALAGOAS;ÓLEO DIESEL MARÍTIMO;50
2020;OUT;REGIÃO NORDESTE;ALAGOAS;ÓLEO DIESEL MARÍTIMO;150
2020;NOV;REGIÃO NORDESTE;ALAGOAS;ÓLEO DIESEL MARÍTIMO;250
2020;DEZ;REGIÃO NORDESTE;ALAGOAS;ÓLEO DIESEL MARÍTIMO;770
2020;JAN;REGIÃO NORDESTE;SERGIPE;ÓLEO DIESEL MARÍTIMO;70
2020;FEV;REGIÃO NORDESTE;SERGIPE;ÓLEO DIESEL MARÍTIMO;75
2020;MAR;REGIÃO NORDESTE;SERGIPE;ÓLEO DIESEL MARÍTIMO;55
2020;ABR;REGIÃO NORDESTE;SERGIPE;ÓLEO DIESEL MARÍTIMO;80
2020;MAI;REGIÃO NORDESTE;SERGIPE;ÓLEO DIESEL MARÍTIMO;60
2020;JUN;REGIÃO NORDESTE;SERGIPE;ÓLEO DIESEL MARÍTIMO;35
2020;JUL;REGIÃO NORDESTE;SERGIPE;ÓLEO DIESEL MARÍTIMO;85
2020;AGO;REGIÃO NORDESTE;SERGIPE;ÓLEO DIESEL MARÍTIMO;90
2020;SET;REGIÃO NORDESTE;SERGIPE;ÓLEO DIESEL MARÍTIMO;195
2020;OUT;REGIÃO NORDESTE;SERGIPE;ÓLEO DIESEL MARÍTIMO;145
2020;NOV;REGIÃO NORDESTE;SERGIPE;ÓLEO DIESEL MARÍTIMO;88
2020;DEZ;REGIÃO NORDESTE;SERGIPE;ÓLEO DIESEL MARÍTIMO;90
2020;JAN;REGIÃO NORDESTE;BAHIA;ÓLEO DIESEL MARÍTIMO;1275
2020;FEV;REGIÃO NORDESTE;BAHIA;ÓLEO DIESEL MARÍTIMO;1009
2020;MAR;REGIÃO NORDESTE;BAHIA;ÓLEO DIESEL MARÍTIMO;767
2020;ABR;REGIÃO NORDESTE;BAHIA;ÓLEO DIESEL MARÍTIMO;598
2020;MAI;REGIÃO NORDESTE;BAHIA;ÓLEO DIESEL MARÍTIMO;530
2020;JUN;REGIÃO NORDESTE;BAHIA;ÓLEO DIESEL MARÍTIMO;264
2020;JUL;REGIÃO NORDESTE;BAHIA;ÓLEO DIESEL MARÍTIMO;341
2020;AGO;REGIÃO NORDESTE;BAHIA;ÓLEO DIESEL MARÍTIMO;656
2020;SET;REGIÃO NORDESTE;BAHIA;ÓLEO DIESEL MARÍTIMO;761
2020;OUT;REGIÃO NORDESTE;BAHIA;ÓLEO DIESEL MARÍTIMO;776
2020;NOV;REGIÃO NORDESTE;BAHIA;ÓLEO DIESEL MARÍTIMO;1009
2020;DEZ;REGIÃO NORDESTE;BAHIA;ÓLEO DIESEL MARÍTIMO;1327
2020;JAN;REGIÃO SUDESTE;MINAS GERAIS;ÓLEO DIESEL MARÍTIMO;0
2020;FEV;REGIÃO SUDESTE;MINAS GERAIS;ÓLEO DIESEL MARÍTIMO;0
2020;MAR;REGIÃO SUDESTE;MINAS GERAIS;ÓLEO DIESEL MARÍTIMO;0
2020;ABR;REGIÃO SUDESTE;MINAS GERAIS;ÓLEO DIESEL MARÍTIMO;0
2020;MAI;REGIÃO SUDESTE;MINAS GERAIS;ÓLEO DIESEL MARÍTIMO;0
2020;JUN;REGIÃO SUDESTE;MINAS GERAIS;ÓLEO DIESEL MARÍTIMO;0
2020;JUL;REGIÃO SUDESTE;MINAS GERAIS;ÓLEO DIESEL MARÍTIMO;0
2020;AGO;REGIÃO SUDESTE;MINAS GERAIS;ÓLEO DIESEL MARÍTIMO;0
2020;SET;REGIÃO SUDESTE;MINAS GERAIS;ÓLEO DIESEL MARÍTIMO;0
2020;OUT;REGIÃO SUDESTE;MINAS GERAIS;ÓLEO DIESEL MARÍTIMO;0
2020;NOV;REGIÃO SUDESTE;MINAS GERAIS;ÓLEO DIESEL MARÍTIMO;0
2020;DEZ;REGIÃO SUDESTE;MINAS GERAIS;ÓLEO DIESEL MARÍTIMO;0
2020;JAN;REGIÃO SUDESTE;ESPÍRITO SANTO;ÓLEO DIESEL MARÍTIMO;2033
2020;FEV;REGIÃO SUDESTE;ESPÍRITO SANTO;ÓLEO DIESEL MARÍTIMO;2039,817
2020;MAR;REGIÃO SUDESTE;ESPÍRITO SANTO;ÓLEO DIESEL MARÍTIMO;2233,864
2020;ABR;REGIÃO SUDESTE;ESPÍRITO SANTO;ÓLEO DIESEL MARÍTIMO;1897
2020;MAI;REGIÃO SUDESTE;ESPÍRITO SANTO;ÓLEO DIESEL MARÍTIMO;1759,556
2020;JUN;REGIÃO SUDESTE;ESPÍRITO SANTO;ÓLEO DIESEL MARÍTIMO;1690
2020;JUL;REGIÃO SUDESTE;ESPÍRITO SANTO;ÓLEO DIESEL MARÍTIMO;2485
2020;AGO;REGIÃO SUDESTE;ESPÍRITO SANTO;ÓLEO DIESEL MARÍTIMO;1604
2020;SET;REGIÃO SUDESTE;ESPÍRITO SANTO;ÓLEO DIESEL MARÍTIMO;2527,707
2020;OUT;REGIÃO SUDESTE;ESPÍRITO SANTO;ÓLEO DIESEL MARÍTIMO;3991,601
2020;NOV;REGIÃO SUDESTE;ESPÍRITO SANTO;ÓLEO DIESEL MARÍTIMO;4925
2020;DEZ;REGIÃO SUDESTE;ESPÍRITO SANTO;ÓLEO DIESEL MARÍTIMO;3003
2020;JAN;REGIÃO SUDESTE;RIO DE JANEIRO;ÓLEO DIESEL MARÍTIMO;27118,505
2020;FEV;REGIÃO SUDESTE;RIO DE JANEIRO;ÓLEO DIESEL MARÍTIMO;22383,562
2020;MAR;REGIÃO SUDESTE;RIO DE JANEIRO;ÓLEO DIESEL MARÍTIMO;20448,43
2020;ABR;REGIÃO SUDESTE;RIO DE JANEIRO;ÓLEO DIESEL MARÍTIMO;14651,803
2020;MAI;REGIÃO SUDESTE;RIO DE JANEIRO;ÓLEO DIESEL MARÍTIMO;15091,076
2020;JUN;REGIÃO SUDESTE;RIO DE JANEIRO;ÓLEO DIESEL MARÍTIMO;12113,966
2020;JUL;REGIÃO SUDESTE;RIO DE JANEIRO;ÓLEO DIESEL MARÍTIMO;22951,328
2020;AGO;REGIÃO SUDESTE;RIO DE JANEIRO;ÓLEO DIESEL MARÍTIMO;18872,302
2020;SET;REGIÃO SUDESTE;RIO DE JANEIRO;ÓLEO DIESEL MARÍTIMO;19329,804
2020;OUT;REGIÃO SUDESTE;RIO DE JANEIRO;ÓLEO DIESEL MARÍTIMO;18230,039
2020;NOV;REGIÃO SUDESTE;RIO DE JANEIRO;ÓLEO DIESEL MARÍTIMO;16960,542
2020;DEZ;REGIÃO SUDESTE;RIO DE JANEIRO;ÓLEO DIESEL MARÍTIMO;24742,145
2020;JAN;REGIÃO SUDESTE;SÃO PAULO;ÓLEO DIESEL MARÍTIMO;2612
2020;FEV;REGIÃO SUDESTE;SÃO PAULO;ÓLEO DIESEL MARÍTIMO;2099
2020;MAR;REGIÃO SUDESTE;SÃO PAULO;ÓLEO DIESEL MARÍTIMO;1999,7
2020;ABR;REGIÃO SUDESTE;SÃO PAULO;ÓLEO DIESEL MARÍTIMO;1567
2020;MAI;REGIÃO SUDESTE;SÃO PAULO;ÓLEO DIESEL MARÍTIMO;1986
2020;JUN;REGIÃO SUDESTE;SÃO PAULO;ÓLEO DIESEL MARÍTIMO;1850
2020;JUL;REGIÃO SUDESTE;SÃO PAULO;ÓLEO DIESEL MARÍTIMO;2643,394
2020;AGO;REGIÃO SUDESTE;SÃO PAULO;ÓLEO DIESEL MARÍTIMO;2431,1
2020;SET;REGIÃO SUDESTE;SÃO PAULO;ÓLEO DIESEL MARÍTIMO;2432,2
2020;OUT;REGIÃO SUDESTE;SÃO PAULO;ÓLEO DIESEL MARÍTIMO;2671,5
2020;NOV;REGIÃO SUDESTE;SÃO PAULO;ÓLEO DIESEL MARÍTIMO;2425,2
2020;DEZ;REGIÃO SUDESTE;SÃO PAULO;ÓLEO DIESEL MARÍTIMO;2773
2020;JAN;REGIÃO SUL;PARANÁ;ÓLEO DIESEL MARÍTIMO;664,5
2020;FEV;REGIÃO SUL;PARANÁ;ÓLEO DIESEL MARÍTIMO;777,81
2020;MAR;REGIÃO SUL;PARANÁ;ÓLEO DIESEL MARÍTIMO;893
2020;ABR;REGIÃO SUL;PARANÁ;ÓLEO DIESEL MARÍTIMO;507,845
2020;MAI;REGIÃO SUL;PARANÁ;ÓLEO DIESEL MARÍTIMO;883,962
2020;JUN;REGIÃO SUL;PARANÁ;ÓLEO DIESEL MARÍTIMO;647
2020;JUL;REGIÃO SUL;PARANÁ;ÓLEO DIESEL MARÍTIMO;537,96
2020;AGO;REGIÃO SUL;PARANÁ;ÓLEO DIESEL MARÍTIMO;718,436
2020;SET;REGIÃO SUL;PARANÁ;ÓLEO DIESEL MARÍTIMO;800
2020;OUT;REGIÃO SUL;PARANÁ;ÓLEO DIESEL MARÍTIMO;850,048
2020;NOV;REGIÃO SUL;PARANÁ;ÓLEO DIESEL MARÍTIMO;523,23
2020;DEZ;REGIÃO SUL;PARANÁ;ÓLEO DIESEL MARÍTIMO;694,467
2020;JAN;REGIÃO SUL;SANTA CATARINA;ÓLEO DIESEL MARÍTIMO;3370,995
2020;FEV;REGIÃO SUL;SANTA CATARINA;ÓLEO DIESEL MARÍTIMO;4464,114
2020;MAR;REGIÃO SUL;SANTA CATARINA;ÓLEO DIESEL MARÍTIMO;4407,813
2020;ABR;REGIÃO SUL;SANTA CATARINA;ÓLEO DIESEL MARÍTIMO;3363,963
2020;MAI;REGIÃO SUL;SANTA CATARINA;ÓLEO DIESEL MARÍTIMO;5065,823
2020;JUN;REGIÃO SUL;SANTA CATARINA;ÓLEO DIESEL MARÍTIMO;4966,42
2020;JUL;REGIÃO SUL;SANTA CATARINA;ÓLEO DIESEL MARÍTIMO;5526,544
2020;AGO;REGIÃO SUL;SANTA CATARINA;ÓLEO DIESEL MARÍTIMO;5211,03
2020;SET;REGIÃO SUL;SANTA CATARINA;ÓLEO DIESEL MARÍTIMO;5605,297
2020;OUT;REGIÃO SUL;SANTA CATARINA;ÓLEO DIESEL MARÍTIMO;5731,916
2020;NOV;REGIÃO SUL;SANTA CATARINA;ÓLEO DIESEL MARÍTIMO;5417,402
2020;DEZ;REGIÃO SUL;SANTA CATARINA;ÓLEO DIESEL MARÍTIMO;6251,46
2020;JAN;REGIÃO SUL;RIO GRANDE DO SUL;ÓLEO DIESEL MARÍTIMO;2267
2020;FEV;REGIÃO SUL;RIO GRANDE DO SUL;ÓLEO DIESEL MARÍTIMO;1994
2020;MAR;REGIÃO SUL;RIO GRANDE DO SUL;ÓLEO DIESEL MARÍTIMO;2268,5
2020;ABR;REGIÃO SUL;RIO GRANDE DO SUL;ÓLEO DIESEL MARÍTIMO;2438
2020;MAI;REGIÃO SUL;RIO GRANDE DO SUL;ÓLEO DIESEL MARÍTIMO;1639
2020;JUN;REGIÃO SUL;RIO GRANDE DO SUL;ÓLEO DIESEL MARÍTIMO;1880,5
2020;JUL;REGIÃO SUL;RIO GRANDE DO SUL;ÓLEO DIESEL MARÍTIMO;1935
2020;AGO;REGIÃO SUL;RIO GRANDE DO SUL;ÓLEO DIESEL MARÍTIMO;2002
2020;SET;REGIÃO SUL;RIO GRANDE DO SUL;ÓLEO DIESEL MARÍTIMO;1965
2020;OUT;REGIÃO SUL;RIO GRANDE DO SUL;ÓLEO DIESEL MARÍTIMO;2266
2020;NOV;REGIÃO SUL;RIO GRANDE DO SUL;ÓLEO DIESEL MARÍTIMO;2116
2020;DEZ;REGIÃO SUL;RIO GRANDE DO SUL;ÓLEO DIESEL MARÍTIMO;1841
2020;JAN;REGIÃO CENTRO-OESTE;MATO GROSSO DO SUL;ÓLEO DIESEL MARÍTIMO;268
2020;FEV;REGIÃO CENTRO-OESTE;MATO GROSSO DO SUL;ÓLEO DIESEL MARÍTIMO;223
2020;MAR;REGIÃO CENTRO-OESTE;MATO GROSSO DO SUL;ÓLEO DIESEL MARÍTIMO;209
2020;ABR;REGIÃO CENTRO-OESTE;MATO GROSSO DO SUL;ÓLEO DIESEL MARÍTIMO;83
2020;MAI;REGIÃO CENTRO-OESTE;MATO GROSSO DO SUL;ÓLEO DIESEL MARÍTIMO;88
2020;JUN;REGIÃO CENTRO-OESTE;MATO GROSSO DO SUL;ÓLEO DIESEL MARÍTIMO;100
2020;JUL;REGIÃO CENTRO-OESTE;MATO GROSSO DO SUL;ÓLEO DIESEL MARÍTIMO;151
2020;AGO;REGIÃO CENTRO-OESTE;MATO GROSSO DO SUL;ÓLEO DIESEL MARÍTIMO;167
2020;SET;REGIÃO CENTRO-OESTE;MATO GROSSO DO SUL;ÓLEO DIESEL MARÍTIMO;169
2020;OUT;REGIÃO CENTRO-OESTE;MATO GROSSO DO SUL;ÓLEO DIESEL MARÍTIMO;175
2020;NOV;REGIÃO CENTRO-OESTE;MATO GROSSO DO SUL;ÓLEO DIESEL MARÍTIMO;122
2020;DEZ;REGIÃO CENTRO-OESTE;MATO GROSSO DO SUL;ÓLEO DIESEL MARÍTIMO;140
2020;JAN;REGIÃO CENTRO-OESTE;MATO GROSSO;ÓLEO DIESEL MARÍTIMO;0
2020;FEV;REGIÃO CENTRO-OESTE;MATO GROSSO;ÓLEO DIESEL MARÍTIMO;0
2020;MAR;REGIÃO CENTRO-OESTE;MATO GROSSO;ÓLEO DIESEL MARÍTIMO;0
2020;ABR;REGIÃO CENTRO-OESTE;MATO GROSSO;ÓLEO DIESEL MARÍTIMO;0
2020;MAI;REGIÃO CENTRO-OESTE;MATO GROSSO;ÓLEO DIESEL MARÍTIMO;0
2020;JUN;REGIÃO CENTRO-OESTE;MATO GROSSO;ÓLEO DIESEL MARÍTIMO;0
2020;JUL;REGIÃO CENTRO-OESTE;MATO GROSSO;ÓLEO DIESEL MARÍTIMO;0
2020;AGO;REGIÃO CENTRO-OESTE;MATO GROSSO;ÓLEO DIESEL MARÍTIMO;0
2020;SET;REGIÃO CENTRO-OESTE;MATO GROSSO;ÓLEO DIESEL MARÍTIMO;0
2020;OUT;REGIÃO CENTRO-OESTE;MATO GROSSO;ÓLEO DIESEL MARÍTIMO;0
2020;NOV;REGIÃO CENTRO-OESTE;MATO GROSSO;ÓLEO DIESEL MARÍTIMO;0
2020;DEZ;REGIÃO CENTRO-OESTE;MATO GROSSO;ÓLEO DIESEL MARÍTIMO;0
2020;JAN;REGIÃO CENTRO-OESTE;GOIÁS;ÓLEO DIESEL MARÍTIMO;0
2020;FEV;REGIÃO CENTRO-OESTE;GOIÁS;ÓLEO DIESEL MARÍTIMO;0
2020;MAR;REGIÃO CENTRO-OESTE;GOIÁS;ÓLEO DIESEL MARÍTIMO;0
2020;ABR;REGIÃO CENTRO-OESTE;GOIÁS;ÓLEO DIESEL MARÍTIMO;0
2020;MAI;REGIÃO CENTRO-OESTE;GOIÁS;ÓLEO DIESEL MARÍTIMO;0
2020;JUN;REGIÃO CENTRO-OESTE;GOIÁS;ÓLEO DIESEL MARÍTIMO;0
2020;JUL;REGIÃO CENTRO-OESTE;GOIÁS;ÓLEO DIESEL MARÍTIMO;0
2020;AGO;REGIÃO CENTRO-OESTE;GOIÁS;ÓLEO DIESEL MARÍTIMO;0
2020;SET;REGIÃO CENTRO-OESTE;GOIÁS;ÓLEO DIESEL MARÍTIMO;0
2020;OUT;REGIÃO CENTRO-OESTE;GOIÁS;ÓLEO DIESEL MARÍTIMO;0
2020;NOV;REGIÃO CENTRO-OESTE;GOIÁS;ÓLEO DIESEL MARÍTIMO;0
2020;DEZ;REGIÃO CENTRO-OESTE;GOIÁS;ÓLEO DIESEL MARÍTIMO;0
2020;JAN;REGIÃO CENTRO-OESTE;DISTRITO FEDERAL;ÓLEO DIESEL MARÍTIMO;0
2020;FEV;REGIÃO CENTRO-OESTE;DISTRITO FEDERAL;ÓLEO DIESEL MARÍTIMO;0
2020;MAR;REGIÃO CENTRO-OESTE;DISTRITO FEDERAL;ÓLEO DIESEL MARÍTIMO;0
2020;ABR;REGIÃO CENTRO-OESTE;DISTRITO FEDERAL;ÓLEO DIESEL MARÍTIMO;0
2020;MAI;REGIÃO CENTRO-OESTE;DISTRITO FEDERAL;ÓLEO DIESEL MARÍTIMO;0
2020;JUN;REGIÃO CENTRO-OESTE;DISTRITO FEDERAL;ÓLEO DIESEL MARÍTIMO;0
2020;JUL;REGIÃO CENTRO-OESTE;DISTRITO FEDERAL;ÓLEO DIESEL MARÍTIMO;0
2020;AGO;REGIÃO CENTRO-OESTE;DISTRITO FEDERAL;ÓLEO DIESEL MARÍTIMO;0
2020;SET;REGIÃO CENTRO-OESTE;DISTRITO FEDERAL;ÓLEO DIESEL MARÍTIMO;0
2020;OUT;REGIÃO CENTRO-OESTE;DISTRITO FEDERAL;ÓLEO DIESEL MARÍTIMO;0
2020;NOV;REGIÃO CENTRO-OESTE;DISTRITO FEDERAL;ÓLEO DIESEL MARÍTIMO;0
2020;DEZ;REGIÃO CENTRO-OESTE;DISTRITO FEDERAL;ÓLEO DIESEL MARÍTIMO;0
2020;JAN;REGIÃO NORTE;RONDÔNIA;ÓLEO DIESEL (OUTROS );0
2020;FEV;REGIÃO NORTE;RONDÔNIA;ÓLEO DIESEL (OUTROS );0
2020;MAR;REGIÃO NORTE;RONDÔNIA;ÓLEO DIESEL (OUTROS );0
2020;ABR;REGIÃO NORTE;RONDÔNIA;ÓLEO DIESEL (OUTROS );0
2020;MAI;REGIÃO NORTE;RONDÔNIA;ÓLEO DIESEL (OUTROS );0
2020;JUN;REGIÃO NORTE;RONDÔNIA;ÓLEO DIESEL (OUTROS );0
2020;JUL;REGIÃO NORTE;RONDÔNIA;ÓLEO DIESEL (OUTROS );0
2020;AGO;REGIÃO NORTE;RONDÔNIA;ÓLEO DIESEL (OUTROS );0
2020;SET;REGIÃO NORTE;RONDÔNIA;ÓLEO DIESEL (OUTROS );0
2020;OUT;REGIÃO NORTE;RONDÔNIA;ÓLEO DIESEL (OUTROS );0
2020;NOV;REGIÃO NORTE;RONDÔNIA;ÓLEO DIESEL (OUTROS );0
2020;DEZ;REGIÃO NORTE;RONDÔNIA;ÓLEO DIESEL (OUTROS );0
2020;JAN;REGIÃO NORTE;ACRE;ÓLEO DIESEL (OUTROS );0
2020;FEV;REGIÃO NORTE;ACRE;ÓLEO DIESEL (OUTROS );0
2020;MAR;REGIÃO NORTE;ACRE;ÓLEO DIESEL (OUTROS );0
2020;ABR;REGIÃO NORTE;ACRE;ÓLEO DIESEL (OUTROS );0
2020;MAI;REGIÃO NORTE;ACRE;ÓLEO DIESEL (OUTROS );0
2020;JUN;REGIÃO NORTE;ACRE;ÓLEO DIESEL (OUTROS );0
2020;JUL;REGIÃO NORTE;ACRE;ÓLEO DIESEL (OUTROS );0
2020;AGO;REGIÃO NORTE;ACRE;ÓLEO DIESEL (OUTROS );0
2020;SET;REGIÃO NORTE;ACRE;ÓLEO DIESEL (OUTROS );0
2020;OUT;REGIÃO NORTE;ACRE;ÓLEO DIESEL (OUTROS );0
2020;NOV;REGIÃO NORTE;ACRE;ÓLEO DIESEL (OUTROS );0
2020;DEZ;REGIÃO NORTE;ACRE;ÓLEO DIESEL (OUTROS );0
2020;JAN;REGIÃO NORTE;AMAZONAS;ÓLEO DIESEL (OUTROS );0
2020;FEV;REGIÃO NORTE;AMAZONAS;ÓLEO DIESEL (OUTROS );0
2020;MAR;REGIÃO NORTE;AMAZONAS;ÓLEO DIESEL (OUTROS );0
2020;ABR;REGIÃO NORTE;AMAZONAS;ÓLEO DIESEL (OUTROS );0
2020;MAI;REGIÃO NORTE;AMAZONAS;ÓLEO DIESEL (OUTROS );0
2020;JUN;REGIÃO NORTE;AMAZONAS;ÓLEO DIESEL (OUTROS );0
2020;JUL;REGIÃO NORTE;AMAZONAS;ÓLEO DIESEL (OUTROS );0
2020;AGO;REGIÃO NORTE;AMAZONAS;ÓLEO DIESEL (OUTROS );0
2020;SET;REGIÃO NORTE;AMAZONAS;ÓLEO DIESEL (OUTROS );0
2020;OUT;REGIÃO NORTE;AMAZONAS;ÓLEO DIESEL (OUTROS );0
2020;NOV;REGIÃO NORTE;AMAZONAS;ÓLEO DIESEL (OUTROS );0
2020;DEZ;REGIÃO NORTE;AMAZONAS;ÓLEO DIESEL (OUTROS );0
2020;JAN;REGIÃO NORTE;RORAIMA;ÓLEO DIESEL (OUTROS );0
2020;FEV;REGIÃO NORTE;RORAIMA;ÓLEO DIESEL (OUTROS );0
2020;MAR;REGIÃO NORTE;RORAIMA;ÓLEO DIESEL (OUTROS );0
2020;ABR;REGIÃO NORTE;RORAIMA;ÓLEO DIESEL (OUTROS );0
2020;MAI;REGIÃO NORTE;RORAIMA;ÓLEO DIESEL (OUTROS );0
2020;JUN;REGIÃO NORTE;RORAIMA;ÓLEO DIESEL (OUTROS );0
2020;JUL;REGIÃO NORTE;RORAIMA;ÓLEO DIESEL (OUTROS );0
2020;AGO;REGIÃO NORTE;RORAIMA;ÓLEO DIESEL (OUTROS );0
2020;SET;REGIÃO NORTE;RORAIMA;ÓLEO DIESEL (OUTROS );0
2020;OUT;REGIÃO NORTE;RORAIMA;ÓLEO DIESEL (OUTROS );0
2020;NOV;REGIÃO NORTE;RORAIMA;ÓLEO DIESEL (OUTROS );0
2020;DEZ;REGIÃO NORTE;RORAIMA;ÓLEO DIESEL (OUTROS );0
2020;JAN;REGIÃO NORTE;PARÁ;ÓLEO DIESEL (OUTROS );0
2020;FEV;REGIÃO NORTE;PARÁ;ÓLEO DIESEL (OUTROS );0
2020;MAR;REGIÃO NORTE;PARÁ;ÓLEO DIESEL (OUTROS );0
2020;ABR;REGIÃO NORTE;PARÁ;ÓLEO DIESEL (OUTROS );0
2020;MAI;REGIÃO NORTE;PARÁ;ÓLEO DIESEL (OUTROS );0
2020;JUN;REGIÃO NORTE;PARÁ;ÓLEO DIESEL (OUTROS );0
2020;JUL;REGIÃO NORTE;PARÁ;ÓLEO DIESEL (OUTROS );0
2020;AGO;REGIÃO NORTE;PARÁ;ÓLEO DIESEL (OUTROS );0
2020;SET;REGIÃO NORTE;PARÁ;ÓLEO DIESEL (OUTROS );0
2020;OUT;REGIÃO NORTE;PARÁ;ÓLEO DIESEL (OUTROS );0
2020;NOV;REGIÃO NORTE;PARÁ;ÓLEO DIESEL (OUTROS );0
2020;DEZ;REGIÃO NORTE;PARÁ;ÓLEO DIESEL (OUTROS );0
2020;JAN;REGIÃO NORTE;AMAPÁ;ÓLEO DIESEL (OUTROS );0
2020;FEV;REGIÃO NORTE;AMAPÁ;ÓLEO DIESEL (OUTROS );0
2020;MAR;REGIÃO NORTE;AMAPÁ;ÓLEO DIESEL (OUTROS );0
2020;ABR;REGIÃO NORTE;AMAPÁ;ÓLEO DIESEL (OUTROS );0
2020;MAI;REGIÃO NORTE;AMAPÁ;ÓLEO DIESEL (OUTROS );0
2020;JUN;REGIÃO NORTE;AMAPÁ;ÓLEO DIESEL (OUTROS );0
2020;JUL;REGIÃO NORTE;AMAPÁ;ÓLEO DIESEL (OUTROS );0
2020;AGO;REGIÃO NORTE;AMAPÁ;ÓLEO DIESEL (OUTROS );0
2020;SET;REGIÃO NORTE;AMAPÁ;ÓLEO DIESEL (OUTROS );0
2020;OUT;REGIÃO NORTE;AMAPÁ;ÓLEO DIESEL (OUTROS );0
2020;NOV;REGIÃO NORTE;AMAPÁ;ÓLEO DIESEL (OUTROS );0
2020;DEZ;REGIÃO NORTE;AMAPÁ;ÓLEO DIESEL (OUTROS );0
2020;JAN;REGIÃO NORTE;TOCANTINS;ÓLEO DIESEL (OUTROS );0
2020;FEV;REGIÃO NORTE;TOCANTINS;ÓLEO DIESEL (OUTROS );0
2020;MAR;REGIÃO NORTE;TOCANTINS;ÓLEO DIESEL (OUTROS );0
2020;ABR;REGIÃO NORTE;TOCANTINS;ÓLEO DIESEL (OUTROS );0
2020;MAI;REGIÃO NORTE;TOCANTINS;ÓLEO DIESEL (OUTROS );0
2020;JUN;REGIÃO NORTE;TOCANTINS;ÓLEO DIESEL (OUTROS );0
2020;JUL;REGIÃO NORTE;TOCANTINS;ÓLEO DIESEL (OUTROS );0
2020;AGO;REGIÃO NORTE;TOCANTINS;ÓLEO DIESEL (OUTROS );0
2020;SET;REGIÃO NORTE;TOCANTINS;ÓLEO DIESEL (OUTROS );0
2020;OUT;REGIÃO NORTE;TOCANTINS;ÓLEO DIESEL (OUTROS );0
2020;NOV;REGIÃO NORTE;TOCANTINS;ÓLEO DIESEL (OUTROS );0
2020;DEZ;REGIÃO NORTE;TOCANTINS;ÓLEO DIESEL (OUTROS );0
2020;JAN;REGIÃO NORDESTE;MARANHÃO;ÓLEO DIESEL (OUTROS );0
2020;FEV;REGIÃO NORDESTE;MARANHÃO;ÓLEO DIESEL (OUTROS );0
2020;MAR;REGIÃO NORDESTE;MARANHÃO;ÓLEO DIESEL (OUTROS );0
2020;ABR;REGIÃO NORDESTE;MARANHÃO;ÓLEO DIESEL (OUTROS );0
2020;MAI;REGIÃO NORDESTE;MARANHÃO;ÓLEO DIESEL (OUTROS );0
2020;JUN;REGIÃO NORDESTE;MARANHÃO;ÓLEO DIESEL (OUTROS );0
2020;JUL;REGIÃO NORDESTE;MARANHÃO;ÓLEO DIESEL (OUTROS );0
2020;AGO;REGIÃO NORDESTE;MARANHÃO;ÓLEO DIESEL (OUTROS );0
2020;SET;REGIÃO NORDESTE;MARANHÃO;ÓLEO DIESEL (OUTROS );0
2020;OUT;REGIÃO NORDESTE;MARANHÃO;ÓLEO DIESEL (OUTROS );0
2020;NOV;REGIÃO NORDESTE;MARANHÃO;ÓLEO DIESEL (OUTROS );0
2020;DEZ;REGIÃO NORDESTE;MARANHÃO;ÓLEO DIESEL (OUTROS );0
2020;JAN;REGIÃO NORDESTE;PIAUÍ;ÓLEO DIESEL (OUTROS );0
2020;FEV;REGIÃO NORDESTE;PIAUÍ;ÓLEO DIESEL (OUTROS );0
2020;MAR;REGIÃO NORDESTE;PIAUÍ;ÓLEO DIESEL (OUTROS );0
2020;ABR;REGIÃO NORDESTE;PIAUÍ;ÓLEO DIESEL (OUTROS );0
2020;MAI;REGIÃO NORDESTE;PIAUÍ;ÓLEO DIESEL (OUTROS );0
2020;JUN;REGIÃO NORDESTE;PIAUÍ;ÓLEO DIESEL (OUTROS );0
2020;JUL;REGIÃO NORDESTE;PIAUÍ;ÓLEO DIESEL (OUTROS );0
2020;AGO;REGIÃO NORDESTE;PIAUÍ;ÓLEO DIESEL (OUTROS );0
2020;SET;REGIÃO NORDESTE;PIAUÍ;ÓLEO DIESEL (OUTROS );0
2020;OUT;REGIÃO NORDESTE;PIAUÍ;ÓLEO DIESEL (OUTROS );0
2020;NOV;REGIÃO NORDESTE;PIAUÍ;ÓLEO DIESEL (OUTROS );0
2020;DEZ;REGIÃO NORDESTE;PIAUÍ;ÓLEO DIESEL (OUTROS );0
2020;JAN;REGIÃO NORDESTE;CEARÁ;ÓLEO DIESEL (OUTROS );0
2020;FEV;REGIÃO NORDESTE;CEARÁ;ÓLEO DIESEL (OUTROS );0
2020;MAR;REGIÃO NORDESTE;CEARÁ;ÓLEO DIESEL (OUTROS );0
2020;ABR;REGIÃO NORDESTE;CEARÁ;ÓLEO DIESEL (OUTROS );0
2020;MAI;REGIÃO NORDESTE;CEARÁ;ÓLEO DIESEL (OUTROS );0
2020;JUN;REGIÃO NORDESTE;CEARÁ;ÓLEO DIESEL (OUTROS );0
2020;JUL;REGIÃO NORDESTE;CEARÁ;ÓLEO DIESEL (OUTROS );0
2020;AGO;REGIÃO NORDESTE;CEARÁ;ÓLEO DIESEL (OUTROS );0
2020;SET;REGIÃO NORDESTE;CEARÁ;ÓLEO DIESEL (OUTROS );0
2020;OUT;REGIÃO NORDESTE;CEARÁ;ÓLEO DIESEL (OUTROS );0
2020;NOV;REGIÃO NORDESTE;CEARÁ;ÓLEO DIESEL (OUTROS );0
2020;DEZ;REGIÃO NORDESTE;CEARÁ;ÓLEO DIESEL (OUTROS );0
2020;JAN;REGIÃO NORDESTE;RIO GRANDE DO NORTE;ÓLEO DIESEL (OUTROS );0
2020;FEV;REGIÃO NORDESTE;RIO GRANDE DO NORTE;ÓLEO DIESEL (OUTROS );0
2020;MAR;REGIÃO NORDESTE;RIO GRANDE DO NORTE;ÓLEO DIESEL (OUTROS );0
2020;ABR;REGIÃO NORDESTE;RIO GRANDE DO NORTE;ÓLEO DIESEL (OUTROS );0
2020;MAI;REGIÃO NORDESTE;RIO GRANDE DO NORTE;ÓLEO DIESEL (OUTROS );0
2020;JUN;REGIÃO NORDESTE;RIO GRANDE DO NORTE;ÓLEO DIESEL (OUTROS );0
2020;JUL;REGIÃO NORDESTE;RIO GRANDE DO NORTE;ÓLEO DIESEL (OUTROS );0
2020;AGO;REGIÃO NORDESTE;RIO GRANDE DO NORTE;ÓLEO DIESEL (OUTROS );0
2020;SET;REGIÃO NORDESTE;RIO GRANDE DO NORTE;ÓLEO DIESEL (OUTROS );0
2020;OUT;REGIÃO NORDESTE;RIO GRANDE DO NORTE;ÓLEO DIESEL (OUTROS );0
2020;NOV;REGIÃO NORDESTE;RIO GRANDE DO NORTE;ÓLEO DIESEL (OUTROS );0
2020;DEZ;REGIÃO NORDESTE;RIO GRANDE DO NORTE;ÓLEO DIESEL (OUTROS );0
2020;JAN;REGIÃO NORDESTE;PARAÍBA;ÓLEO DIESEL (OUTROS );0
2020;FEV;REGIÃO NORDESTE;PARAÍBA;ÓLEO DIESEL (OUTROS );0
2020;MAR;REGIÃO NORDESTE;PARAÍBA;ÓLEO DIESEL (OUTROS );0
2020;ABR;REGIÃO NORDESTE;PARAÍBA;ÓLEO DIESEL (OUTROS );0
2020;MAI;REGIÃO NORDESTE;PARAÍBA;ÓLEO DIESEL (OUTROS );0
2020;JUN;REGIÃO NORDESTE;PARAÍBA;ÓLEO DIESEL (OUTROS );0
2020;JUL;REGIÃO NORDESTE;PARAÍBA;ÓLEO DIESEL (OUTROS );0
2020;AGO;REGIÃO NORDESTE;PARAÍBA;ÓLEO DIESEL (OUTROS );0
2020;SET;REGIÃO NORDESTE;PARAÍBA;ÓLEO DIESEL (OUTROS );0
2020;OUT;REGIÃO NORDESTE;PARAÍBA;ÓLEO DIESEL (OUTROS );0
2020;NOV;REGIÃO NORDESTE;PARAÍBA;ÓLEO DIESEL (OUTROS );0
2020;DEZ;REGIÃO NORDESTE;PARAÍBA;ÓLEO DIESEL (OUTROS );0
2020;JAN;REGIÃO NORDESTE;PERNAMBUCO;ÓLEO DIESEL (OUTROS );0
2020;FEV;REGIÃO NORDESTE;PERNAMBUCO;ÓLEO DIESEL (OUTROS );0
2020;MAR;REGIÃO NORDESTE;PERNAMBUCO;ÓLEO DIESEL (OUTROS );0
2020;ABR;REGIÃO NORDESTE;PERNAMBUCO;ÓLEO DIESEL (OUTROS );0
2020;MAI;REGIÃO NORDESTE;PERNAMBUCO;ÓLEO DIESEL (OUTROS );0
2020;JUN;REGIÃO NORDESTE;PERNAMBUCO;ÓLEO DIESEL (OUTROS );0
2020;JUL;REGIÃO NORDESTE;PERNAMBUCO;ÓLEO DIESEL (OUTROS );0
2020;AGO;REGIÃO NORDESTE;PERNAMBUCO;ÓLEO DIESEL (OUTROS );0
2020;SET;REGIÃO NORDESTE;PERNAMBUCO;ÓLEO DIESEL (OUTROS );0
2020;OUT;REGIÃO NORDESTE;PERNAMBUCO;ÓLEO DIESEL (OUTROS );0
2020;NOV;REGIÃO NORDESTE;PERNAMBUCO;ÓLEO DIESEL (OUTROS );0
2020;DEZ;REGIÃO NORDESTE;PERNAMBUCO;ÓLEO DIESEL (OUTROS );0
2020;JAN;REGIÃO NORDESTE;ALAGOAS;ÓLEO DIESEL (OUTROS );0
2020;FEV;REGIÃO NORDESTE;ALAGOAS;ÓLEO DIESEL (OUTROS );0
2020;MAR;REGIÃO NORDESTE;ALAGOAS;ÓLEO DIESEL (OUTROS );0
2020;ABR;REGIÃO NORDESTE;ALAGOAS;ÓLEO DIESEL (OUTROS );0
2020;MAI;REGIÃO NORDESTE;ALAGOAS;ÓLEO DIESEL (OUTROS );0
2020;JUN;REGIÃO NORDESTE;ALAGOAS;ÓLEO DIESEL (OUTROS );0
2020;JUL;REGIÃO NORDESTE;ALAGOAS;ÓLEO DIESEL (OUTROS );0
2020;AGO;REGIÃO NORDESTE;ALAGOAS;ÓLEO DIESEL (OUTROS );0
2020;SET;REGIÃO NORDESTE;ALAGOAS;ÓLEO DIESEL (OUTROS );0
2020;OUT;REGIÃO NORDESTE;ALAGOAS;ÓLEO DIESEL (OUTROS );0
2020;NOV;REGIÃO NORDESTE;ALAGOAS;ÓLEO DIESEL (OUTROS );0
2020;DEZ;REGIÃO NORDESTE;ALAGOAS;ÓLEO DIESEL (OUTROS );0
2020;JAN;REGIÃO NORDESTE;SERGIPE;ÓLEO DIESEL (OUTROS );0
2020;FEV;REGIÃO NORDESTE;SERGIPE;ÓLEO DIESEL (OUTROS );0
2020;MAR;REGIÃO NORDESTE;SERGIPE;ÓLEO DIESEL (OUTROS );0
2020;ABR;REGIÃO NORDESTE;SERGIPE;ÓLEO DIESEL (OUTROS );0
2020;MAI;REGIÃO NORDESTE;SERGIPE;ÓLEO DIESEL (OUTROS );0
2020;JUN;REGIÃO NORDESTE;SERGIPE;ÓLEO DIESEL (OUTROS );0
2020;JUL;REGIÃO NORDESTE;SERGIPE;ÓLEO DIESEL (OUTROS );0
2020;AGO;REGIÃO NORDESTE;SERGIPE;ÓLEO DIESEL (OUTROS );0
2020;SET;REGIÃO NORDESTE;SERGIPE;ÓLEO DIESEL (OUTROS );0
2020;OUT;REGIÃO NORDESTE;SERGIPE;ÓLEO DIESEL (OUTROS );0
2020;NOV;REGIÃO NORDESTE;SERGIPE;ÓLEO DIESEL (OUTROS );0
2020;DEZ;REGIÃO NORDESTE;SERGIPE;ÓLEO DIESEL (OUTROS );0
2020;JAN;REGIÃO NORDESTE;BAHIA;ÓLEO DIESEL (OUTROS );0
2020;FEV;REGIÃO NORDESTE;BAHIA;ÓLEO DIESEL (OUTROS );0
2020;MAR;REGIÃO NORDESTE;BAHIA;ÓLEO DIESEL (OUTROS );0
2020;ABR;REGIÃO NORDESTE;BAHIA;ÓLEO DIESEL (OUTROS );0
2020;MAI;REGIÃO NORDESTE;BAHIA;ÓLEO DIESEL (OUTROS );0
2020;JUN;REGIÃO NORDESTE;BAHIA;ÓLEO DIESEL (OUTROS );0
2020;JUL;REGIÃO NORDESTE;BAHIA;ÓLEO DIESEL (OUTROS );0
2020;AGO;REGIÃO NORDESTE;BAHIA;ÓLEO DIESEL (OUTROS );0
2020;SET;REGIÃO NORDESTE;BAHIA;ÓLEO DIESEL (OUTROS );0
2020;OUT;REGIÃO NORDESTE;BAHIA;ÓLEO DIESEL (OUTROS );0
2020;NOV;REGIÃO NORDESTE;BAHIA;ÓLEO DIESEL (OUTROS );0
2020;DEZ;REGIÃO NORDESTE;BAHIA;ÓLEO DIESEL (OUTROS );0
2020;JAN;REGIÃO SUDESTE;MINAS GERAIS;ÓLEO DIESEL (OUTROS );40
2020;FEV;REGIÃO SUDESTE;MINAS GERAIS;ÓLEO DIESEL (OUTROS );20
2020;MAR;REGIÃO SUDESTE;MINAS GERAIS;ÓLEO DIESEL (OUTROS );30
2020;ABR;REGIÃO SUDESTE;MINAS GERAIS;ÓLEO DIESEL (OUTROS );0
2020;MAI;REGIÃO SUDESTE;MINAS GERAIS;ÓLEO DIESEL (OUTROS );0
2020;JUN;REGIÃO SUDESTE;MINAS GERAIS;ÓLEO DIESEL (OUTROS );30
2020;JUL;REGIÃO SUDESTE;MINAS GERAIS;ÓLEO DIESEL (OUTROS );25
2020;AGO;REGIÃO SUDESTE;MINAS GERAIS;ÓLEO DIESEL (OUTROS );20
2020;SET;REGIÃO SUDESTE;MINAS GERAIS;ÓLEO DIESEL (OUTROS );70
2020;OUT;REGIÃO SUDESTE;MINAS GERAIS;ÓLEO DIESEL (OUTROS );45
2020;NOV;REGIÃO SUDESTE;MINAS GERAIS;ÓLEO DIESEL (OUTROS );15
2020;DEZ;REGIÃO SUDESTE;MINAS GERAIS;ÓLEO DIESEL (OUTROS );55
2020;JAN;REGIÃO SUDESTE;ESPÍRITO SANTO;ÓLEO DIESEL (OUTROS );35
2020;FEV;REGIÃO SUDESTE;ESPÍRITO SANTO;ÓLEO DIESEL (OUTROS );45
2020;MAR;REGIÃO SUDESTE;ESPÍRITO SANTO;ÓLEO DIESEL (OUTROS );10
2020;ABR;REGIÃO SUDESTE;ESPÍRITO SANTO;ÓLEO DIESEL (OUTROS );45
2020;MAI;REGIÃO SUDESTE;ESPÍRITO SANTO;ÓLEO DIESEL (OUTROS );15
2020;JUN;REGIÃO SUDESTE;ESPÍRITO SANTO;ÓLEO DIESEL (OUTROS );25
2020;JUL;REGIÃO SUDESTE;ESPÍRITO SANTO;ÓLEO DIESEL (OUTROS );35
2020;AGO;REGIÃO SUDESTE;ESPÍRITO SANTO;ÓLEO DIESEL (OUTROS );25
2020;SET;REGIÃO SUDESTE;ESPÍRITO SANTO;ÓLEO DIESEL (OUTROS );40
2020;OUT;REGIÃO SUDESTE;ESPÍRITO SANTO;ÓLEO DIESEL (OUTROS );30
2020;NOV;REGIÃO SUDESTE;ESPÍRITO SANTO;ÓLEO DIESEL (OUTROS );25
2020;DEZ;REGIÃO SUDESTE;ESPÍRITO SANTO;ÓLEO DIESEL (OUTROS );60
2020;JAN;REGIÃO SUDESTE;RIO DE JANEIRO;ÓLEO DIESEL (OUTROS );1005
2020;FEV;REGIÃO SUDESTE;RIO DE JANEIRO;ÓLEO DIESEL (OUTROS );1062
2020;MAR;REGIÃO SUDESTE;RIO DE JANEIRO;ÓLEO DIESEL (OUTROS );400
2020;ABR;REGIÃO SUDESTE;RIO DE JANEIRO;ÓLEO DIESEL (OUTROS );476,485
2020;MAI;REGIÃO SUDESTE;RIO DE JANEIRO;ÓLEO DIESEL (OUTROS );411
2020;JUN;REGIÃO SUDESTE;RIO DE JANEIRO;ÓLEO DIESEL (OUTROS );654
2020;JUL;REGIÃO SUDESTE;RIO DE JANEIRO;ÓLEO DIESEL (OUTROS );975
2020;AGO;REGIÃO SUDESTE;RIO DE JANEIRO;ÓLEO DIESEL (OUTROS );650
2020;SET;REGIÃO SUDESTE;RIO DE JANEIRO;ÓLEO DIESEL (OUTROS );1027
2020;OUT;REGIÃO SUDESTE;RIO DE JANEIRO;ÓLEO DIESEL (OUTROS );985
2020;NOV;REGIÃO SUDESTE;RIO DE JANEIRO;ÓLEO DIESEL (OUTROS );700
2020;DEZ;REGIÃO SUDESTE;RIO DE JANEIRO;ÓLEO DIESEL (OUTROS );1651
2020;JAN;REGIÃO SUDESTE;SÃO PAULO;ÓLEO DIESEL (OUTROS );921
2020;FEV;REGIÃO SUDESTE;SÃO PAULO;ÓLEO DIESEL (OUTROS );908
2020;MAR;REGIÃO SUDESTE;SÃO PAULO;ÓLEO DIESEL (OUTROS );587
2020;ABR;REGIÃO SUDESTE;SÃO PAULO;ÓLEO DIESEL (OUTROS );318
2020;MAI;REGIÃO SUDESTE;SÃO PAULO;ÓLEO DIESEL (OUTROS );474
2020;JUN;REGIÃO SUDESTE;SÃO PAULO;ÓLEO DIESEL (OUTROS );680
2020;JUL;REGIÃO SUDESTE;SÃO PAULO;ÓLEO DIESEL (OUTROS );896
2020;AGO;REGIÃO SUDESTE;SÃO PAULO;ÓLEO DIESEL (OUTROS );728
2020;SET;REGIÃO SUDESTE;SÃO PAULO;ÓLEO DIESEL (OUTROS );923
2020;OUT;REGIÃO SUDESTE;SÃO PAULO;ÓLEO DIESEL (OUTROS );1071
2020;NOV;REGIÃO SUDESTE;SÃO PAULO;ÓLEO DIESEL (OUTROS );736
2020;DEZ;REGIÃO SUDESTE;SÃO PAULO;ÓLEO DIESEL (OUTROS );1320
2020;JAN;REGIÃO SUL;PARANÁ;ÓLEO DIESEL (OUTROS );5
2020;FEV;REGIÃO SUL;PARANÁ;ÓLEO DIESEL (OUTROS );0
2020;MAR;REGIÃO SUL;PARANÁ;ÓLEO DIESEL (OUTROS );0
2020;ABR;REGIÃO SUL;PARANÁ;ÓLEO DIESEL (OUTROS );5
2020;MAI;REGIÃO SUL;PARANÁ;ÓLEO DIESEL (OUTROS );15
2020;JUN;REGIÃO SUL;PARANÁ;ÓLEO DIESEL (OUTROS );10
2020;JUL;REGIÃO SUL;PARANÁ;ÓLEO DIESEL (OUTROS );15
2020;AGO;REGIÃO SUL;PARANÁ;ÓLEO DIESEL (OUTROS );30
2020;SET;REGIÃO SUL;PARANÁ;ÓLEO DIESEL (OUTROS );35
2020;OUT;REGIÃO SUL;PARANÁ;ÓLEO DIESEL (OUTROS );30
2020;NOV;REGIÃO SUL;PARANÁ;ÓLEO DIESEL (OUTROS );30
2020;DEZ;REGIÃO SUL;PARANÁ;ÓLEO DIESEL (OUTROS );25
2020;JAN;REGIÃO SUL;SANTA CATARINA;ÓLEO DIESEL (OUTROS );50
2020;FEV;REGIÃO SUL;SANTA CATARINA;ÓLEO DIESEL (OUTROS );50
2020;MAR;REGIÃO SUL;SANTA CATARINA;ÓLEO DIESEL (OUTROS );5
2020;ABR;REGIÃO SUL;SANTA CATARINA;ÓLEO DIESEL (OUTROS );10
2020;MAI;REGIÃO SUL;SANTA CATARINA;ÓLEO DIESEL (OUTROS );30
2020;JUN;REGIÃO SUL;SANTA CATARINA;ÓLEO DIESEL (OUTROS );30
2020;JUL;REGIÃO SUL;SANTA CATARINA;ÓLEO DIESEL (OUTROS );5
2020;AGO;REGIÃO SUL;SANTA CATARINA;ÓLEO DIESEL (OUTROS );30
2020;SET;REGIÃO SUL;SANTA CATARINA;ÓLEO DIESEL (OUTROS );30
2020;OUT;REGIÃO SUL;SANTA CATARINA;ÓLEO DIESEL (OUTROS );30
2020;NOV;REGIÃO SUL;SANTA CATARINA;ÓLEO DIESEL (OUTROS );40
2020;DEZ;REGIÃO SUL;SANTA CATARINA;ÓLEO DIESEL (OUTROS );45
2020;JAN;REGIÃO SUL;RIO GRANDE DO SUL;ÓLEO DIESEL (OUTROS );10
2020;FEV;REGIÃO SUL;RIO GRANDE DO SUL;ÓLEO DIESEL (OUTROS );10
2020;MAR;REGIÃO SUL;RIO GRANDE DO SUL;ÓLEO DIESEL (OUTROS );10
2020;ABR;REGIÃO SUL;RIO GRANDE DO SUL;ÓLEO DIESEL (OUTROS );0
2020;MAI;REGIÃO SUL;RIO GRANDE DO SUL;ÓLEO DIESEL (OUTROS );0
2020;JUN;REGIÃO SUL;RIO GRANDE DO SUL;ÓLEO DIESEL (OUTROS );10
2020;JUL;REGIÃO SUL;RIO GRANDE DO SUL;ÓLEO DIESEL (OUTROS );10
2020;AGO;REGIÃO SUL;RIO GRANDE DO SUL;ÓLEO DIESEL (OUTROS );0
2020;SET;REGIÃO SUL;RIO GRANDE DO SUL;ÓLEO DIESEL (OUTROS );10
2020;OUT;REGIÃO SUL;RIO GRANDE DO SUL;ÓLEO DIESEL (OUTROS );0
2020;NOV;REGIÃO SUL;RIO GRANDE DO SUL;ÓLEO DIESEL (OUTROS );10
2020;DEZ;REGIÃO SUL;RIO GRANDE DO SUL;ÓLEO DIESEL (OUTROS );0
2020;JAN;REGIÃO CENTRO-OESTE;MATO GROSSO DO SUL;ÓLEO DIESEL (OUTROS );0
2020;FEV;REGIÃO CENTRO-OESTE;MATO GROSSO DO SUL;ÓLEO DIESEL (OUTROS );0
2020;MAR;REGIÃO CENTRO-OESTE;MATO GROSSO DO SUL;ÓLEO DIESEL (OUTROS );0
2020;ABR;REGIÃO CENTRO-OESTE;MATO GROSSO DO SUL;ÓLEO DIESEL (OUTROS );0
2020;MAI;REGIÃO CENTRO-OESTE;MATO GROSSO DO SUL;ÓLEO DIESEL (OUTROS );0
2020;JUN;REGIÃO CENTRO-OESTE;MATO GROSSO DO SUL;ÓLEO DIESEL (OUTROS );0
2020;JUL;REGIÃO CENTRO-OESTE;MATO GROSSO DO SUL;ÓLEO DIESEL (OUTROS );0
2020;AGO;REGIÃO CENTRO-OESTE;MATO GROSSO DO SUL;ÓLEO DIESEL (OUTROS );0
2020;SET;REGIÃO CENTRO-OESTE;MATO GROSSO DO SUL;ÓLEO DIESEL (OUTROS );0
2020;OUT;REGIÃO CENTRO-OESTE;MATO GROSSO DO SUL;ÓLEO DIESEL (OUTROS );0
2020;NOV;REGIÃO CENTRO-OESTE;MATO GROSSO DO SUL;ÓLEO DIESEL (OUTROS );0
2020;DEZ;REGIÃO CENTRO-OESTE;MATO GROSSO DO SUL;ÓLEO DIESEL (OUTROS );0
2020;JAN;REGIÃO CENTRO-OESTE;MATO GROSSO;ÓLEO DIESEL (OUTROS );45
2020;FEV;REGIÃO CENTRO-OESTE;MATO GROSSO;ÓLEO DIESEL (OUTROS );45
2020;MAR;REGIÃO CENTRO-OESTE;MATO GROSSO;ÓLEO DIESEL (OUTROS );0
2020;ABR;REGIÃO CENTRO-OESTE;MATO GROSSO;ÓLEO DIESEL (OUTROS );0
2020;MAI;REGIÃO CENTRO-OESTE;MATO GROSSO;ÓLEO DIESEL (OUTROS );0
2020;JUN;REGIÃO CENTRO-OESTE;MATO GROSSO;ÓLEO DIESEL (OUTROS );0
2020;JUL;REGIÃO CENTRO-OESTE;MATO GROSSO;ÓLEO DIESEL (OUTROS );0
2020;AGO;REGIÃO CENTRO-OESTE;MATO GROSSO;ÓLEO DIESEL (OUTROS );0
2020;SET;REGIÃO CENTRO-OESTE;MATO GROSSO;ÓLEO DIESEL (OUTROS );0
2020;OUT;REGIÃO CENTRO-OESTE;MATO GROSSO;ÓLEO DIESEL (OUTROS );0
2020;NOV;REGIÃO CENTRO-OESTE;MATO GROSSO;ÓLEO DIESEL (OUTROS );0
2020;DEZ;REGIÃO CENTRO-OESTE;MATO GROSSO;ÓLEO DIESEL (OUTROS );0
2020;JAN;REGIÃO CENTRO-OESTE;GOIÁS;ÓLEO DIESEL (OUTROS );0
2020;FEV;REGIÃO CENTRO-OESTE;GOIÁS;ÓLEO DIESEL (OUTROS );0
2020;MAR;REGIÃO CENTRO-OESTE;GOIÁS;ÓLEO DIESEL (OUTROS );0
2020;ABR;REGIÃO CENTRO-OESTE;GOIÁS;ÓLEO DIESEL (OUTROS );0
2020;MAI;REGIÃO CENTRO-OESTE;GOIÁS;ÓLEO DIESEL (OUTROS );0
2020;JUN;REGIÃO CENTRO-OESTE;GOIÁS;ÓLEO DIESEL (OUTROS );0
2020;JUL;REGIÃO CENTRO-OESTE;GOIÁS;ÓLEO DIESEL (OUTROS );0
2020;AGO;REGIÃO CENTRO-OESTE;GOIÁS;ÓLEO DIESEL (OUTROS );0
2020;SET;REGIÃO CENTRO-OESTE;GOIÁS;ÓLEO DIESEL (OUTROS );0
2020;OUT;REGIÃO CENTRO-OESTE;GOIÁS;ÓLEO DIESEL (OUTROS );0
2020;NOV;REGIÃO CENTRO-OESTE;GOIÁS;ÓLEO DIESEL (OUTROS );0
2020;DEZ;REGIÃO CENTRO-OESTE;GOIÁS;ÓLEO DIESEL (OUTROS );0
2020;JAN;REGIÃO CENTRO-OESTE;DISTRITO FEDERAL;ÓLEO DIESEL (OUTROS );0
2020;FEV;REGIÃO CENTRO-OESTE;DISTRITO FEDERAL;ÓLEO DIESEL (OUTROS );0
2020;MAR;REGIÃO CENTRO-OESTE;DISTRITO FEDERAL;ÓLEO DIESEL (OUTROS );0
2020;ABR;REGIÃO CENTRO-OESTE;DISTRITO FEDERAL;ÓLEO DIESEL (OUTROS );0
2020;MAI;REGIÃO CENTRO-OESTE;DISTRITO FEDERAL;ÓLEO DIESEL (OUTROS );0
2020;JUN;REGIÃO CENTRO-OESTE;DISTRITO FEDERAL;ÓLEO DIESEL (OUTROS );0
2020;JUL;REGIÃO CENTRO-OESTE;DISTRITO FEDERAL;ÓLEO DIESEL (OUTROS );0
2020;AGO;REGIÃO CENTRO-OESTE;DISTRITO FEDERAL;ÓLEO DIESEL (OUTROS );0
2020;SET;REGIÃO CENTRO-OESTE;DISTRITO FEDERAL;ÓLEO DIESEL (OUTROS );0
2020;OUT;REGIÃO CENTRO-OESTE;DISTRITO FEDERAL;ÓLEO DIESEL (OUTROS );0
2020;NOV;REGIÃO CENTRO-OESTE;DISTRITO FEDERAL;ÓLEO DIESEL (OUTROS );0
2020;DEZ;REGIÃO CENTRO-OESTE;DISTRITO FEDERAL;ÓLEO DIESEL (OUTROS );0
2021;JAN;REGIÃO NORTE;RONDÔNIA;ÓLEO DIESEL S-10;29438,596
2021;FEV;REGIÃO NORTE;RONDÔNIA;ÓLEO DIESEL S-10;36143,806
2021;MAR;REGIÃO NORTE;RONDÔNIA;ÓLEO DIESEL S-10;41381,153
2021;ABR;REGIÃO NORTE;RONDÔNIA;ÓLEO DIESEL S-10;41201,35
2021;MAI;REGIÃO NORTE;RONDÔNIA;ÓLEO DIESEL S-10;41796,984
2021;JUN;REGIÃO NORTE;RONDÔNIA;ÓLEO DIESEL S-10;44165,883
2021;JUL;REGIÃO NORTE;RONDÔNIA;ÓLEO DIESEL S-10;47371,474
2021;AGO;REGIÃO NORTE;RONDÔNIA;ÓLEO DIESEL S-10;45402,204
2021;SET;REGIÃO NORTE;RONDÔNIA;ÓLEO DIESEL S-10;38656,94
2021;OUT;REGIÃO NORTE;RONDÔNIA;ÓLEO DIESEL S-10;39619,515
2021;NOV;REGIÃO NORTE;RONDÔNIA;ÓLEO DIESEL S-10;39059,944
2021;DEZ;REGIÃO NORTE;RONDÔNIA;ÓLEO DIESEL S-10;46248,598
2021;JAN;REGIÃO NORTE;ACRE;ÓLEO DIESEL S-10;3044,7
2021;FEV;REGIÃO NORTE;ACRE;ÓLEO DIESEL S-10;2746
2021;MAR;REGIÃO NORTE;ACRE;ÓLEO DIESEL S-10;3264,5
2021;ABR;REGIÃO NORTE;ACRE;ÓLEO DIESEL S-10;3283,2
2021;MAI;REGIÃO NORTE;ACRE;ÓLEO DIESEL S-10;3838,3
2021;JUN;REGIÃO NORTE;ACRE;ÓLEO DIESEL S-10;4028,2
2021;JUL;REGIÃO NORTE;ACRE;ÓLEO DIESEL S-10;4741,3
2021;AGO;REGIÃO NORTE;ACRE;ÓLEO DIESEL S-10;4954,5
2021;SET;REGIÃO NORTE;ACRE;ÓLEO DIESEL S-10;4786
2021;OUT;REGIÃO NORTE;ACRE;ÓLEO DIESEL S-10;4621,2
2021;NOV;REGIÃO NORTE;ACRE;ÓLEO DIESEL S-10;4176,5
2021;DEZ;REGIÃO NORTE;ACRE;ÓLEO DIESEL S-10;4016,9
2021;JAN;REGIÃO NORTE;AMAZONAS;ÓLEO DIESEL S-10;13005,9
2021;FEV;REGIÃO NORTE;AMAZONAS;ÓLEO DIESEL S-10;12401,406
2021;MAR;REGIÃO NORTE;AMAZONAS;ÓLEO DIESEL S-10;15721,032
2021;ABR;REGIÃO NORTE;AMAZONAS;ÓLEO DIESEL S-10;16045,993
2021;MAI;REGIÃO NORTE;AMAZONAS;ÓLEO DIESEL S-10;16079,526
2021;JUN;REGIÃO NORTE;AMAZONAS;ÓLEO DIESEL S-10;16892,906
2021;JUL;REGIÃO NORTE;AMAZONAS;ÓLEO DIESEL S-10;18802,171
2021;AGO;REGIÃO NORTE;AMAZONAS;ÓLEO DIESEL S-10;19635,572
2021;SET;REGIÃO NORTE;AMAZONAS;ÓLEO DIESEL S-10;19658,957
2021;OUT;REGIÃO NORTE;AMAZONAS;ÓLEO DIESEL S-10;19695,516
2021;NOV;REGIÃO NORTE;AMAZONAS;ÓLEO DIESEL S-10;18969,156
2021;DEZ;REGIÃO NORTE;AMAZONAS;ÓLEO DIESEL S-10;18985,532
2021;JAN;REGIÃO NORTE;RORAIMA;ÓLEO DIESEL S-10;4742,8
2021;FEV;REGIÃO NORTE;RORAIMA;ÓLEO DIESEL S-10;4861,9
2021;MAR;REGIÃO NORTE;RORAIMA;ÓLEO DIESEL S-10;5832,1
2021;ABR;REGIÃO NORTE;RORAIMA;ÓLEO DIESEL S-10;5106
2021;MAI;REGIÃO NORTE;RORAIMA;ÓLEO DIESEL S-10;5019,9
2021;JUN;REGIÃO NORTE;RORAIMA;ÓLEO DIESEL S-10;4668,6
2021;JUL;REGIÃO NORTE;RORAIMA;ÓLEO DIESEL S-10;4560,7
2021;AGO;REGIÃO NORTE;RORAIMA;ÓLEO DIESEL S-10;5221,9
2021;SET;REGIÃO NORTE;RORAIMA;ÓLEO DIESEL S-10;5828,1
2021;OUT;REGIÃO NORTE;RORAIMA;ÓLEO DIESEL S-10;6286,2
2021;NOV;REGIÃO NORTE;RORAIMA;ÓLEO DIESEL S-10;6427,335
2021;DEZ;REGIÃO NORTE;RORAIMA;ÓLEO DIESEL S-10;5988
2021;JAN;REGIÃO NORTE;PARÁ;ÓLEO DIESEL S-10;100590,532
2021;FEV;REGIÃO NORTE;PARÁ;ÓLEO DIESEL S-10;114710,351
2021;MAR;REGIÃO NORTE;PARÁ;ÓLEO DIESEL S-10;135520,976
2021;ABR;REGIÃO NORTE;PARÁ;ÓLEO DIESEL S-10;126424,381
2021;MAI;REGIÃO NORTE;PARÁ;ÓLEO DIESEL S-10;129116,596
2021;JUN;REGIÃO NORTE;PARÁ;ÓLEO DIESEL S-10;132033,321
2021;JUL;REGIÃO NORTE;PARÁ;ÓLEO DIESEL S-10;142137,617
2021;AGO;REGIÃO NORTE;PARÁ;ÓLEO DIESEL S-10;137387,207
2021;SET;REGIÃO NORTE;PARÁ;ÓLEO DIESEL S-10;127327,132
2021;OUT;REGIÃO NORTE;PARÁ;ÓLEO DIESEL S-10;130858,015
2021;NOV;REGIÃO NORTE;PARÁ;ÓLEO DIESEL S-10;127463,258
2021;DEZ;REGIÃO NORTE;PARÁ;ÓLEO DIESEL S-10;121834,985
2021;JAN;REGIÃO NORTE;AMAPÁ;ÓLEO DIESEL S-10;2374,441
2021;FEV;REGIÃO NORTE;AMAPÁ;ÓLEO DIESEL S-10;2125,811
2021;MAR;REGIÃO NORTE;AMAPÁ;ÓLEO DIESEL S-10;2679,904
2021;ABR;REGIÃO NORTE;AMAPÁ;ÓLEO DIESEL S-10;2451,238
2021;MAI;REGIÃO NORTE;AMAPÁ;ÓLEO DIESEL S-10;2674,211
2021;JUN;REGIÃO NORTE;AMAPÁ;ÓLEO DIESEL S-10;2829,727
2021;JUL;REGIÃO NORTE;AMAPÁ;ÓLEO DIESEL S-10;3101,961
2021;AGO;REGIÃO NORTE;AMAPÁ;ÓLEO DIESEL S-10;3601,491
2021;SET;REGIÃO NORTE;AMAPÁ;ÓLEO DIESEL S-10;3642,574
2021;OUT;REGIÃO NORTE;AMAPÁ;ÓLEO DIESEL S-10;3838,048
2021;NOV;REGIÃO NORTE;AMAPÁ;ÓLEO DIESEL S-10;3850,157
2021;DEZ;REGIÃO NORTE;AMAPÁ;ÓLEO DIESEL S-10;4003,475
2021;JAN;REGIÃO NORTE;TOCANTINS;ÓLEO DIESEL S-10;52309,21
2021;FEV;REGIÃO NORTE;TOCANTINS;ÓLEO DIESEL S-10;57007,04
2021;MAR;REGIÃO NORTE;TOCANTINS;ÓLEO DIESEL S-10;71703,02
2021;ABR;REGIÃO NORTE;TOCANTINS;ÓLEO DIESEL S-10;65479,42
2021;MAI;REGIÃO NORTE;TOCANTINS;ÓLEO DIESEL S-10;66195,1
2021;JUN;REGIÃO NORTE;TOCANTINS;ÓLEO DIESEL S-10;69785,7
2021;JUL;REGIÃO NORTE;TOCANTINS;ÓLEO DIESEL S-10;75913,1
2021;AGO;REGIÃO NORTE;TOCANTINS;ÓLEO DIESEL S-10;74676
2021;SET;REGIÃO NORTE;TOCANTINS;ÓLEO DIESEL S-10;68732,2
2021;OUT;REGIÃO NORTE;TOCANTINS;ÓLEO DIESEL S-10;72250,6
2021;NOV;REGIÃO NORTE;TOCANTINS;ÓLEO DIESEL S-10;68921,1
2021;DEZ;REGIÃO NORTE;TOCANTINS;ÓLEO DIESEL S-10;63916,7
2021;JAN;REGIÃO NORDESTE;MARANHÃO;ÓLEO DIESEL S-10;59963,23
2021;FEV;REGIÃO NORDESTE;MARANHÃO;ÓLEO DIESEL S-10;51519,48
2021;MAR;REGIÃO NORDESTE;MARANHÃO;ÓLEO DIESEL S-10;67229,366
2021;ABR;REGIÃO NORDESTE;MARANHÃO;ÓLEO DIESEL S-10;65297,6
2021;MAI;REGIÃO NORDESTE;MARANHÃO;ÓLEO DIESEL S-10;67406,7
2021;JUN;REGIÃO NORDESTE;MARANHÃO;ÓLEO DIESEL S-10;69354,83
2021;JUL;REGIÃO NORDESTE;MARANHÃO;ÓLEO DIESEL S-10;79422,892
2021;AGO;REGIÃO NORDESTE;MARANHÃO;ÓLEO DIESEL S-10;79841,09
2021;SET;REGIÃO NORDESTE;MARANHÃO;ÓLEO DIESEL S-10;77158,08
2021;OUT;REGIÃO NORDESTE;MARANHÃO;ÓLEO DIESEL S-10;76471,58
2021;NOV;REGIÃO NORDESTE;MARANHÃO;ÓLEO DIESEL S-10;74834,266
2021;DEZ;REGIÃO NORDESTE;MARANHÃO;ÓLEO DIESEL S-10;77088,468
2021;JAN;REGIÃO NORDESTE;PIAUÍ;ÓLEO DIESEL S-10;30403,95
2021;FEV;REGIÃO NORDESTE;PIAUÍ;ÓLEO DIESEL S-10;24917,42
2021;MAR;REGIÃO NORDESTE;PIAUÍ;ÓLEO DIESEL S-10;32593,36
2021;ABR;REGIÃO NORDESTE;PIAUÍ;ÓLEO DIESEL S-10;32439,49
2021;MAI;REGIÃO NORDESTE;PIAUÍ;ÓLEO DIESEL S-10;32032,15
2021;JUN;REGIÃO NORDESTE;PIAUÍ;ÓLEO DIESEL S-10;34044,79
2021;JUL;REGIÃO NORDESTE;PIAUÍ;ÓLEO DIESEL S-10;37231
2021;AGO;REGIÃO NORDESTE;PIAUÍ;ÓLEO DIESEL S-10;37659,5
2021;SET;REGIÃO NORDESTE;PIAUÍ;ÓLEO DIESEL S-10;34452,4
2021;OUT;REGIÃO NORDESTE;PIAUÍ;ÓLEO DIESEL S-10;35528,129
2021;NOV;REGIÃO NORDESTE;PIAUÍ;ÓLEO DIESEL S-10;34227,2
2021;DEZ;REGIÃO NORDESTE;PIAUÍ;ÓLEO DIESEL S-10;34641,7
2021;JAN;REGIÃO NORDESTE;CEARÁ;ÓLEO DIESEL S-10;82630,678
2021;FEV;REGIÃO NORDESTE;CEARÁ;ÓLEO DIESEL S-10;69345,997
2021;MAR;REGIÃO NORDESTE;CEARÁ;ÓLEO DIESEL S-10;76391,785
2021;ABR;REGIÃO NORDESTE;CEARÁ;ÓLEO DIESEL S-10;67386,449
2021;MAI;REGIÃO NORDESTE;CEARÁ;ÓLEO DIESEL S-10;74175,751
2021;JUN;REGIÃO NORDESTE;CEARÁ;ÓLEO DIESEL S-10;79000,044
2021;JUL;REGIÃO NORDESTE;CEARÁ;ÓLEO DIESEL S-10;87618,683
2021;AGO;REGIÃO NORDESTE;CEARÁ;ÓLEO DIESEL S-10;87966,4
2021;SET;REGIÃO NORDESTE;CEARÁ;ÓLEO DIESEL S-10;85947,099
2021;OUT;REGIÃO NORDESTE;CEARÁ;ÓLEO DIESEL S-10;89717,3
2021;NOV;REGIÃO NORDESTE;CEARÁ;ÓLEO DIESEL S-10;85233,128
2021;DEZ;REGIÃO NORDESTE;CEARÁ;ÓLEO DIESEL S-10;88723,1
2021;JAN;REGIÃO NORDESTE;RIO GRANDE DO NORTE;ÓLEO DIESEL S-10;19742,207
2021;FEV;REGIÃO NORDESTE;RIO GRANDE DO NORTE;ÓLEO DIESEL S-10;15582,5
2021;MAR;REGIÃO NORDESTE;RIO GRANDE DO NORTE;ÓLEO DIESEL S-10;18020,982
2021;ABR;REGIÃO NORDESTE;RIO GRANDE DO NORTE;ÓLEO DIESEL S-10;16689,5
2021;MAI;REGIÃO NORDESTE;RIO GRANDE DO NORTE;ÓLEO DIESEL S-10;16732,5
2021;JUN;REGIÃO NORDESTE;RIO GRANDE DO NORTE;ÓLEO DIESEL S-10;17649
2021;JUL;REGIÃO NORDESTE;RIO GRANDE DO NORTE;ÓLEO DIESEL S-10;19271,5
2021;AGO;REGIÃO NORDESTE;RIO GRANDE DO NORTE;ÓLEO DIESEL S-10;19422
2021;SET;REGIÃO NORDESTE;RIO GRANDE DO NORTE;ÓLEO DIESEL S-10;19033
2021;OUT;REGIÃO NORDESTE;RIO GRANDE DO NORTE;ÓLEO DIESEL S-10;19962
2021;NOV;REGIÃO NORDESTE;RIO GRANDE DO NORTE;ÓLEO DIESEL S-10;19828
2021;DEZ;REGIÃO NORDESTE;RIO GRANDE DO NORTE;ÓLEO DIESEL S-10;20607,5
2021;JAN;REGIÃO NORDESTE;PARAÍBA;ÓLEO DIESEL S-10;24181,52
2021;FEV;REGIÃO NORDESTE;PARAÍBA;ÓLEO DIESEL S-10;20338,62
2021;MAR;REGIÃO NORDESTE;PARAÍBA;ÓLEO DIESEL S-10;22701,22
2021;ABR;REGIÃO NORDESTE;PARAÍBA;ÓLEO DIESEL S-10;21249,87
2021;MAI;REGIÃO NORDESTE;PARAÍBA;ÓLEO DIESEL S-10;21542,43
2021;JUN;REGIÃO NORDESTE;PARAÍBA;ÓLEO DIESEL S-10;22313,58
2021;JUL;REGIÃO NORDESTE;PARAÍBA;ÓLEO DIESEL S-10;24406,31
2021;AGO;REGIÃO NORDESTE;PARAÍBA;ÓLEO DIESEL S-10;24766,01
2021;SET;REGIÃO NORDESTE;PARAÍBA;ÓLEO DIESEL S-10;24871,08
2021;OUT;REGIÃO NORDESTE;PARAÍBA;ÓLEO DIESEL S-10;25838,494
2021;NOV;REGIÃO NORDESTE;PARAÍBA;ÓLEO DIESEL S-10;25255,88
2021;DEZ;REGIÃO NORDESTE;PARAÍBA;ÓLEO DIESEL S-10;26092,16
2021;JAN;REGIÃO NORDESTE;PERNAMBUCO;ÓLEO DIESEL S-10;144366,204
2021;FEV;REGIÃO NORDESTE;PERNAMBUCO;ÓLEO DIESEL S-10;105791,376
2021;MAR;REGIÃO NORDESTE;PERNAMBUCO;ÓLEO DIESEL S-10;120755,678
2021;ABR;REGIÃO NORDESTE;PERNAMBUCO;ÓLEO DIESEL S-10;108015,202
2021;MAI;REGIÃO NORDESTE;PERNAMBUCO;ÓLEO DIESEL S-10;110408,413
2021;JUN;REGIÃO NORDESTE;PERNAMBUCO;ÓLEO DIESEL S-10;140913,912
2021;JUL;REGIÃO NORDESTE;PERNAMBUCO;ÓLEO DIESEL S-10;143672,611
2021;AGO;REGIÃO NORDESTE;PERNAMBUCO;ÓLEO DIESEL S-10;158065,262
2021;SET;REGIÃO NORDESTE;PERNAMBUCO;ÓLEO DIESEL S-10;162495,878
2021;OUT;REGIÃO NORDESTE;PERNAMBUCO;ÓLEO DIESEL S-10;171635,625
2021;NOV;REGIÃO NORDESTE;PERNAMBUCO;ÓLEO DIESEL S-10;148761,025
2021;DEZ;REGIÃO NORDESTE;PERNAMBUCO;ÓLEO DIESEL S-10;131388,562
2021;JAN;REGIÃO NORDESTE;ALAGOAS;ÓLEO DIESEL S-10;19830,5
2021;FEV;REGIÃO NORDESTE;ALAGOAS;ÓLEO DIESEL S-10;17841
2021;MAR;REGIÃO NORDESTE;ALAGOAS;ÓLEO DIESEL S-10;19029,5
2021;ABR;REGIÃO NORDESTE;ALAGOAS;ÓLEO DIESEL S-10;16599,5
2021;MAI;REGIÃO NORDESTE;ALAGOAS;ÓLEO DIESEL S-10;16499,5
2021;JUN;REGIÃO NORDESTE;ALAGOAS;ÓLEO DIESEL S-10;16122,416
2021;JUL;REGIÃO NORDESTE;ALAGOAS;ÓLEO DIESEL S-10;17824
2021;AGO;REGIÃO NORDESTE;ALAGOAS;ÓLEO DIESEL S-10;18739,986
2021;SET;REGIÃO NORDESTE;ALAGOAS;ÓLEO DIESEL S-10;20657,5
2021;OUT;REGIÃO NORDESTE;ALAGOAS;ÓLEO DIESEL S-10;23652,46
2021;NOV;REGIÃO NORDESTE;ALAGOAS;ÓLEO DIESEL S-10;24844,947
2021;DEZ;REGIÃO NORDESTE;ALAGOAS;ÓLEO DIESEL S-10;25366
2021;JAN;REGIÃO NORDESTE;SERGIPE;ÓLEO DIESEL S-10;20391
2021;FEV;REGIÃO NORDESTE;SERGIPE;ÓLEO DIESEL S-10;18137
2021;MAR;REGIÃO NORDESTE;SERGIPE;ÓLEO DIESEL S-10;20839,5
2021;ABR;REGIÃO NORDESTE;SERGIPE;ÓLEO DIESEL S-10;19408,5
2021;MAI;REGIÃO NORDESTE;SERGIPE;ÓLEO DIESEL S-10;18985
2021;JUN;REGIÃO NORDESTE;SERGIPE;ÓLEO DIESEL S-10;18179,5
2021;JUL;REGIÃO NORDESTE;SERGIPE;ÓLEO DIESEL S-10;19075,58
2021;AGO;REGIÃO NORDESTE;SERGIPE;ÓLEO DIESEL S-10;20400,5
2021;SET;REGIÃO NORDESTE;SERGIPE;ÓLEO DIESEL S-10;20636,5
2021;OUT;REGIÃO NORDESTE;SERGIPE;ÓLEO DIESEL S-10;22076
2021;NOV;REGIÃO NORDESTE;SERGIPE;ÓLEO DIESEL S-10;21769,5
2021;DEZ;REGIÃO NORDESTE;SERGIPE;ÓLEO DIESEL S-10;23016,5
2021;JAN;REGIÃO NORDESTE;BAHIA;ÓLEO DIESEL S-10;168032,734
2021;FEV;REGIÃO NORDESTE;BAHIA;ÓLEO DIESEL S-10;148592,803
2021;MAR;REGIÃO NORDESTE;BAHIA;ÓLEO DIESEL S-10;189300,127
2021;ABR;REGIÃO NORDESTE;BAHIA;ÓLEO DIESEL S-10;180249,544
2021;MAI;REGIÃO NORDESTE;BAHIA;ÓLEO DIESEL S-10;183071,246
2021;JUN;REGIÃO NORDESTE;BAHIA;ÓLEO DIESEL S-10;179713,316
2021;JUL;REGIÃO NORDESTE;BAHIA;ÓLEO DIESEL S-10;195931,88
2021;AGO;REGIÃO NORDESTE;BAHIA;ÓLEO DIESEL S-10;193178,716
2021;SET;REGIÃO NORDESTE;BAHIA;ÓLEO DIESEL S-10;190158,71
2021;OUT;REGIÃO NORDESTE;BAHIA;ÓLEO DIESEL S-10;197424,853
2021;NOV;REGIÃO NORDESTE;BAHIA;ÓLEO DIESEL S-10;180047,558
2021;DEZ;REGIÃO NORDESTE;BAHIA;ÓLEO DIESEL S-10;180511,078
2021;JAN;REGIÃO SUDESTE;MINAS GERAIS;ÓLEO DIESEL S-10;302582,953
2021;FEV;REGIÃO SUDESTE;MINAS GERAIS;ÓLEO DIESEL S-10;274634,026
2021;MAR;REGIÃO SUDESTE;MINAS GERAIS;ÓLEO DIESEL S-10;350252,378
2021;ABR;REGIÃO SUDESTE;MINAS GERAIS;ÓLEO DIESEL S-10;328231,341
2021;MAI;REGIÃO SUDESTE;MINAS GERAIS;ÓLEO DIESEL S-10;343116,371
2021;JUN;REGIÃO SUDESTE;MINAS GERAIS;ÓLEO DIESEL S-10;345995,253
2021;JUL;REGIÃO SUDESTE;MINAS GERAIS;ÓLEO DIESEL S-10;385263,446
2021;AGO;REGIÃO SUDESTE;MINAS GERAIS;ÓLEO DIESEL S-10;397235,047
2021;SET;REGIÃO SUDESTE;MINAS GERAIS;ÓLEO DIESEL S-10;382782,012
2021;OUT;REGIÃO SUDESTE;MINAS GERAIS;ÓLEO DIESEL S-10;382594,064
2021;NOV;REGIÃO SUDESTE;MINAS GERAIS;ÓLEO DIESEL S-10;355858,404
2021;DEZ;REGIÃO SUDESTE;MINAS GERAIS;ÓLEO DIESEL S-10;361944,221
2021;JAN;REGIÃO SUDESTE;ESPÍRITO SANTO;ÓLEO DIESEL S-10;53391,5
2021;FEV;REGIÃO SUDESTE;ESPÍRITO SANTO;ÓLEO DIESEL S-10;45884,9
2021;MAR;REGIÃO SUDESTE;ESPÍRITO SANTO;ÓLEO DIESEL S-10;58981,1
2021;ABR;REGIÃO SUDESTE;ESPÍRITO SANTO;ÓLEO DIESEL S-10;51922,414
2021;MAI;REGIÃO SUDESTE;ESPÍRITO SANTO;ÓLEO DIESEL S-10;57386,5
2021;JUN;REGIÃO SUDESTE;ESPÍRITO SANTO;ÓLEO DIESEL S-10;59364,188
2021;JUL;REGIÃO SUDESTE;ESPÍRITO SANTO;ÓLEO DIESEL S-10;62692,6
2021;AGO;REGIÃO SUDESTE;ESPÍRITO SANTO;ÓLEO DIESEL S-10;62827,196
2021;SET;REGIÃO SUDESTE;ESPÍRITO SANTO;ÓLEO DIESEL S-10;59081,487
2021;OUT;REGIÃO SUDESTE;ESPÍRITO SANTO;ÓLEO DIESEL S-10;61825,968
2021;NOV;REGIÃO SUDESTE;ESPÍRITO SANTO;ÓLEO DIESEL S-10;57155,634
2021;DEZ;REGIÃO SUDESTE;ESPÍRITO SANTO;ÓLEO DIESEL S-10;61167,2
2021;JAN;REGIÃO SUDESTE;RIO DE JANEIRO;ÓLEO DIESEL S-10;114398,754
2021;FEV;REGIÃO SUDESTE;RIO DE JANEIRO;ÓLEO DIESEL S-10;94653,023
2021;MAR;REGIÃO SUDESTE;RIO DE JANEIRO;ÓLEO DIESEL S-10;117072,542
2021;ABR;REGIÃO SUDESTE;RIO DE JANEIRO;ÓLEO DIESEL S-10;104697,068
2021;MAI;REGIÃO SUDESTE;RIO DE JANEIRO;ÓLEO DIESEL S-10;109219,832
2021;JUN;REGIÃO SUDESTE;RIO DE JANEIRO;ÓLEO DIESEL S-10;108975,347
2021;JUL;REGIÃO SUDESTE;RIO DE JANEIRO;ÓLEO DIESEL S-10;118919,749
2021;AGO;REGIÃO SUDESTE;RIO DE JANEIRO;ÓLEO DIESEL S-10;117876,718
2021;SET;REGIÃO SUDESTE;RIO DE JANEIRO;ÓLEO DIESEL S-10;115163,481
2021;OUT;REGIÃO SUDESTE;RIO DE JANEIRO;ÓLEO DIESEL S-10;122028,632
2021;NOV;REGIÃO SUDESTE;RIO DE JANEIRO;ÓLEO DIESEL S-10;110436,026
2021;DEZ;REGIÃO SUDESTE;RIO DE JANEIRO;ÓLEO DIESEL S-10;128197,306
2021;JAN;REGIÃO SUDESTE;SÃO PAULO;ÓLEO DIESEL S-10;537522,734
2021;FEV;REGIÃO SUDESTE;SÃO PAULO;ÓLEO DIESEL S-10;512443,303
2021;MAR;REGIÃO SUDESTE;SÃO PAULO;ÓLEO DIESEL S-10;614374,271
2021;ABR;REGIÃO SUDESTE;SÃO PAULO;ÓLEO DIESEL S-10;607810,854
2021;MAI;REGIÃO SUDESTE;SÃO PAULO;ÓLEO DIESEL S-10;632617,748
2021;JUN;REGIÃO SUDESTE;SÃO PAULO;ÓLEO DIESEL S-10;631179,309
2021;JUL;REGIÃO SUDESTE;SÃO PAULO;ÓLEO DIESEL S-10;678349,488
2021;AGO;REGIÃO SUDESTE;SÃO PAULO;ÓLEO DIESEL S-10;709027,11
2021;SET;REGIÃO SUDESTE;SÃO PAULO;ÓLEO DIESEL S-10;679385,817
2021;OUT;REGIÃO SUDESTE;SÃO PAULO;ÓLEO DIESEL S-10;675469,771
2021;NOV;REGIÃO SUDESTE;SÃO PAULO;ÓLEO DIESEL S-10;616058,43
2021;DEZ;REGIÃO SUDESTE;SÃO PAULO;ÓLEO DIESEL S-10;635050,021
2021;JAN;REGIÃO SUL;PARANÁ;ÓLEO DIESEL S-10;235762,584
2021;FEV;REGIÃO SUL;PARANÁ;ÓLEO DIESEL S-10;236832,736
2021;MAR;REGIÃO SUL;PARANÁ;ÓLEO DIESEL S-10;293060,857
2021;ABR;REGIÃO SUL;PARANÁ;ÓLEO DIESEL S-10;272645,253
2021;MAI;REGIÃO SUL;PARANÁ;ÓLEO DIESEL S-10;265321,277
2021;JUN;REGIÃO SUL;PARANÁ;ÓLEO DIESEL S-10;264771,32
2021;JUL;REGIÃO SUL;PARANÁ;ÓLEO DIESEL S-10;306792,648
2021;AGO;REGIÃO SUL;PARANÁ;ÓLEO DIESEL S-10;321880,071
2021;SET;REGIÃO SUL;PARANÁ;ÓLEO DIESEL S-10;301913,664
2021;OUT;REGIÃO SUL;PARANÁ;ÓLEO DIESEL S-10;309285,21
2021;NOV;REGIÃO SUL;PARANÁ;ÓLEO DIESEL S-10;297544,647
2021;DEZ;REGIÃO SUL;PARANÁ;ÓLEO DIESEL S-10;294557,88
2021;JAN;REGIÃO SUL;SANTA CATARINA;ÓLEO DIESEL S-10;127520,595
2021;FEV;REGIÃO SUL;SANTA CATARINA;ÓLEO DIESEL S-10;129295,142
2021;MAR;REGIÃO SUL;SANTA CATARINA;ÓLEO DIESEL S-10;154882,189
2021;ABR;REGIÃO SUL;SANTA CATARINA;ÓLEO DIESEL S-10;150048,543
2021;MAI;REGIÃO SUL;SANTA CATARINA;ÓLEO DIESEL S-10;144871,667
2021;JUN;REGIÃO SUL;SANTA CATARINA;ÓLEO DIESEL S-10;144518,924
2021;JUL;REGIÃO SUL;SANTA CATARINA;ÓLEO DIESEL S-10;162896,312
2021;AGO;REGIÃO SUL;SANTA CATARINA;ÓLEO DIESEL S-10;161234,166
2021;SET;REGIÃO SUL;SANTA CATARINA;ÓLEO DIESEL S-10;152917,279
2021;OUT;REGIÃO SUL;SANTA CATARINA;ÓLEO DIESEL S-10;153844,539
2021;NOV;REGIÃO SUL;SANTA CATARINA;ÓLEO DIESEL S-10;156832,756
2021;DEZ;REGIÃO SUL;SANTA CATARINA;ÓLEO DIESEL S-10;160059,841
2021;JAN;REGIÃO SUL;RIO GRANDE DO SUL;ÓLEO DIESEL S-10;135662
2021;FEV;REGIÃO SUL;RIO GRANDE DO SUL;ÓLEO DIESEL S-10;126171,685
2021;MAR;REGIÃO SUL;RIO GRANDE DO SUL;ÓLEO DIESEL S-10;171494,94
2021;ABR;REGIÃO SUL;RIO GRANDE DO SUL;ÓLEO DIESEL S-10;180014,996
2021;MAI;REGIÃO SUL;RIO GRANDE DO SUL;ÓLEO DIESEL S-10;161357,485
2021;JUN;REGIÃO SUL;RIO GRANDE DO SUL;ÓLEO DIESEL S-10;153487,022
2021;JUL;REGIÃO SUL;RIO GRANDE DO SUL;ÓLEO DIESEL S-10;176812,579
2021;AGO;REGIÃO SUL;RIO GRANDE DO SUL;ÓLEO DIESEL S-10;182011,03
2021;SET;REGIÃO SUL;RIO GRANDE DO SUL;ÓLEO DIESEL S-10;168629,556
2021;OUT;REGIÃO SUL;RIO GRANDE DO SUL;ÓLEO DIESEL S-10;189578,261
2021;NOV;REGIÃO SUL;RIO GRANDE DO SUL;ÓLEO DIESEL S-10;187732,852
2021;DEZ;REGIÃO SUL;RIO GRANDE DO SUL;ÓLEO DIESEL S-10;175163,87
2021;JAN;REGIÃO CENTRO-OESTE;MATO GROSSO DO SUL;ÓLEO DIESEL S-10;57620,008
2021;FEV;REGIÃO CENTRO-OESTE;MATO GROSSO DO SUL;ÓLEO DIESEL S-10;67614,924
2021;MAR;REGIÃO CENTRO-OESTE;MATO GROSSO DO SUL;ÓLEO DIESEL S-10;92964,71
2021;ABR;REGIÃO CENTRO-OESTE;MATO GROSSO DO SUL;ÓLEO DIESEL S-10;72482,298
2021;MAI;REGIÃO CENTRO-OESTE;MATO GROSSO DO SUL;ÓLEO DIESEL S-10;72732,701
2021;JUN;REGIÃO CENTRO-OESTE;MATO GROSSO DO SUL;ÓLEO DIESEL S-10;73976,763
2021;JUL;REGIÃO CENTRO-OESTE;MATO GROSSO DO SUL;ÓLEO DIESEL S-10;92072,713
2021;AGO;REGIÃO CENTRO-OESTE;MATO GROSSO DO SUL;ÓLEO DIESEL S-10;99676,015
2021;SET;REGIÃO CENTRO-OESTE;MATO GROSSO DO SUL;ÓLEO DIESEL S-10;93008,669
2021;OUT;REGIÃO CENTRO-OESTE;MATO GROSSO DO SUL;ÓLEO DIESEL S-10;89484,207
2021;NOV;REGIÃO CENTRO-OESTE;MATO GROSSO DO SUL;ÓLEO DIESEL S-10;82157,32
2021;DEZ;REGIÃO CENTRO-OESTE;MATO GROSSO DO SUL;ÓLEO DIESEL S-10;73925,768
2021;JAN;REGIÃO CENTRO-OESTE;MATO GROSSO;ÓLEO DIESEL S-10;125129,9
2021;FEV;REGIÃO CENTRO-OESTE;MATO GROSSO;ÓLEO DIESEL S-10;169664,812
2021;MAR;REGIÃO CENTRO-OESTE;MATO GROSSO;ÓLEO DIESEL S-10;177081,846
2021;ABR;REGIÃO CENTRO-OESTE;MATO GROSSO;ÓLEO DIESEL S-10;139565,766
2021;MAI;REGIÃO CENTRO-OESTE;MATO GROSSO;ÓLEO DIESEL S-10;141969,762
2021;JUN;REGIÃO CENTRO-OESTE;MATO GROSSO;ÓLEO DIESEL S-10;168694,505
2021;JUL;REGIÃO CENTRO-OESTE;MATO GROSSO;ÓLEO DIESEL S-10;196376
2021;AGO;REGIÃO CENTRO-OESTE;MATO GROSSO;ÓLEO DIESEL S-10;189232,627
2021;SET;REGIÃO CENTRO-OESTE;MATO GROSSO;ÓLEO DIESEL S-10;169001,751
2021;OUT;REGIÃO CENTRO-OESTE;MATO GROSSO;ÓLEO DIESEL S-10;182738,563
2021;NOV;REGIÃO CENTRO-OESTE;MATO GROSSO;ÓLEO DIESEL S-10;141779,712
2021;DEZ;REGIÃO CENTRO-OESTE;MATO GROSSO;ÓLEO DIESEL S-10;132941,37
2021;JAN;REGIÃO CENTRO-OESTE;GOIÁS;ÓLEO DIESEL S-10;111472,97
2021;FEV;REGIÃO CENTRO-OESTE;GOIÁS;ÓLEO DIESEL S-10;125934,39
2021;MAR;REGIÃO CENTRO-OESTE;GOIÁS;ÓLEO DIESEL S-10;148211,46
2021;ABR;REGIÃO CENTRO-OESTE;GOIÁS;ÓLEO DIESEL S-10;134363,05
2021;MAI;REGIÃO CENTRO-OESTE;GOIÁS;ÓLEO DIESEL S-10;139530,33
2021;JUN;REGIÃO CENTRO-OESTE;GOIÁS;ÓLEO DIESEL S-10;148679,761
2021;JUL;REGIÃO CENTRO-OESTE;GOIÁS;ÓLEO DIESEL S-10;172709,71
2021;AGO;REGIÃO CENTRO-OESTE;GOIÁS;ÓLEO DIESEL S-10;170183,428
2021;SET;REGIÃO CENTRO-OESTE;GOIÁS;ÓLEO DIESEL S-10;159308,813
2021;OUT;REGIÃO CENTRO-OESTE;GOIÁS;ÓLEO DIESEL S-10;164878,481
2021;NOV;REGIÃO CENTRO-OESTE;GOIÁS;ÓLEO DIESEL S-10;130756,05
2021;DEZ;REGIÃO CENTRO-OESTE;GOIÁS;ÓLEO DIESEL S-10;126929,1
2021;JAN;REGIÃO CENTRO-OESTE;DISTRITO FEDERAL;ÓLEO DIESEL S-10;19716,269
2021;FEV;REGIÃO CENTRO-OESTE;DISTRITO FEDERAL;ÓLEO DIESEL S-10;18159,129
2021;MAR;REGIÃO CENTRO-OESTE;DISTRITO FEDERAL;ÓLEO DIESEL S-10;22734
2021;ABR;REGIÃO CENTRO-OESTE;DISTRITO FEDERAL;ÓLEO DIESEL S-10;20712
2021;MAI;REGIÃO CENTRO-OESTE;DISTRITO FEDERAL;ÓLEO DIESEL S-10;21440
2021;JUN;REGIÃO CENTRO-OESTE;DISTRITO FEDERAL;ÓLEO DIESEL S-10;22302,965
2021;JUL;REGIÃO CENTRO-OESTE;DISTRITO FEDERAL;ÓLEO DIESEL S-10;23962
2021;AGO;REGIÃO CENTRO-OESTE;DISTRITO FEDERAL;ÓLEO DIESEL S-10;25313,499
2021;SET;REGIÃO CENTRO-OESTE;DISTRITO FEDERAL;ÓLEO DIESEL S-10;24461
2021;OUT;REGIÃO CENTRO-OESTE;DISTRITO FEDERAL;ÓLEO DIESEL S-10;25237
2021;NOV;REGIÃO CENTRO-OESTE;DISTRITO FEDERAL;ÓLEO DIESEL S-10;23080,877
2021;DEZ;REGIÃO CENTRO-OESTE;DISTRITO FEDERAL;ÓLEO DIESEL S-10;24884,4
2021;JAN;REGIÃO NORTE;RONDÔNIA;ÓLEO DIESEL S-500;29454,151
2021;FEV;REGIÃO NORTE;RONDÔNIA;ÓLEO DIESEL S-500;32201,098
2021;MAR;REGIÃO NORTE;RONDÔNIA;ÓLEO DIESEL S-500;36927,941
2021;ABR;REGIÃO NORTE;RONDÔNIA;ÓLEO DIESEL S-500;34188,489
2021;MAI;REGIÃO NORTE;RONDÔNIA;ÓLEO DIESEL S-500;34297,791
2021;JUN;REGIÃO NORTE;RONDÔNIA;ÓLEO DIESEL S-500;36813,072
2021;JUL;REGIÃO NORTE;RONDÔNIA;ÓLEO DIESEL S-500;40040,349
2021;AGO;REGIÃO NORTE;RONDÔNIA;ÓLEO DIESEL S-500;39917,482
2021;SET;REGIÃO NORTE;RONDÔNIA;ÓLEO DIESEL S-500;35825,21
2021;OUT;REGIÃO NORTE;RONDÔNIA;ÓLEO DIESEL S-500;43414,795
2021;NOV;REGIÃO NORTE;RONDÔNIA;ÓLEO DIESEL S-500;45773,239
2021;DEZ;REGIÃO NORTE;RONDÔNIA;ÓLEO DIESEL S-500;55401,565
2021;JAN;REGIÃO NORTE;ACRE;ÓLEO DIESEL S-500;8745,9
2021;FEV;REGIÃO NORTE;ACRE;ÓLEO DIESEL S-500;6897
2021;MAR;REGIÃO NORTE;ACRE;ÓLEO DIESEL S-500;8500,7
2021;ABR;REGIÃO NORTE;ACRE;ÓLEO DIESEL S-500;8471,7
2021;MAI;REGIÃO NORTE;ACRE;ÓLEO DIESEL S-500;8798,8
2021;JUN;REGIÃO NORTE;ACRE;ÓLEO DIESEL S-500;8912,2
2021;JUL;REGIÃO NORTE;ACRE;ÓLEO DIESEL S-500;9469,7
2021;AGO;REGIÃO NORTE;ACRE;ÓLEO DIESEL S-500;9946,5
2021;SET;REGIÃO NORTE;ACRE;ÓLEO DIESEL S-500;10134
2021;OUT;REGIÃO NORTE;ACRE;ÓLEO DIESEL S-500;10247,2
2021;NOV;REGIÃO NORTE;ACRE;ÓLEO DIESEL S-500;9803,79
2021;DEZ;REGIÃO NORTE;ACRE;ÓLEO DIESEL S-500;8679,3
2021;JAN;REGIÃO NORTE;AMAZONAS;ÓLEO DIESEL S-500;21984,292
2021;FEV;REGIÃO NORTE;AMAZONAS;ÓLEO DIESEL S-500;21324,494
2021;MAR;REGIÃO NORTE;AMAZONAS;ÓLEO DIESEL S-500;29889,697
2021;ABR;REGIÃO NORTE;AMAZONAS;ÓLEO DIESEL S-500;56147,186
2021;MAI;REGIÃO NORTE;AMAZONAS;ÓLEO DIESEL S-500;42209,301
2021;JUN;REGIÃO NORTE;AMAZONAS;ÓLEO DIESEL S-500;41335,007
2021;JUL;REGIÃO NORTE;AMAZONAS;ÓLEO DIESEL S-500;27600,114
2021;AGO;REGIÃO NORTE;AMAZONAS;ÓLEO DIESEL S-500;43325,45
2021;SET;REGIÃO NORTE;AMAZONAS;ÓLEO DIESEL S-500;42694,046
2021;OUT;REGIÃO NORTE;AMAZONAS;ÓLEO DIESEL S-500;42999,703
2021;NOV;REGIÃO NORTE;AMAZONAS;ÓLEO DIESEL S-500;39225,113
2021;DEZ;REGIÃO NORTE;AMAZONAS;ÓLEO DIESEL S-500;41121,441
2021;JAN;REGIÃO NORTE;RORAIMA;ÓLEO DIESEL S-500;34248,8
2021;FEV;REGIÃO NORTE;RORAIMA;ÓLEO DIESEL S-500;29455,7
2021;MAR;REGIÃO NORTE;RORAIMA;ÓLEO DIESEL S-500;33424,417
2021;ABR;REGIÃO NORTE;RORAIMA;ÓLEO DIESEL S-500;30113,936
2021;MAI;REGIÃO NORTE;RORAIMA;ÓLEO DIESEL S-500;17720,701
2021;JUN;REGIÃO NORTE;RORAIMA;ÓLEO DIESEL S-500;3861,3
2021;JUL;REGIÃO NORTE;RORAIMA;ÓLEO DIESEL S-500;7532,5
2021;AGO;REGIÃO NORTE;RORAIMA;ÓLEO DIESEL S-500;33616,9
2021;SET;REGIÃO NORTE;RORAIMA;ÓLEO DIESEL S-500;21018,15
2021;OUT;REGIÃO NORTE;RORAIMA;ÓLEO DIESEL S-500;4741,7
2021;NOV;REGIÃO NORTE;RORAIMA;ÓLEO DIESEL S-500;13814,4
2021;DEZ;REGIÃO NORTE;RORAIMA;ÓLEO DIESEL S-500;31559,176
2021;JAN;REGIÃO NORTE;PARÁ;ÓLEO DIESEL S-500;75785,071
2021;FEV;REGIÃO NORTE;PARÁ;ÓLEO DIESEL S-500;72902,516
2021;MAR;REGIÃO NORTE;PARÁ;ÓLEO DIESEL S-500;84101,358
2021;ABR;REGIÃO NORTE;PARÁ;ÓLEO DIESEL S-500;84369,124
2021;MAI;REGIÃO NORTE;PARÁ;ÓLEO DIESEL S-500;83606,697
2021;JUN;REGIÃO NORTE;PARÁ;ÓLEO DIESEL S-500;88585,005
2021;JUL;REGIÃO NORTE;PARÁ;ÓLEO DIESEL S-500;89898,868
2021;AGO;REGIÃO NORTE;PARÁ;ÓLEO DIESEL S-500;91193,483
2021;SET;REGIÃO NORTE;PARÁ;ÓLEO DIESEL S-500;89374,399
2021;OUT;REGIÃO NORTE;PARÁ;ÓLEO DIESEL S-500;92666,776
2021;NOV;REGIÃO NORTE;PARÁ;ÓLEO DIESEL S-500;83909,13
2021;DEZ;REGIÃO NORTE;PARÁ;ÓLEO DIESEL S-500;84135,677
2021;JAN;REGIÃO NORTE;AMAPÁ;ÓLEO DIESEL S-500;5743,526
2021;FEV;REGIÃO NORTE;AMAPÁ;ÓLEO DIESEL S-500;5907,282
2021;MAR;REGIÃO NORTE;AMAPÁ;ÓLEO DIESEL S-500;6607,888
2021;ABR;REGIÃO NORTE;AMAPÁ;ÓLEO DIESEL S-500;6791,5
2021;MAI;REGIÃO NORTE;AMAPÁ;ÓLEO DIESEL S-500;6660,5
2021;JUN;REGIÃO NORTE;AMAPÁ;ÓLEO DIESEL S-500;6348,689
2021;JUL;REGIÃO NORTE;AMAPÁ;ÓLEO DIESEL S-500;6578,956
2021;AGO;REGIÃO NORTE;AMAPÁ;ÓLEO DIESEL S-500;6406,954
2021;SET;REGIÃO NORTE;AMAPÁ;ÓLEO DIESEL S-500;5519,914
2021;OUT;REGIÃO NORTE;AMAPÁ;ÓLEO DIESEL S-500;6002
2021;NOV;REGIÃO NORTE;AMAPÁ;ÓLEO DIESEL S-500;5298
2021;DEZ;REGIÃO NORTE;AMAPÁ;ÓLEO DIESEL S-500;5990
2021;JAN;REGIÃO NORTE;TOCANTINS;ÓLEO DIESEL S-500;30352,56
2021;FEV;REGIÃO NORTE;TOCANTINS;ÓLEO DIESEL S-500;29926,59
2021;MAR;REGIÃO NORTE;TOCANTINS;ÓLEO DIESEL S-500;40450,55
2021;ABR;REGIÃO NORTE;TOCANTINS;ÓLEO DIESEL S-500;33408,33
2021;MAI;REGIÃO NORTE;TOCANTINS;ÓLEO DIESEL S-500;34237,4
2021;JUN;REGIÃO NORTE;TOCANTINS;ÓLEO DIESEL S-500;32759
2021;JUL;REGIÃO NORTE;TOCANTINS;ÓLEO DIESEL S-500;36021,8
2021;AGO;REGIÃO NORTE;TOCANTINS;ÓLEO DIESEL S-500;33822,5
2021;SET;REGIÃO NORTE;TOCANTINS;ÓLEO DIESEL S-500;32278,9
2021;OUT;REGIÃO NORTE;TOCANTINS;ÓLEO DIESEL S-500;35596,5
2021;NOV;REGIÃO NORTE;TOCANTINS;ÓLEO DIESEL S-500;30670,8
2021;DEZ;REGIÃO NORTE;TOCANTINS;ÓLEO DIESEL S-500;27443,7
2021;JAN;REGIÃO NORDESTE;MARANHÃO;ÓLEO DIESEL S-500;56429,812
2021;FEV;REGIÃO NORDESTE;MARANHÃO;ÓLEO DIESEL S-500;49271,835
2021;MAR;REGIÃO NORDESTE;MARANHÃO;ÓLEO DIESEL S-500;53256,961
2021;ABR;REGIÃO NORDESTE;MARANHÃO;ÓLEO DIESEL S-500;52886,253
2021;MAI;REGIÃO NORDESTE;MARANHÃO;ÓLEO DIESEL S-500;54252,017
2021;JUN;REGIÃO NORDESTE;MARANHÃO;ÓLEO DIESEL S-500;56823,658
2021;JUL;REGIÃO NORDESTE;MARANHÃO;ÓLEO DIESEL S-500;56832,215
2021;AGO;REGIÃO NORDESTE;MARANHÃO;ÓLEO DIESEL S-500;61301,718
2021;SET;REGIÃO NORDESTE;MARANHÃO;ÓLEO DIESEL S-500;59874,748
2021;OUT;REGIÃO NORDESTE;MARANHÃO;ÓLEO DIESEL S-500;57426,071
2021;NOV;REGIÃO NORDESTE;MARANHÃO;ÓLEO DIESEL S-500;55216,44
2021;DEZ;REGIÃO NORDESTE;MARANHÃO;ÓLEO DIESEL S-500;53642,913
2021;JAN;REGIÃO NORDESTE;PIAUÍ;ÓLEO DIESEL S-500;13647,29
2021;FEV;REGIÃO NORDESTE;PIAUÍ;ÓLEO DIESEL S-500;11139,46
2021;MAR;REGIÃO NORDESTE;PIAUÍ;ÓLEO DIESEL S-500;14962,84
2021;ABR;REGIÃO NORDESTE;PIAUÍ;ÓLEO DIESEL S-500;14818,82
2021;MAI;REGIÃO NORDESTE;PIAUÍ;ÓLEO DIESEL S-500;13102,95
2021;JUN;REGIÃO NORDESTE;PIAUÍ;ÓLEO DIESEL S-500;13473,52
2021;JUL;REGIÃO NORDESTE;PIAUÍ;ÓLEO DIESEL S-500;14704,1
2021;AGO;REGIÃO NORDESTE;PIAUÍ;ÓLEO DIESEL S-500;14648,1
2021;SET;REGIÃO NORDESTE;PIAUÍ;ÓLEO DIESEL S-500;13458,9
2021;OUT;REGIÃO NORDESTE;PIAUÍ;ÓLEO DIESEL S-500;14599,8
2021;NOV;REGIÃO NORDESTE;PIAUÍ;ÓLEO DIESEL S-500;14230,265
2021;DEZ;REGIÃO NORDESTE;PIAUÍ;ÓLEO DIESEL S-500;13753,7
2021;JAN;REGIÃO NORDESTE;CEARÁ;ÓLEO DIESEL S-500;8070,9
2021;FEV;REGIÃO NORDESTE;CEARÁ;ÓLEO DIESEL S-500;7489
2021;MAR;REGIÃO NORDESTE;CEARÁ;ÓLEO DIESEL S-500;7805
2021;ABR;REGIÃO NORDESTE;CEARÁ;ÓLEO DIESEL S-500;6517,6
2021;MAI;REGIÃO NORDESTE;CEARÁ;ÓLEO DIESEL S-500;6428,1
2021;JUN;REGIÃO NORDESTE;CEARÁ;ÓLEO DIESEL S-500;7559,4
2021;JUL;REGIÃO NORDESTE;CEARÁ;ÓLEO DIESEL S-500;8510,2
2021;AGO;REGIÃO NORDESTE;CEARÁ;ÓLEO DIESEL S-500;8818,9
2021;SET;REGIÃO NORDESTE;CEARÁ;ÓLEO DIESEL S-500;8120
2021;OUT;REGIÃO NORDESTE;CEARÁ;ÓLEO DIESEL S-500;8297,2
2021;NOV;REGIÃO NORDESTE;CEARÁ;ÓLEO DIESEL S-500;7520,8
2021;DEZ;REGIÃO NORDESTE;CEARÁ;ÓLEO DIESEL S-500;7954,1
2021;JAN;REGIÃO NORDESTE;RIO GRANDE DO NORTE;ÓLEO DIESEL S-500;30197,574
2021;FEV;REGIÃO NORDESTE;RIO GRANDE DO NORTE;ÓLEO DIESEL S-500;16478,382
2021;MAR;REGIÃO NORDESTE;RIO GRANDE DO NORTE;ÓLEO DIESEL S-500;18861
2021;ABR;REGIÃO NORDESTE;RIO GRANDE DO NORTE;ÓLEO DIESEL S-500;17299
2021;MAI;REGIÃO NORDESTE;RIO GRANDE DO NORTE;ÓLEO DIESEL S-500;16729,9
2021;JUN;REGIÃO NORDESTE;RIO GRANDE DO NORTE;ÓLEO DIESEL S-500;30083
2021;JUL;REGIÃO NORDESTE;RIO GRANDE DO NORTE;ÓLEO DIESEL S-500;25456
2021;AGO;REGIÃO NORDESTE;RIO GRANDE DO NORTE;ÓLEO DIESEL S-500;22552,5
2021;SET;REGIÃO NORDESTE;RIO GRANDE DO NORTE;ÓLEO DIESEL S-500;24144,5
2021;OUT;REGIÃO NORDESTE;RIO GRANDE DO NORTE;ÓLEO DIESEL S-500;22291,5
2021;NOV;REGIÃO NORDESTE;RIO GRANDE DO NORTE;ÓLEO DIESEL S-500;25880,478
2021;DEZ;REGIÃO NORDESTE;RIO GRANDE DO NORTE;ÓLEO DIESEL S-500;19916,5
2021;JAN;REGIÃO NORDESTE;PARAÍBA;ÓLEO DIESEL S-500;13132,48
2021;FEV;REGIÃO NORDESTE;PARAÍBA;ÓLEO DIESEL S-500;11409,98
2021;MAR;REGIÃO NORDESTE;PARAÍBA;ÓLEO DIESEL S-500;12484,58
2021;ABR;REGIÃO NORDESTE;PARAÍBA;ÓLEO DIESEL S-500;11228,55
2021;MAI;REGIÃO NORDESTE;PARAÍBA;ÓLEO DIESEL S-500;10734,66
2021;JUN;REGIÃO NORDESTE;PARAÍBA;ÓLEO DIESEL S-500;11264,962
2021;JUL;REGIÃO NORDESTE;PARAÍBA;ÓLEO DIESEL S-500;12796,05
2021;AGO;REGIÃO NORDESTE;PARAÍBA;ÓLEO DIESEL S-500;12973,18
2021;SET;REGIÃO NORDESTE;PARAÍBA;ÓLEO DIESEL S-500;13062,4
2021;OUT;REGIÃO NORDESTE;PARAÍBA;ÓLEO DIESEL S-500;14012,6
2021;NOV;REGIÃO NORDESTE;PARAÍBA;ÓLEO DIESEL S-500;14078,66
2021;DEZ;REGIÃO NORDESTE;PARAÍBA;ÓLEO DIESEL S-500;14305,1
2021;JAN;REGIÃO NORDESTE;PERNAMBUCO;ÓLEO DIESEL S-500;3134
2021;FEV;REGIÃO NORDESTE;PERNAMBUCO;ÓLEO DIESEL S-500;2324
2021;MAR;REGIÃO NORDESTE;PERNAMBUCO;ÓLEO DIESEL S-500;2474,3
2021;ABR;REGIÃO NORDESTE;PERNAMBUCO;ÓLEO DIESEL S-500;2050,9
2021;MAI;REGIÃO NORDESTE;PERNAMBUCO;ÓLEO DIESEL S-500;2336,9
2021;JUN;REGIÃO NORDESTE;PERNAMBUCO;ÓLEO DIESEL S-500;2206,1
2021;JUL;REGIÃO NORDESTE;PERNAMBUCO;ÓLEO DIESEL S-500;2550,311
2021;AGO;REGIÃO NORDESTE;PERNAMBUCO;ÓLEO DIESEL S-500;2497,9
2021;SET;REGIÃO NORDESTE;PERNAMBUCO;ÓLEO DIESEL S-500;2552,7
2021;OUT;REGIÃO NORDESTE;PERNAMBUCO;ÓLEO DIESEL S-500;2511
2021;NOV;REGIÃO NORDESTE;PERNAMBUCO;ÓLEO DIESEL S-500;2357,4
2021;DEZ;REGIÃO NORDESTE;PERNAMBUCO;ÓLEO DIESEL S-500;2600,3
2021;JAN;REGIÃO NORDESTE;ALAGOAS;ÓLEO DIESEL S-500;12523,5
2021;FEV;REGIÃO NORDESTE;ALAGOAS;ÓLEO DIESEL S-500;10866
2021;MAR;REGIÃO NORDESTE;ALAGOAS;ÓLEO DIESEL S-500;10958,501
2021;ABR;REGIÃO NORDESTE;ALAGOAS;ÓLEO DIESEL S-500;8156,5
2021;MAI;REGIÃO NORDESTE;ALAGOAS;ÓLEO DIESEL S-500;7707,5
2021;JUN;REGIÃO NORDESTE;ALAGOAS;ÓLEO DIESEL S-500;7689
2021;JUL;REGIÃO NORDESTE;ALAGOAS;ÓLEO DIESEL S-500;8145,5
2021;AGO;REGIÃO NORDESTE;ALAGOAS;ÓLEO DIESEL S-500;8550,5
2021;SET;REGIÃO NORDESTE;ALAGOAS;ÓLEO DIESEL S-500;10337
2021;OUT;REGIÃO NORDESTE;ALAGOAS;ÓLEO DIESEL S-500;12294,5
2021;NOV;REGIÃO NORDESTE;ALAGOAS;ÓLEO DIESEL S-500;12335,5
2021;DEZ;REGIÃO NORDESTE;ALAGOAS;ÓLEO DIESEL S-500;12265,5
2021;JAN;REGIÃO NORDESTE;SERGIPE;ÓLEO DIESEL S-500;6433
2021;FEV;REGIÃO NORDESTE;SERGIPE;ÓLEO DIESEL S-500;5738,5
2021;MAR;REGIÃO NORDESTE;SERGIPE;ÓLEO DIESEL S-500;6645
2021;ABR;REGIÃO NORDESTE;SERGIPE;ÓLEO DIESEL S-500;7740,5
2021;MAI;REGIÃO NORDESTE;SERGIPE;ÓLEO DIESEL S-500;7596,5
2021;JUN;REGIÃO NORDESTE;SERGIPE;ÓLEO DIESEL S-500;5239,5
2021;JUL;REGIÃO NORDESTE;SERGIPE;ÓLEO DIESEL S-500;5219
2021;AGO;REGIÃO NORDESTE;SERGIPE;ÓLEO DIESEL S-500;6028
2021;SET;REGIÃO NORDESTE;SERGIPE;ÓLEO DIESEL S-500;5469,5
2021;OUT;REGIÃO NORDESTE;SERGIPE;ÓLEO DIESEL S-500;6346,5
2021;NOV;REGIÃO NORDESTE;SERGIPE;ÓLEO DIESEL S-500;6416,5
2021;DEZ;REGIÃO NORDESTE;SERGIPE;ÓLEO DIESEL S-500;6292,5
2021;JAN;REGIÃO NORDESTE;BAHIA;ÓLEO DIESEL S-500;95191
2021;FEV;REGIÃO NORDESTE;BAHIA;ÓLEO DIESEL S-500;83140,4
2021;MAR;REGIÃO NORDESTE;BAHIA;ÓLEO DIESEL S-500;107276,623
2021;ABR;REGIÃO NORDESTE;BAHIA;ÓLEO DIESEL S-500;102195,775
2021;MAI;REGIÃO NORDESTE;BAHIA;ÓLEO DIESEL S-500;101385
2021;JUN;REGIÃO NORDESTE;BAHIA;ÓLEO DIESEL S-500;92796,2
2021;JUL;REGIÃO NORDESTE;BAHIA;ÓLEO DIESEL S-500;105522,646
2021;AGO;REGIÃO NORDESTE;BAHIA;ÓLEO DIESEL S-500;102887,123
2021;SET;REGIÃO NORDESTE;BAHIA;ÓLEO DIESEL S-500;96562,9
2021;OUT;REGIÃO NORDESTE;BAHIA;ÓLEO DIESEL S-500;101281,092
2021;NOV;REGIÃO NORDESTE;BAHIA;ÓLEO DIESEL S-500;91890,78
2021;DEZ;REGIÃO NORDESTE;BAHIA;ÓLEO DIESEL S-500;83277,68
2021;JAN;REGIÃO SUDESTE;MINAS GERAIS;ÓLEO DIESEL S-500;262010,723
2021;FEV;REGIÃO SUDESTE;MINAS GERAIS;ÓLEO DIESEL S-500;240091,232
2021;MAR;REGIÃO SUDESTE;MINAS GERAIS;ÓLEO DIESEL S-500;313777,073
2021;ABR;REGIÃO SUDESTE;MINAS GERAIS;ÓLEO DIESEL S-500;281317,437
2021;MAI;REGIÃO SUDESTE;MINAS GERAIS;ÓLEO DIESEL S-500;280305,06
2021;JUN;REGIÃO SUDESTE;MINAS GERAIS;ÓLEO DIESEL S-500;279619,021
2021;JUL;REGIÃO SUDESTE;MINAS GERAIS;ÓLEO DIESEL S-500;302341,757
2021;AGO;REGIÃO SUDESTE;MINAS GERAIS;ÓLEO DIESEL S-500;304274,446
2021;SET;REGIÃO SUDESTE;MINAS GERAIS;ÓLEO DIESEL S-500;280179,091
2021;OUT;REGIÃO SUDESTE;MINAS GERAIS;ÓLEO DIESEL S-500;267927,346
2021;NOV;REGIÃO SUDESTE;MINAS GERAIS;ÓLEO DIESEL S-500;238441,995
2021;DEZ;REGIÃO SUDESTE;MINAS GERAIS;ÓLEO DIESEL S-500;227658,443
2021;JAN;REGIÃO SUDESTE;ESPÍRITO SANTO;ÓLEO DIESEL S-500;43868,302
2021;FEV;REGIÃO SUDESTE;ESPÍRITO SANTO;ÓLEO DIESEL S-500;37209,76
2021;MAR;REGIÃO SUDESTE;ESPÍRITO SANTO;ÓLEO DIESEL S-500;46745,569
2021;ABR;REGIÃO SUDESTE;ESPÍRITO SANTO;ÓLEO DIESEL S-500;44002,203
2021;MAI;REGIÃO SUDESTE;ESPÍRITO SANTO;ÓLEO DIESEL S-500;45925,525
2021;JUN;REGIÃO SUDESTE;ESPÍRITO SANTO;ÓLEO DIESEL S-500;44869,488
2021;JUL;REGIÃO SUDESTE;ESPÍRITO SANTO;ÓLEO DIESEL S-500;48114,792
2021;AGO;REGIÃO SUDESTE;ESPÍRITO SANTO;ÓLEO DIESEL S-500;49242,665
2021;SET;REGIÃO SUDESTE;ESPÍRITO SANTO;ÓLEO DIESEL S-500;43144,485
2021;OUT;REGIÃO SUDESTE;ESPÍRITO SANTO;ÓLEO DIESEL S-500;43409,45
2021;NOV;REGIÃO SUDESTE;ESPÍRITO SANTO;ÓLEO DIESEL S-500;42464,375
2021;DEZ;REGIÃO SUDESTE;ESPÍRITO SANTO;ÓLEO DIESEL S-500;40727,047
2021;JAN;REGIÃO SUDESTE;RIO DE JANEIRO;ÓLEO DIESEL S-500;48773,691
2021;FEV;REGIÃO SUDESTE;RIO DE JANEIRO;ÓLEO DIESEL S-500;42919,11
2021;MAR;REGIÃO SUDESTE;RIO DE JANEIRO;ÓLEO DIESEL S-500;53623,778
2021;ABR;REGIÃO SUDESTE;RIO DE JANEIRO;ÓLEO DIESEL S-500;46705,461
2021;MAI;REGIÃO SUDESTE;RIO DE JANEIRO;ÓLEO DIESEL S-500;51201,239
2021;JUN;REGIÃO SUDESTE;RIO DE JANEIRO;ÓLEO DIESEL S-500;50262,558
2021;JUL;REGIÃO SUDESTE;RIO DE JANEIRO;ÓLEO DIESEL S-500;53646,83
2021;AGO;REGIÃO SUDESTE;RIO DE JANEIRO;ÓLEO DIESEL S-500;55052,65
2021;SET;REGIÃO SUDESTE;RIO DE JANEIRO;ÓLEO DIESEL S-500;49881,07
2021;OUT;REGIÃO SUDESTE;RIO DE JANEIRO;ÓLEO DIESEL S-500;47722,996
2021;NOV;REGIÃO SUDESTE;RIO DE JANEIRO;ÓLEO DIESEL S-500;46208,466
2021;DEZ;REGIÃO SUDESTE;RIO DE JANEIRO;ÓLEO DIESEL S-500;46966,237
2021;JAN;REGIÃO SUDESTE;SÃO PAULO;ÓLEO DIESEL S-500;359836,089
2021;FEV;REGIÃO SUDESTE;SÃO PAULO;ÓLEO DIESEL S-500;359601,043
2021;MAR;REGIÃO SUDESTE;SÃO PAULO;ÓLEO DIESEL S-500;449049,888
2021;ABR;REGIÃO SUDESTE;SÃO PAULO;ÓLEO DIESEL S-500;441902,749
2021;MAI;REGIÃO SUDESTE;SÃO PAULO;ÓLEO DIESEL S-500;452483,525
2021;JUN;REGIÃO SUDESTE;SÃO PAULO;ÓLEO DIESEL S-500;444780,681
2021;JUL;REGIÃO SUDESTE;SÃO PAULO;ÓLEO DIESEL S-500;473893,198
2021;AGO;REGIÃO SUDESTE;SÃO PAULO;ÓLEO DIESEL S-500;479199,388
2021;SET;REGIÃO SUDESTE;SÃO PAULO;ÓLEO DIESEL S-500;436002,801
2021;OUT;REGIÃO SUDESTE;SÃO PAULO;ÓLEO DIESEL S-500;421770,657
2021;NOV;REGIÃO SUDESTE;SÃO PAULO;ÓLEO DIESEL S-500;370607,986
2021;DEZ;REGIÃO SUDESTE;SÃO PAULO;ÓLEO DIESEL S-500;347955,056
2021;JAN;REGIÃO SUL;PARANÁ;ÓLEO DIESEL S-500;197694,791
2021;FEV;REGIÃO SUL;PARANÁ;ÓLEO DIESEL S-500;245046,644
2021;MAR;REGIÃO SUL;PARANÁ;ÓLEO DIESEL S-500;324215,791
2021;ABR;REGIÃO SUL;PARANÁ;ÓLEO DIESEL S-500;245496,486
2021;MAI;REGIÃO SUL;PARANÁ;ÓLEO DIESEL S-500;224756,253
2021;JUN;REGIÃO SUL;PARANÁ;ÓLEO DIESEL S-500;214132,687
2021;JUL;REGIÃO SUL;PARANÁ;ÓLEO DIESEL S-500;240129,82
2021;AGO;REGIÃO SUL;PARANÁ;ÓLEO DIESEL S-500;261596,118
2021;SET;REGIÃO SUL;PARANÁ;ÓLEO DIESEL S-500;240058,85
2021;OUT;REGIÃO SUL;PARANÁ;ÓLEO DIESEL S-500;230150,593
2021;NOV;REGIÃO SUL;PARANÁ;ÓLEO DIESEL S-500;211956,99
2021;DEZ;REGIÃO SUL;PARANÁ;ÓLEO DIESEL S-500;194730,456
2021;JAN;REGIÃO SUL;SANTA CATARINA;ÓLEO DIESEL S-500;81924,845
2021;FEV;REGIÃO SUL;SANTA CATARINA;ÓLEO DIESEL S-500;87482,009
2021;MAR;REGIÃO SUL;SANTA CATARINA;ÓLEO DIESEL S-500;106602,813
2021;ABR;REGIÃO SUL;SANTA CATARINA;ÓLEO DIESEL S-500;100913,293
2021;MAI;REGIÃO SUL;SANTA CATARINA;ÓLEO DIESEL S-500;90292,288
2021;JUN;REGIÃO SUL;SANTA CATARINA;ÓLEO DIESEL S-500;83614,639
2021;JUL;REGIÃO SUL;SANTA CATARINA;ÓLEO DIESEL S-500;92841,738
2021;AGO;REGIÃO SUL;SANTA CATARINA;ÓLEO DIESEL S-500;89284,373
2021;SET;REGIÃO SUL;SANTA CATARINA;ÓLEO DIESEL S-500;83027,085
2021;OUT;REGIÃO SUL;SANTA CATARINA;ÓLEO DIESEL S-500;84696,68
2021;NOV;REGIÃO SUL;SANTA CATARINA;ÓLEO DIESEL S-500;84494,361
2021;DEZ;REGIÃO SUL;SANTA CATARINA;ÓLEO DIESEL S-500;78988,711
2021;JAN;REGIÃO SUL;RIO GRANDE DO SUL;ÓLEO DIESEL S-500;132963,116
2021;FEV;REGIÃO SUL;RIO GRANDE DO SUL;ÓLEO DIESEL S-500;123447,661
2021;MAR;REGIÃO SUL;RIO GRANDE DO SUL;ÓLEO DIESEL S-500;204051,426
2021;ABR;REGIÃO SUL;RIO GRANDE DO SUL;ÓLEO DIESEL S-500;220473,87
2021;MAI;REGIÃO SUL;RIO GRANDE DO SUL;ÓLEO DIESEL S-500;147546,103
2021;JUN;REGIÃO SUL;RIO GRANDE DO SUL;ÓLEO DIESEL S-500;126879,384
2021;JUL;REGIÃO SUL;RIO GRANDE DO SUL;ÓLEO DIESEL S-500;140537,321
2021;AGO;REGIÃO SUL;RIO GRANDE DO SUL;ÓLEO DIESEL S-500;149882,934
2021;SET;REGIÃO SUL;RIO GRANDE DO SUL;ÓLEO DIESEL S-500;134632,909
2021;OUT;REGIÃO SUL;RIO GRANDE DO SUL;ÓLEO DIESEL S-500;182316,548
2021;NOV;REGIÃO SUL;RIO GRANDE DO SUL;ÓLEO DIESEL S-500;168923,054
2021;DEZ;REGIÃO SUL;RIO GRANDE DO SUL;ÓLEO DIESEL S-500;129168,052
2021;JAN;REGIÃO CENTRO-OESTE;MATO GROSSO DO SUL;ÓLEO DIESEL S-500;46568,182
2021;FEV;REGIÃO CENTRO-OESTE;MATO GROSSO DO SUL;ÓLEO DIESEL S-500;64330,977
2021;MAR;REGIÃO CENTRO-OESTE;MATO GROSSO DO SUL;ÓLEO DIESEL S-500;96411,856
2021;ABR;REGIÃO CENTRO-OESTE;MATO GROSSO DO SUL;ÓLEO DIESEL S-500;62761,634
2021;MAI;REGIÃO CENTRO-OESTE;MATO GROSSO DO SUL;ÓLEO DIESEL S-500;58780,926
2021;JUN;REGIÃO CENTRO-OESTE;MATO GROSSO DO SUL;ÓLEO DIESEL S-500;60451,515
2021;JUL;REGIÃO CENTRO-OESTE;MATO GROSSO DO SUL;ÓLEO DIESEL S-500;76143,936
2021;AGO;REGIÃO CENTRO-OESTE;MATO GROSSO DO SUL;ÓLEO DIESEL S-500;82234,476
2021;SET;REGIÃO CENTRO-OESTE;MATO GROSSO DO SUL;ÓLEO DIESEL S-500;86250,535
2021;OUT;REGIÃO CENTRO-OESTE;MATO GROSSO DO SUL;ÓLEO DIESEL S-500;101001,426
2021;NOV;REGIÃO CENTRO-OESTE;MATO GROSSO DO SUL;ÓLEO DIESEL S-500;69455,241
2021;DEZ;REGIÃO CENTRO-OESTE;MATO GROSSO DO SUL;ÓLEO DIESEL S-500;51866,183
2021;JAN;REGIÃO CENTRO-OESTE;MATO GROSSO;ÓLEO DIESEL S-500;113091,01
2021;FEV;REGIÃO CENTRO-OESTE;MATO GROSSO;ÓLEO DIESEL S-500;155098,574
2021;MAR;REGIÃO CENTRO-OESTE;MATO GROSSO;ÓLEO DIESEL S-500;161135,43
2021;ABR;REGIÃO CENTRO-OESTE;MATO GROSSO;ÓLEO DIESEL S-500;108168,883
2021;MAI;REGIÃO CENTRO-OESTE;MATO GROSSO;ÓLEO DIESEL S-500;103684,769
2021;JUN;REGIÃO CENTRO-OESTE;MATO GROSSO;ÓLEO DIESEL S-500;132547,584
2021;JUL;REGIÃO CENTRO-OESTE;MATO GROSSO;ÓLEO DIESEL S-500;151282,286
2021;AGO;REGIÃO CENTRO-OESTE;MATO GROSSO;ÓLEO DIESEL S-500;136330,224
2021;SET;REGIÃO CENTRO-OESTE;MATO GROSSO;ÓLEO DIESEL S-500;125199,25
2021;OUT;REGIÃO CENTRO-OESTE;MATO GROSSO;ÓLEO DIESEL S-500;135876,293
2021;NOV;REGIÃO CENTRO-OESTE;MATO GROSSO;ÓLEO DIESEL S-500;100281,288
2021;DEZ;REGIÃO CENTRO-OESTE;MATO GROSSO;ÓLEO DIESEL S-500;89221,15
2021;JAN;REGIÃO CENTRO-OESTE;GOIÁS;ÓLEO DIESEL S-500;105849,95
2021;FEV;REGIÃO CENTRO-OESTE;GOIÁS;ÓLEO DIESEL S-500;110517,582
2021;MAR;REGIÃO CENTRO-OESTE;GOIÁS;ÓLEO DIESEL S-500;131085,659
2021;ABR;REGIÃO CENTRO-OESTE;GOIÁS;ÓLEO DIESEL S-500;113306,28
2021;MAI;REGIÃO CENTRO-OESTE;GOIÁS;ÓLEO DIESEL S-500;115362,99
2021;JUN;REGIÃO CENTRO-OESTE;GOIÁS;ÓLEO DIESEL S-500;128642,14
2021;JUL;REGIÃO CENTRO-OESTE;GOIÁS;ÓLEO DIESEL S-500;148419,09
2021;AGO;REGIÃO CENTRO-OESTE;GOIÁS;ÓLEO DIESEL S-500;142562,38
2021;SET;REGIÃO CENTRO-OESTE;GOIÁS;ÓLEO DIESEL S-500;135418,35
2021;OUT;REGIÃO CENTRO-OESTE;GOIÁS;ÓLEO DIESEL S-500;160240,709
2021;NOV;REGIÃO CENTRO-OESTE;GOIÁS;ÓLEO DIESEL S-500;116570,66
2021;DEZ;REGIÃO CENTRO-OESTE;GOIÁS;ÓLEO DIESEL S-500;97997,092
2021;JAN;REGIÃO CENTRO-OESTE;DISTRITO FEDERAL;ÓLEO DIESEL S-500;8772,448
2021;FEV;REGIÃO CENTRO-OESTE;DISTRITO FEDERAL;ÓLEO DIESEL S-500;7735,161
2021;MAR;REGIÃO CENTRO-OESTE;DISTRITO FEDERAL;ÓLEO DIESEL S-500;9932,269
2021;ABR;REGIÃO CENTRO-OESTE;DISTRITO FEDERAL;ÓLEO DIESEL S-500;9315
2021;MAI;REGIÃO CENTRO-OESTE;DISTRITO FEDERAL;ÓLEO DIESEL S-500;8835,8
2021;JUN;REGIÃO CENTRO-OESTE;DISTRITO FEDERAL;ÓLEO DIESEL S-500;9085,38
2021;JUL;REGIÃO CENTRO-OESTE;DISTRITO FEDERAL;ÓLEO DIESEL S-500;9554
2021;AGO;REGIÃO CENTRO-OESTE;DISTRITO FEDERAL;ÓLEO DIESEL S-500;9871,5
2021;SET;REGIÃO CENTRO-OESTE;DISTRITO FEDERAL;ÓLEO DIESEL S-500;9743
2021;OUT;REGIÃO CENTRO-OESTE;DISTRITO FEDERAL;ÓLEO DIESEL S-500;9466,5
2021;NOV;REGIÃO CENTRO-OESTE;DISTRITO FEDERAL;ÓLEO DIESEL S-500;8205
2021;DEZ;REGIÃO CENTRO-OESTE;DISTRITO FEDERAL;ÓLEO DIESEL S-500;8094,5
2021;JAN;REGIÃO NORTE;RONDÔNIA;ÓLEO DIESEL S-1800;0
2021;FEV;REGIÃO NORTE;RONDÔNIA;ÓLEO DIESEL S-1800;0
2021;MAR;REGIÃO NORTE;RONDÔNIA;ÓLEO DIESEL S-1800;0
2021;ABR;REGIÃO NORTE;RONDÔNIA;ÓLEO DIESEL S-1800;0
2021;MAI;REGIÃO NORTE;RONDÔNIA;ÓLEO DIESEL S-1800;0
2021;JUN;REGIÃO NORTE;RONDÔNIA;ÓLEO DIESEL S-1800;0
2021;JUL;REGIÃO NORTE;RONDÔNIA;ÓLEO DIESEL S-1800;0
2021;AGO;REGIÃO NORTE;RONDÔNIA;ÓLEO DIESEL S-1800;0
2021;SET;REGIÃO NORTE;RONDÔNIA;ÓLEO DIESEL S-1800;0
2021;OUT;REGIÃO NORTE;RONDÔNIA;ÓLEO DIESEL S-1800;26697
2021;NOV;REGIÃO NORTE;RONDÔNIA;ÓLEO DIESEL S-1800;28070
2021;DEZ;REGIÃO NORTE;RONDÔNIA;ÓLEO DIESEL S-1800;12154
2021;JAN;REGIÃO NORTE;ACRE;ÓLEO DIESEL S-1800;0
2021;FEV;REGIÃO NORTE;ACRE;ÓLEO DIESEL S-1800;0
2021;MAR;REGIÃO NORTE;ACRE;ÓLEO DIESEL S-1800;0
2021;ABR;REGIÃO NORTE;ACRE;ÓLEO DIESEL S-1800;0
2021;MAI;REGIÃO NORTE;ACRE;ÓLEO DIESEL S-1800;0
2021;JUN;REGIÃO NORTE;ACRE;ÓLEO DIESEL S-1800;0
2021;JUL;REGIÃO NORTE;ACRE;ÓLEO DIESEL S-1800;0
2021;AGO;REGIÃO NORTE;ACRE;ÓLEO DIESEL S-1800;0
2021;SET;REGIÃO NORTE;ACRE;ÓLEO DIESEL S-1800;0
2021;OUT;REGIÃO NORTE;ACRE;ÓLEO DIESEL S-1800;0
2021;NOV;REGIÃO NORTE;ACRE;ÓLEO DIESEL S-1800;0
2021;DEZ;REGIÃO NORTE;ACRE;ÓLEO DIESEL S-1800;0
2021;JAN;REGIÃO NORTE;AMAZONAS;ÓLEO DIESEL S-1800;2375,149
2021;FEV;REGIÃO NORTE;AMAZONAS;ÓLEO DIESEL S-1800;0
2021;MAR;REGIÃO NORTE;AMAZONAS;ÓLEO DIESEL S-1800;361,57
2021;ABR;REGIÃO NORTE;AMAZONAS;ÓLEO DIESEL S-1800;1824,837
2021;MAI;REGIÃO NORTE;AMAZONAS;ÓLEO DIESEL S-1800;7220,701
2021;JUN;REGIÃO NORTE;AMAZONAS;ÓLEO DIESEL S-1800;8471,27
2021;JUL;REGIÃO NORTE;AMAZONAS;ÓLEO DIESEL S-1800;8828,519
2021;AGO;REGIÃO NORTE;AMAZONAS;ÓLEO DIESEL S-1800;6751,88
2021;SET;REGIÃO NORTE;AMAZONAS;ÓLEO DIESEL S-1800;7727,94
2021;OUT;REGIÃO NORTE;AMAZONAS;ÓLEO DIESEL S-1800;7832,661
2021;NOV;REGIÃO NORTE;AMAZONAS;ÓLEO DIESEL S-1800;7312,253
2021;DEZ;REGIÃO NORTE;AMAZONAS;ÓLEO DIESEL S-1800;1653,432
2021;JAN;REGIÃO NORTE;RORAIMA;ÓLEO DIESEL S-1800;0
2021;FEV;REGIÃO NORTE;RORAIMA;ÓLEO DIESEL S-1800;0
2021;MAR;REGIÃO NORTE;RORAIMA;ÓLEO DIESEL S-1800;0
2021;ABR;REGIÃO NORTE;RORAIMA;ÓLEO DIESEL S-1800;0
2021;MAI;REGIÃO NORTE;RORAIMA;ÓLEO DIESEL S-1800;11316
2021;JUN;REGIÃO NORTE;RORAIMA;ÓLEO DIESEL S-1800;24806,5
2021;JUL;REGIÃO NORTE;RORAIMA;ÓLEO DIESEL S-1800;19332,876
2021;AGO;REGIÃO NORTE;RORAIMA;ÓLEO DIESEL S-1800;-60
2021;SET;REGIÃO NORTE;RORAIMA;ÓLEO DIESEL S-1800;12872,032
2021;OUT;REGIÃO NORTE;RORAIMA;ÓLEO DIESEL S-1800;36874
2021;NOV;REGIÃO NORTE;RORAIMA;ÓLEO DIESEL S-1800;18950
2021;DEZ;REGIÃO NORTE;RORAIMA;ÓLEO DIESEL S-1800;4148
2021;JAN;REGIÃO NORTE;PARÁ;ÓLEO DIESEL S-1800;0
2021;FEV;REGIÃO NORTE;PARÁ;ÓLEO DIESEL S-1800;0
2021;MAR;REGIÃO NORTE;PARÁ;ÓLEO DIESEL S-1800;0
2021;ABR;REGIÃO NORTE;PARÁ;ÓLEO DIESEL S-1800;0
2021;MAI;REGIÃO NORTE;PARÁ;ÓLEO DIESEL S-1800;0
2021;JUN;REGIÃO NORTE;PARÁ;ÓLEO DIESEL S-1800;0
2021;JUL;REGIÃO NORTE;PARÁ;ÓLEO DIESEL S-1800;0
2021;AGO;REGIÃO NORTE;PARÁ;ÓLEO DIESEL S-1800;0
2021;SET;REGIÃO NORTE;PARÁ;ÓLEO DIESEL S-1800;0
2021;OUT;REGIÃO NORTE;PARÁ;ÓLEO DIESEL S-1800;0
2021;NOV;REGIÃO NORTE;PARÁ;ÓLEO DIESEL S-1800;0
2021;DEZ;REGIÃO NORTE;PARÁ;ÓLEO DIESEL S-1800;0
2021;JAN;REGIÃO NORTE;AMAPÁ;ÓLEO DIESEL S-1800;0
2021;FEV;REGIÃO NORTE;AMAPÁ;ÓLEO DIESEL S-1800;0
2021;MAR;REGIÃO NORTE;AMAPÁ;ÓLEO DIESEL S-1800;0
2021;ABR;REGIÃO NORTE;AMAPÁ;ÓLEO DIESEL S-1800;0
2021;MAI;REGIÃO NORTE;AMAPÁ;ÓLEO DIESEL S-1800;0
2021;JUN;REGIÃO NORTE;AMAPÁ;ÓLEO DIESEL S-1800;0
2021;JUL;REGIÃO NORTE;AMAPÁ;ÓLEO DIESEL S-1800;0
2021;AGO;REGIÃO NORTE;AMAPÁ;ÓLEO DIESEL S-1800;0
2021;SET;REGIÃO NORTE;AMAPÁ;ÓLEO DIESEL S-1800;0
2021;OUT;REGIÃO NORTE;AMAPÁ;ÓLEO DIESEL S-1800;0
2021;NOV;REGIÃO NORTE;AMAPÁ;ÓLEO DIESEL S-1800;0
2021;DEZ;REGIÃO NORTE;AMAPÁ;ÓLEO DIESEL S-1800;0
2021;JAN;REGIÃO NORTE;TOCANTINS;ÓLEO DIESEL S-1800;0
2021;FEV;REGIÃO NORTE;TOCANTINS;ÓLEO DIESEL S-1800;0
2021;MAR;REGIÃO NORTE;TOCANTINS;ÓLEO DIESEL S-1800;0
2021;ABR;REGIÃO NORTE;TOCANTINS;ÓLEO DIESEL S-1800;0
2021;MAI;REGIÃO NORTE;TOCANTINS;ÓLEO DIESEL S-1800;0
2021;JUN;REGIÃO NORTE;TOCANTINS;ÓLEO DIESEL S-1800;0
2021;JUL;REGIÃO NORTE;TOCANTINS;ÓLEO DIESEL S-1800;0
2021;AGO;REGIÃO NORTE;TOCANTINS;ÓLEO DIESEL S-1800;0
2021;SET;REGIÃO NORTE;TOCANTINS;ÓLEO DIESEL S-1800;0
2021;OUT;REGIÃO NORTE;TOCANTINS;ÓLEO DIESEL S-1800;0
2021;NOV;REGIÃO NORTE;TOCANTINS;ÓLEO DIESEL S-1800;0
2021;DEZ;REGIÃO NORTE;TOCANTINS;ÓLEO DIESEL S-1800;0
2021;JAN;REGIÃO NORDESTE;MARANHÃO;ÓLEO DIESEL S-1800;0
2021;FEV;REGIÃO NORDESTE;MARANHÃO;ÓLEO DIESEL S-1800;0
2021;MAR;REGIÃO NORDESTE;MARANHÃO;ÓLEO DIESEL S-1800;0
2021;ABR;REGIÃO NORDESTE;MARANHÃO;ÓLEO DIESEL S-1800;0
2021;MAI;REGIÃO NORDESTE;MARANHÃO;ÓLEO DIESEL S-1800;0
2021;JUN;REGIÃO NORDESTE;MARANHÃO;ÓLEO DIESEL S-1800;0
2021;JUL;REGIÃO NORDESTE;MARANHÃO;ÓLEO DIESEL S-1800;0
2021;AGO;REGIÃO NORDESTE;MARANHÃO;ÓLEO DIESEL S-1800;0
2021;SET;REGIÃO NORDESTE;MARANHÃO;ÓLEO DIESEL S-1800;0
2021;OUT;REGIÃO NORDESTE;MARANHÃO;ÓLEO DIESEL S-1800;0
2021;NOV;REGIÃO NORDESTE;MARANHÃO;ÓLEO DIESEL S-1800;0
2021;DEZ;REGIÃO NORDESTE;MARANHÃO;ÓLEO DIESEL S-1800;0
2021;JAN;REGIÃO NORDESTE;PIAUÍ;ÓLEO DIESEL S-1800;0
2021;FEV;REGIÃO NORDESTE;PIAUÍ;ÓLEO DIESEL S-1800;0
2021;MAR;REGIÃO NORDESTE;PIAUÍ;ÓLEO DIESEL S-1800;0
2021;ABR;REGIÃO NORDESTE;PIAUÍ;ÓLEO DIESEL S-1800;0
2021;MAI;REGIÃO NORDESTE;PIAUÍ;ÓLEO DIESEL S-1800;0
2021;JUN;REGIÃO NORDESTE;PIAUÍ;ÓLEO DIESEL S-1800;0
2021;JUL;REGIÃO NORDESTE;PIAUÍ;ÓLEO DIESEL S-1800;0
2021;AGO;REGIÃO NORDESTE;PIAUÍ;ÓLEO DIESEL S-1800;0
2021;SET;REGIÃO NORDESTE;PIAUÍ;ÓLEO DIESEL S-1800;0
2021;OUT;REGIÃO NORDESTE;PIAUÍ;ÓLEO DIESEL S-1800;0
2021;NOV;REGIÃO NORDESTE;PIAUÍ;ÓLEO DIESEL S-1800;0
2021;DEZ;REGIÃO NORDESTE;PIAUÍ;ÓLEO DIESEL S-1800;0
2021;JAN;REGIÃO NORDESTE;CEARÁ;ÓLEO DIESEL S-1800;0
2021;FEV;REGIÃO NORDESTE;CEARÁ;ÓLEO DIESEL S-1800;0
2021;MAR;REGIÃO NORDESTE;CEARÁ;ÓLEO DIESEL S-1800;0
2021;ABR;REGIÃO NORDESTE;CEARÁ;ÓLEO DIESEL S-1800;0
2021;MAI;REGIÃO NORDESTE;CEARÁ;ÓLEO DIESEL S-1800;0
2021;JUN;REGIÃO NORDESTE;CEARÁ;ÓLEO DIESEL S-1800;0
2021;JUL;REGIÃO NORDESTE;CEARÁ;ÓLEO DIESEL S-1800;0
2021;AGO;REGIÃO NORDESTE;CEARÁ;ÓLEO DIESEL S-1800;0
2021;SET;REGIÃO NORDESTE;CEARÁ;ÓLEO DIESEL S-1800;0
2021;OUT;REGIÃO NORDESTE;CEARÁ;ÓLEO DIESEL S-1800;0
2021;NOV;REGIÃO NORDESTE;CEARÁ;ÓLEO DIESEL S-1800;0
2021;DEZ;REGIÃO NORDESTE;CEARÁ;ÓLEO DIESEL S-1800;0
2021;JAN;REGIÃO NORDESTE;RIO GRANDE DO NORTE;ÓLEO DIESEL S-1800;3
2021;FEV;REGIÃO NORDESTE;RIO GRANDE DO NORTE;ÓLEO DIESEL S-1800;3
2021;MAR;REGIÃO NORDESTE;RIO GRANDE DO NORTE;ÓLEO DIESEL S-1800;0
2021;ABR;REGIÃO NORDESTE;RIO GRANDE DO NORTE;ÓLEO DIESEL S-1800;3
2021;MAI;REGIÃO NORDESTE;RIO GRANDE DO NORTE;ÓLEO DIESEL S-1800;0
2021;JUN;REGIÃO NORDESTE;RIO GRANDE DO NORTE;ÓLEO DIESEL S-1800;0
2021;JUL;REGIÃO NORDESTE;RIO GRANDE DO NORTE;ÓLEO DIESEL S-1800;0
2021;AGO;REGIÃO NORDESTE;RIO GRANDE DO NORTE;ÓLEO DIESEL S-1800;0
2021;SET;REGIÃO NORDESTE;RIO GRANDE DO NORTE;ÓLEO DIESEL S-1800;0
2021;OUT;REGIÃO NORDESTE;RIO GRANDE DO NORTE;ÓLEO DIESEL S-1800;0
2021;NOV;REGIÃO NORDESTE;RIO GRANDE DO NORTE;ÓLEO DIESEL S-1800;0
2021;DEZ;REGIÃO NORDESTE;RIO GRANDE DO NORTE;ÓLEO DIESEL S-1800;0
2021;JAN;REGIÃO NORDESTE;PARAÍBA;ÓLEO DIESEL S-1800;33
2021;FEV;REGIÃO NORDESTE;PARAÍBA;ÓLEO DIESEL S-1800;27
2021;MAR;REGIÃO NORDESTE;PARAÍBA;ÓLEO DIESEL S-1800;42
2021;ABR;REGIÃO NORDESTE;PARAÍBA;ÓLEO DIESEL S-1800;33
2021;MAI;REGIÃO NORDESTE;PARAÍBA;ÓLEO DIESEL S-1800;0
2021;JUN;REGIÃO NORDESTE;PARAÍBA;ÓLEO DIESEL S-1800;0
2021;JUL;REGIÃO NORDESTE;PARAÍBA;ÓLEO DIESEL S-1800;0
2021;AGO;REGIÃO NORDESTE;PARAÍBA;ÓLEO DIESEL S-1800;0
2021;SET;REGIÃO NORDESTE;PARAÍBA;ÓLEO DIESEL S-1800;0
2021;OUT;REGIÃO NORDESTE;PARAÍBA;ÓLEO DIESEL S-1800;0
2021;NOV;REGIÃO NORDESTE;PARAÍBA;ÓLEO DIESEL S-1800;0
2021;DEZ;REGIÃO NORDESTE;PARAÍBA;ÓLEO DIESEL S-1800;0
2021;JAN;REGIÃO NORDESTE;PERNAMBUCO;ÓLEO DIESEL S-1800;227
2021;FEV;REGIÃO NORDESTE;PERNAMBUCO;ÓLEO DIESEL S-1800;223
2021;MAR;REGIÃO NORDESTE;PERNAMBUCO;ÓLEO DIESEL S-1800;217
2021;ABR;REGIÃO NORDESTE;PERNAMBUCO;ÓLEO DIESEL S-1800;166
2021;MAI;REGIÃO NORDESTE;PERNAMBUCO;ÓLEO DIESEL S-1800;0
2021;JUN;REGIÃO NORDESTE;PERNAMBUCO;ÓLEO DIESEL S-1800;0
2021;JUL;REGIÃO NORDESTE;PERNAMBUCO;ÓLEO DIESEL S-1800;0
2021;AGO;REGIÃO NORDESTE;PERNAMBUCO;ÓLEO DIESEL S-1800;0
2021;SET;REGIÃO NORDESTE;PERNAMBUCO;ÓLEO DIESEL S-1800;0
2021;OUT;REGIÃO NORDESTE;PERNAMBUCO;ÓLEO DIESEL S-1800;0
2021;NOV;REGIÃO NORDESTE;PERNAMBUCO;ÓLEO DIESEL S-1800;0
2021;DEZ;REGIÃO NORDESTE;PERNAMBUCO;ÓLEO DIESEL S-1800;0
2021;JAN;REGIÃO NORDESTE;ALAGOAS;ÓLEO DIESEL S-1800;0
2021;FEV;REGIÃO NORDESTE;ALAGOAS;ÓLEO DIESEL S-1800;0
2021;MAR;REGIÃO NORDESTE;ALAGOAS;ÓLEO DIESEL S-1800;0
2021;ABR;REGIÃO NORDESTE;ALAGOAS;ÓLEO DIESEL S-1800;0
2021;MAI;REGIÃO NORDESTE;ALAGOAS;ÓLEO DIESEL S-1800;0
2021;JUN;REGIÃO NORDESTE;ALAGOAS;ÓLEO DIESEL S-1800;0
2021;JUL;REGIÃO NORDESTE;ALAGOAS;ÓLEO DIESEL S-1800;0
2021;AGO;REGIÃO NORDESTE;ALAGOAS;ÓLEO DIESEL S-1800;0
2021;SET;REGIÃO NORDESTE;ALAGOAS;ÓLEO DIESEL S-1800;0
2021;OUT;REGIÃO NORDESTE;ALAGOAS;ÓLEO DIESEL S-1800;0
2021;NOV;REGIÃO NORDESTE;ALAGOAS;ÓLEO DIESEL S-1800;0
2021;DEZ;REGIÃO NORDESTE;ALAGOAS;ÓLEO DIESEL S-1800;0
2021;JAN;REGIÃO NORDESTE;SERGIPE;ÓLEO DIESEL S-1800;0
2021;FEV;REGIÃO NORDESTE;SERGIPE;ÓLEO DIESEL S-1800;0
2021;MAR;REGIÃO NORDESTE;SERGIPE;ÓLEO DIESEL S-1800;0
2021;ABR;REGIÃO NORDESTE;SERGIPE;ÓLEO DIESEL S-1800;0
2021;MAI;REGIÃO NORDESTE;SERGIPE;ÓLEO DIESEL S-1800;0
2021;JUN;REGIÃO NORDESTE;SERGIPE;ÓLEO DIESEL S-1800;0
2021;JUL;REGIÃO NORDESTE;SERGIPE;ÓLEO DIESEL S-1800;0
2021;AGO;REGIÃO NORDESTE;SERGIPE;ÓLEO DIESEL S-1800;0
2021;SET;REGIÃO NORDESTE;SERGIPE;ÓLEO DIESEL S-1800;0
2021;OUT;REGIÃO NORDESTE;SERGIPE;ÓLEO DIESEL S-1800;0
2021;NOV;REGIÃO NORDESTE;SERGIPE;ÓLEO DIESEL S-1800;0
2021;DEZ;REGIÃO NORDESTE;SERGIPE;ÓLEO DIESEL S-1800;0
2021;JAN;REGIÃO NORDESTE;BAHIA;ÓLEO DIESEL S-1800;0
2021;FEV;REGIÃO NORDESTE;BAHIA;ÓLEO DIESEL S-1800;0
2021;MAR;REGIÃO NORDESTE;BAHIA;ÓLEO DIESEL S-1800;0
2021;ABR;REGIÃO NORDESTE;BAHIA;ÓLEO DIESEL S-1800;0
2021;MAI;REGIÃO NORDESTE;BAHIA;ÓLEO DIESEL S-1800;0
2021;JUN;REGIÃO NORDESTE;BAHIA;ÓLEO DIESEL S-1800;0
2021;JUL;REGIÃO NORDESTE;BAHIA;ÓLEO DIESEL S-1800;0
2021;AGO;REGIÃO NORDESTE;BAHIA;ÓLEO DIESEL S-1800;0
2021;SET;REGIÃO NORDESTE;BAHIA;ÓLEO DIESEL S-1800;0
2021;OUT;REGIÃO NORDESTE;BAHIA;ÓLEO DIESEL S-1800;0
2021;NOV;REGIÃO NORDESTE;BAHIA;ÓLEO DIESEL S-1800;0
2021;DEZ;REGIÃO NORDESTE;BAHIA;ÓLEO DIESEL S-1800;0
2021;JAN;REGIÃO SUDESTE;MINAS GERAIS;ÓLEO DIESEL S-1800;0
2021;FEV;REGIÃO SUDESTE;MINAS GERAIS;ÓLEO DIESEL S-1800;0
2021;MAR;REGIÃO SUDESTE;MINAS GERAIS;ÓLEO DIESEL S-1800;0
2021;ABR;REGIÃO SUDESTE;MINAS GERAIS;ÓLEO DIESEL S-1800;0
2021;MAI;REGIÃO SUDESTE;MINAS GERAIS;ÓLEO DIESEL S-1800;0
2021;JUN;REGIÃO SUDESTE;MINAS GERAIS;ÓLEO DIESEL S-1800;0
2021;JUL;REGIÃO SUDESTE;MINAS GERAIS;ÓLEO DIESEL S-1800;0
2021;AGO;REGIÃO SUDESTE;MINAS GERAIS;ÓLEO DIESEL S-1800;0
2021;SET;REGIÃO SUDESTE;MINAS GERAIS;ÓLEO DIESEL S-1800;0
2021;OUT;REGIÃO SUDESTE;MINAS GERAIS;ÓLEO DIESEL S-1800;0
2021;NOV;REGIÃO SUDESTE;MINAS GERAIS;ÓLEO DIESEL S-1800;0
2021;DEZ;REGIÃO SUDESTE;MINAS GERAIS;ÓLEO DIESEL S-1800;0
2021;JAN;REGIÃO SUDESTE;ESPÍRITO SANTO;ÓLEO DIESEL S-1800;0
2021;FEV;REGIÃO SUDESTE;ESPÍRITO SANTO;ÓLEO DIESEL S-1800;0
2021;MAR;REGIÃO SUDESTE;ESPÍRITO SANTO;ÓLEO DIESEL S-1800;0
2021;ABR;REGIÃO SUDESTE;ESPÍRITO SANTO;ÓLEO DIESEL S-1800;0
2021;MAI;REGIÃO SUDESTE;ESPÍRITO SANTO;ÓLEO DIESEL S-1800;0
2021;JUN;REGIÃO SUDESTE;ESPÍRITO SANTO;ÓLEO DIESEL S-1800;0
2021;JUL;REGIÃO SUDESTE;ESPÍRITO SANTO;ÓLEO DIESEL S-1800;0
2021;AGO;REGIÃO SUDESTE;ESPÍRITO SANTO;ÓLEO DIESEL S-1800;0
2021;SET;REGIÃO SUDESTE;ESPÍRITO SANTO;ÓLEO DIESEL S-1800;0
2021;OUT;REGIÃO SUDESTE;ESPÍRITO SANTO;ÓLEO DIESEL S-1800;0
2021;NOV;REGIÃO SUDESTE;ESPÍRITO SANTO;ÓLEO DIESEL S-1800;0
2021;DEZ;REGIÃO SUDESTE;ESPÍRITO SANTO;ÓLEO DIESEL S-1800;0
2021;JAN;REGIÃO SUDESTE;RIO DE JANEIRO;ÓLEO DIESEL S-1800;0
2021;FEV;REGIÃO SUDESTE;RIO DE JANEIRO;ÓLEO DIESEL S-1800;0
2021;MAR;REGIÃO SUDESTE;RIO DE JANEIRO;ÓLEO DIESEL S-1800;0
2021;ABR;REGIÃO SUDESTE;RIO DE JANEIRO;ÓLEO DIESEL S-1800;0
2021;MAI;REGIÃO SUDESTE;RIO DE JANEIRO;ÓLEO DIESEL S-1800;0
2021;JUN;REGIÃO SUDESTE;RIO DE JANEIRO;ÓLEO DIESEL S-1800;0
2021;JUL;REGIÃO SUDESTE;RIO DE JANEIRO;ÓLEO DIESEL S-1800;0
2021;AGO;REGIÃO SUDESTE;RIO DE JANEIRO;ÓLEO DIESEL S-1800;0
2021;SET;REGIÃO SUDESTE;RIO DE JANEIRO;ÓLEO DIESEL S-1800;0
2021;OUT;REGIÃO SUDESTE;RIO DE JANEIRO;ÓLEO DIESEL S-1800;0
2021;NOV;REGIÃO SUDESTE;RIO DE JANEIRO;ÓLEO DIESEL S-1800;0
2021;DEZ;REGIÃO SUDESTE;RIO DE JANEIRO;ÓLEO DIESEL S-1800;0
2021;JAN;REGIÃO SUDESTE;SÃO PAULO;ÓLEO DIESEL S-1800;0
2021;FEV;REGIÃO SUDESTE;SÃO PAULO;ÓLEO DIESEL S-1800;0
2021;MAR;REGIÃO SUDESTE;SÃO PAULO;ÓLEO DIESEL S-1800;0
2021;ABR;REGIÃO SUDESTE;SÃO PAULO;ÓLEO DIESEL S-1800;0
2021;MAI;REGIÃO SUDESTE;SÃO PAULO;ÓLEO DIESEL S-1800;0
2021;JUN;REGIÃO SUDESTE;SÃO PAULO;ÓLEO DIESEL S-1800;0
2021;JUL;REGIÃO SUDESTE;SÃO PAULO;ÓLEO DIESEL S-1800;0
2021;AGO;REGIÃO SUDESTE;SÃO PAULO;ÓLEO DIESEL S-1800;0
2021;SET;REGIÃO SUDESTE;SÃO PAULO;ÓLEO DIESEL S-1800;0
2021;OUT;REGIÃO SUDESTE;SÃO PAULO;ÓLEO DIESEL S-1800;0
2021;NOV;REGIÃO SUDESTE;SÃO PAULO;ÓLEO DIESEL S-1800;0
2021;DEZ;REGIÃO SUDESTE;SÃO PAULO;ÓLEO DIESEL S-1800;0
2021;JAN;REGIÃO SUL;PARANÁ;ÓLEO DIESEL S-1800;0
2021;FEV;REGIÃO SUL;PARANÁ;ÓLEO DIESEL S-1800;0
2021;MAR;REGIÃO SUL;PARANÁ;ÓLEO DIESEL S-1800;0
2021;ABR;REGIÃO SUL;PARANÁ;ÓLEO DIESEL S-1800;0
2021;MAI;REGIÃO SUL;PARANÁ;ÓLEO DIESEL S-1800;0
2021;JUN;REGIÃO SUL;PARANÁ;ÓLEO DIESEL S-1800;0
2021;JUL;REGIÃO SUL;PARANÁ;ÓLEO DIESEL S-1800;0
2021;AGO;REGIÃO SUL;PARANÁ;ÓLEO DIESEL S-1800;0
2021;SET;REGIÃO SUL;PARANÁ;ÓLEO DIESEL S-1800;0
2021;OUT;REGIÃO SUL;PARANÁ;ÓLEO DIESEL S-1800;0
2021;NOV;REGIÃO SUL;PARANÁ;ÓLEO DIESEL S-1800;0
2021;DEZ;REGIÃO SUL;PARANÁ;ÓLEO DIESEL S-1800;0
2021;JAN;REGIÃO SUL;SANTA CATARINA;ÓLEO DIESEL S-1800;0
2021;FEV;REGIÃO SUL;SANTA CATARINA;ÓLEO DIESEL S-1800;0
2021;MAR;REGIÃO SUL;SANTA CATARINA;ÓLEO DIESEL S-1800;0
2021;ABR;REGIÃO SUL;SANTA CATARINA;ÓLEO DIESEL S-1800;0
2021;MAI;REGIÃO SUL;SANTA CATARINA;ÓLEO DIESEL S-1800;0
2021;JUN;REGIÃO SUL;SANTA CATARINA;ÓLEO DIESEL S-1800;0
2021;JUL;REGIÃO SUL;SANTA CATARINA;ÓLEO DIESEL S-1800;0
2021;AGO;REGIÃO SUL;SANTA CATARINA;ÓLEO DIESEL S-1800;0
2021;SET;REGIÃO SUL;SANTA CATARINA;ÓLEO DIESEL S-1800;0
2021;OUT;REGIÃO SUL;SANTA CATARINA;ÓLEO DIESEL S-1800;0
2021;NOV;REGIÃO SUL;SANTA CATARINA;ÓLEO DIESEL S-1800;0
2021;DEZ;REGIÃO SUL;SANTA CATARINA;ÓLEO DIESEL S-1800;0
2021;JAN;REGIÃO SUL;RIO GRANDE DO SUL;ÓLEO DIESEL S-1800;0
2021;FEV;REGIÃO SUL;RIO GRANDE DO SUL;ÓLEO DIESEL S-1800;0
2021;MAR;REGIÃO SUL;RIO GRANDE DO SUL;ÓLEO DIESEL S-1800;0
2021;ABR;REGIÃO SUL;RIO GRANDE DO SUL;ÓLEO DIESEL S-1800;0
2021;MAI;REGIÃO SUL;RIO GRANDE DO SUL;ÓLEO DIESEL S-1800;0
2021;JUN;REGIÃO SUL;RIO GRANDE DO SUL;ÓLEO DIESEL S-1800;0
2021;JUL;REGIÃO SUL;RIO GRANDE DO SUL;ÓLEO DIESEL S-1800;0
2021;AGO;REGIÃO SUL;RIO GRANDE DO SUL;ÓLEO DIESEL S-1800;0
2021;SET;REGIÃO SUL;RIO GRANDE DO SUL;ÓLEO DIESEL S-1800;0
2021;OUT;REGIÃO SUL;RIO GRANDE DO SUL;ÓLEO DIESEL S-1800;0
2021;NOV;REGIÃO SUL;RIO GRANDE DO SUL;ÓLEO DIESEL S-1800;0
2021;DEZ;REGIÃO SUL;RIO GRANDE DO SUL;ÓLEO DIESEL S-1800;0
2021;JAN;REGIÃO CENTRO-OESTE;MATO GROSSO DO SUL;ÓLEO DIESEL S-1800;0
2021;FEV;REGIÃO CENTRO-OESTE;MATO GROSSO DO SUL;ÓLEO DIESEL S-1800;0
2021;MAR;REGIÃO CENTRO-OESTE;MATO GROSSO DO SUL;ÓLEO DIESEL S-1800;0
2021;ABR;REGIÃO CENTRO-OESTE;MATO GROSSO DO SUL;ÓLEO DIESEL S-1800;0
2021;MAI;REGIÃO CENTRO-OESTE;MATO GROSSO DO SUL;ÓLEO DIESEL S-1800;0
2021;JUN;REGIÃO CENTRO-OESTE;MATO GROSSO DO SUL;ÓLEO DIESEL S-1800;0
2021;JUL;REGIÃO CENTRO-OESTE;MATO GROSSO DO SUL;ÓLEO DIESEL S-1800;0
2021;AGO;REGIÃO CENTRO-OESTE;MATO GROSSO DO SUL;ÓLEO DIESEL S-1800;0
2021;SET;REGIÃO CENTRO-OESTE;MATO GROSSO DO SUL;ÓLEO DIESEL S-1800;0
2021;OUT;REGIÃO CENTRO-OESTE;MATO GROSSO DO SUL;ÓLEO DIESEL S-1800;0
2021;NOV;REGIÃO CENTRO-OESTE;MATO GROSSO DO SUL;ÓLEO DIESEL S-1800;0
2021;DEZ;REGIÃO CENTRO-OESTE;MATO GROSSO DO SUL;ÓLEO DIESEL S-1800;0
2021;JAN;REGIÃO CENTRO-OESTE;MATO GROSSO;ÓLEO DIESEL S-1800;0
2021;FEV;REGIÃO CENTRO-OESTE;MATO GROSSO;ÓLEO DIESEL S-1800;0
2021;MAR;REGIÃO CENTRO-OESTE;MATO GROSSO;ÓLEO DIESEL S-1800;0
2021;ABR;REGIÃO CENTRO-OESTE;MATO GROSSO;ÓLEO DIESEL S-1800;0
2021;MAI;REGIÃO CENTRO-OESTE;MATO GROSSO;ÓLEO DIESEL S-1800;0
2021;JUN;REGIÃO CENTRO-OESTE;MATO GROSSO;ÓLEO DIESEL S-1800;0
2021;JUL;REGIÃO CENTRO-OESTE;MATO GROSSO;ÓLEO DIESEL S-1800;0
2021;AGO;REGIÃO CENTRO-OESTE;MATO GROSSO;ÓLEO DIESEL S-1800;0
2021;SET;REGIÃO CENTRO-OESTE;MATO GROSSO;ÓLEO DIESEL S-1800;0
2021;OUT;REGIÃO CENTRO-OESTE;MATO GROSSO;ÓLEO DIESEL S-1800;0
2021;NOV;REGIÃO CENTRO-OESTE;MATO GROSSO;ÓLEO DIESEL S-1800;0
2021;DEZ;REGIÃO CENTRO-OESTE;MATO GROSSO;ÓLEO DIESEL S-1800;0
2021;JAN;REGIÃO CENTRO-OESTE;GOIÁS;ÓLEO DIESEL S-1800;0
2021;FEV;REGIÃO CENTRO-OESTE;GOIÁS;ÓLEO DIESEL S-1800;0
2021;MAR;REGIÃO CENTRO-OESTE;GOIÁS;ÓLEO DIESEL S-1800;0
2021;ABR;REGIÃO CENTRO-OESTE;GOIÁS;ÓLEO DIESEL S-1800;0
2021;MAI;REGIÃO CENTRO-OESTE;GOIÁS;ÓLEO DIESEL S-1800;0
2021;JUN;REGIÃO CENTRO-OESTE;GOIÁS;ÓLEO DIESEL S-1800;0
2021;JUL;REGIÃO CENTRO-OESTE;GOIÁS;ÓLEO DIESEL S-1800;0
2021;AGO;REGIÃO CENTRO-OESTE;GOIÁS;ÓLEO DIESEL S-1800;0
2021;SET;REGIÃO CENTRO-OESTE;GOIÁS;ÓLEO DIESEL S-1800;0
2021;OUT;REGIÃO CENTRO-OESTE;GOIÁS;ÓLEO DIESEL S-1800;0
2021;NOV;REGIÃO CENTRO-OESTE;GOIÁS;ÓLEO DIESEL S-1800;0
2021;DEZ;REGIÃO CENTRO-OESTE;GOIÁS;ÓLEO DIESEL S-1800;0
2021;JAN;REGIÃO CENTRO-OESTE;DISTRITO FEDERAL;ÓLEO DIESEL S-1800;0
2021;FEV;REGIÃO CENTRO-OESTE;DISTRITO FEDERAL;ÓLEO DIESEL S-1800;0
2021;MAR;REGIÃO CENTRO-OESTE;DISTRITO FEDERAL;ÓLEO DIESEL S-1800;0
2021;ABR;REGIÃO CENTRO-OESTE;DISTRITO FEDERAL;ÓLEO DIESEL S-1800;0
2021;MAI;REGIÃO CENTRO-OESTE;DISTRITO FEDERAL;ÓLEO DIESEL S-1800;0
2021;JUN;REGIÃO CENTRO-OESTE;DISTRITO FEDERAL;ÓLEO DIESEL S-1800;0
2021;JUL;REGIÃO CENTRO-OESTE;DISTRITO FEDERAL;ÓLEO DIESEL S-1800;0
2021;AGO;REGIÃO CENTRO-OESTE;DISTRITO FEDERAL;ÓLEO DIESEL S-1800;0
2021;SET;REGIÃO CENTRO-OESTE;DISTRITO FEDERAL;ÓLEO DIESEL S-1800;0
2021;OUT;REGIÃO CENTRO-OESTE;DISTRITO FEDERAL;ÓLEO DIESEL S-1800;0
2021;NOV;REGIÃO CENTRO-OESTE;DISTRITO FEDERAL;ÓLEO DIESEL S-1800;0
2021;DEZ;REGIÃO CENTRO-OESTE;DISTRITO FEDERAL;ÓLEO DIESEL S-1800;0
2021;JAN;REGIÃO NORTE;RONDÔNIA;ÓLEO DIESEL MARÍTIMO;1994,2
2021;FEV;REGIÃO NORTE;RONDÔNIA;ÓLEO DIESEL MARÍTIMO;1859,581
2021;MAR;REGIÃO NORTE;RONDÔNIA;ÓLEO DIESEL MARÍTIMO;2147,2
2021;ABR;REGIÃO NORTE;RONDÔNIA;ÓLEO DIESEL MARÍTIMO;2109,5
2021;MAI;REGIÃO NORTE;RONDÔNIA;ÓLEO DIESEL MARÍTIMO;2403,5
2021;JUN;REGIÃO NORTE;RONDÔNIA;ÓLEO DIESEL MARÍTIMO;3013,3
2021;JUL;REGIÃO NORTE;RONDÔNIA;ÓLEO DIESEL MARÍTIMO;3361,8
2021;AGO;REGIÃO NORTE;RONDÔNIA;ÓLEO DIESEL MARÍTIMO;3480,6
2021;SET;REGIÃO NORTE;RONDÔNIA;ÓLEO DIESEL MARÍTIMO;4355,594
2021;OUT;REGIÃO NORTE;RONDÔNIA;ÓLEO DIESEL MARÍTIMO;4026,3
2021;NOV;REGIÃO NORTE;RONDÔNIA;ÓLEO DIESEL MARÍTIMO;3566,3
2021;DEZ;REGIÃO NORTE;RONDÔNIA;ÓLEO DIESEL MARÍTIMO;2808,4
2021;JAN;REGIÃO NORTE;ACRE;ÓLEO DIESEL MARÍTIMO;142
2021;FEV;REGIÃO NORTE;ACRE;ÓLEO DIESEL MARÍTIMO;119
2021;MAR;REGIÃO NORTE;ACRE;ÓLEO DIESEL MARÍTIMO;163
2021;ABR;REGIÃO NORTE;ACRE;ÓLEO DIESEL MARÍTIMO;172
2021;MAI;REGIÃO NORTE;ACRE;ÓLEO DIESEL MARÍTIMO;104
2021;JUN;REGIÃO NORTE;ACRE;ÓLEO DIESEL MARÍTIMO;144
2021;JUL;REGIÃO NORTE;ACRE;ÓLEO DIESEL MARÍTIMO;148
2021;AGO;REGIÃO NORTE;ACRE;ÓLEO DIESEL MARÍTIMO;131
2021;SET;REGIÃO NORTE;ACRE;ÓLEO DIESEL MARÍTIMO;148
2021;OUT;REGIÃO NORTE;ACRE;ÓLEO DIESEL MARÍTIMO;148
2021;NOV;REGIÃO NORTE;ACRE;ÓLEO DIESEL MARÍTIMO;158
2021;DEZ;REGIÃO NORTE;ACRE;ÓLEO DIESEL MARÍTIMO;199,6
2021;JAN;REGIÃO NORTE;AMAZONAS;ÓLEO DIESEL MARÍTIMO;14621,675
2021;FEV;REGIÃO NORTE;AMAZONAS;ÓLEO DIESEL MARÍTIMO;12612,646
2021;MAR;REGIÃO NORTE;AMAZONAS;ÓLEO DIESEL MARÍTIMO;15809,52
2021;ABR;REGIÃO NORTE;AMAZONAS;ÓLEO DIESEL MARÍTIMO;18121,399
2021;MAI;REGIÃO NORTE;AMAZONAS;ÓLEO DIESEL MARÍTIMO;15880,447
2021;JUN;REGIÃO NORTE;AMAZONAS;ÓLEO DIESEL MARÍTIMO;20714,113
2021;JUL;REGIÃO NORTE;AMAZONAS;ÓLEO DIESEL MARÍTIMO;22181,64
2021;AGO;REGIÃO NORTE;AMAZONAS;ÓLEO DIESEL MARÍTIMO;19553,108
2021;SET;REGIÃO NORTE;AMAZONAS;ÓLEO DIESEL MARÍTIMO;19017,827
2021;OUT;REGIÃO NORTE;AMAZONAS;ÓLEO DIESEL MARÍTIMO;24087,878
2021;NOV;REGIÃO NORTE;AMAZONAS;ÓLEO DIESEL MARÍTIMO;19080,28
2021;DEZ;REGIÃO NORTE;AMAZONAS;ÓLEO DIESEL MARÍTIMO;17732,116
2021;JAN;REGIÃO NORTE;RORAIMA;ÓLEO DIESEL MARÍTIMO;0
2021;FEV;REGIÃO NORTE;RORAIMA;ÓLEO DIESEL MARÍTIMO;5
2021;MAR;REGIÃO NORTE;RORAIMA;ÓLEO DIESEL MARÍTIMO;30
2021;ABR;REGIÃO NORTE;RORAIMA;ÓLEO DIESEL MARÍTIMO;35
2021;MAI;REGIÃO NORTE;RORAIMA;ÓLEO DIESEL MARÍTIMO;40
2021;JUN;REGIÃO NORTE;RORAIMA;ÓLEO DIESEL MARÍTIMO;20
2021;JUL;REGIÃO NORTE;RORAIMA;ÓLEO DIESEL MARÍTIMO;0
2021;AGO;REGIÃO NORTE;RORAIMA;ÓLEO DIESEL MARÍTIMO;0
2021;SET;REGIÃO NORTE;RORAIMA;ÓLEO DIESEL MARÍTIMO;10
2021;OUT;REGIÃO NORTE;RORAIMA;ÓLEO DIESEL MARÍTIMO;0
2021;NOV;REGIÃO NORTE;RORAIMA;ÓLEO DIESEL MARÍTIMO;0
2021;DEZ;REGIÃO NORTE;RORAIMA;ÓLEO DIESEL MARÍTIMO;0
2021;JAN;REGIÃO NORTE;PARÁ;ÓLEO DIESEL MARÍTIMO;15087,099
2021;FEV;REGIÃO NORTE;PARÁ;ÓLEO DIESEL MARÍTIMO;15591,031
2021;MAR;REGIÃO NORTE;PARÁ;ÓLEO DIESEL MARÍTIMO;18693,599
2021;ABR;REGIÃO NORTE;PARÁ;ÓLEO DIESEL MARÍTIMO;18050,315
2021;MAI;REGIÃO NORTE;PARÁ;ÓLEO DIESEL MARÍTIMO;16794,472
2021;JUN;REGIÃO NORTE;PARÁ;ÓLEO DIESEL MARÍTIMO;17432,447
2021;JUL;REGIÃO NORTE;PARÁ;ÓLEO DIESEL MARÍTIMO;19995,974
2021;AGO;REGIÃO NORTE;PARÁ;ÓLEO DIESEL MARÍTIMO;21559,469
2021;SET;REGIÃO NORTE;PARÁ;ÓLEO DIESEL MARÍTIMO;20708,161
2021;OUT;REGIÃO NORTE;PARÁ;ÓLEO DIESEL MARÍTIMO;19265,635
2021;NOV;REGIÃO NORTE;PARÁ;ÓLEO DIESEL MARÍTIMO;18770,399
2021;DEZ;REGIÃO NORTE;PARÁ;ÓLEO DIESEL MARÍTIMO;17068,167
2021;JAN;REGIÃO NORTE;AMAPÁ;ÓLEO DIESEL MARÍTIMO;135
2021;FEV;REGIÃO NORTE;AMAPÁ;ÓLEO DIESEL MARÍTIMO;105
2021;MAR;REGIÃO NORTE;AMAPÁ;ÓLEO DIESEL MARÍTIMO;193
2021;ABR;REGIÃO NORTE;AMAPÁ;ÓLEO DIESEL MARÍTIMO;149
2021;MAI;REGIÃO NORTE;AMAPÁ;ÓLEO DIESEL MARÍTIMO;120
2021;JUN;REGIÃO NORTE;AMAPÁ;ÓLEO DIESEL MARÍTIMO;193
2021;JUL;REGIÃO NORTE;AMAPÁ;ÓLEO DIESEL MARÍTIMO;253
2021;AGO;REGIÃO NORTE;AMAPÁ;ÓLEO DIESEL MARÍTIMO;195
2021;SET;REGIÃO NORTE;AMAPÁ;ÓLEO DIESEL MARÍTIMO;192
2021;OUT;REGIÃO NORTE;AMAPÁ;ÓLEO DIESEL MARÍTIMO;240
2021;NOV;REGIÃO NORTE;AMAPÁ;ÓLEO DIESEL MARÍTIMO;250
2021;DEZ;REGIÃO NORTE;AMAPÁ;ÓLEO DIESEL MARÍTIMO;226
2021;JAN;REGIÃO NORTE;TOCANTINS;ÓLEO DIESEL MARÍTIMO;0
2021;FEV;REGIÃO NORTE;TOCANTINS;ÓLEO DIESEL MARÍTIMO;0
2021;MAR;REGIÃO NORTE;TOCANTINS;ÓLEO DIESEL MARÍTIMO;0
2021;ABR;REGIÃO NORTE;TOCANTINS;ÓLEO DIESEL MARÍTIMO;0
2021;MAI;REGIÃO NORTE;TOCANTINS;ÓLEO DIESEL MARÍTIMO;0
2021;JUN;REGIÃO NORTE;TOCANTINS;ÓLEO DIESEL MARÍTIMO;0
2021;JUL;REGIÃO NORTE;TOCANTINS;ÓLEO DIESEL MARÍTIMO;0
2021;AGO;REGIÃO NORTE;TOCANTINS;ÓLEO DIESEL MARÍTIMO;0
2021;SET;REGIÃO NORTE;TOCANTINS;ÓLEO DIESEL MARÍTIMO;0
2021;OUT;REGIÃO NORTE;TOCANTINS;ÓLEO DIESEL MARÍTIMO;0
2021;NOV;REGIÃO NORTE;TOCANTINS;ÓLEO DIESEL MARÍTIMO;15
2021;DEZ;REGIÃO NORTE;TOCANTINS;ÓLEO DIESEL MARÍTIMO;0
2021;JAN;REGIÃO NORDESTE;MARANHÃO;ÓLEO DIESEL MARÍTIMO;685
2021;FEV;REGIÃO NORDESTE;MARANHÃO;ÓLEO DIESEL MARÍTIMO;650
2021;MAR;REGIÃO NORDESTE;MARANHÃO;ÓLEO DIESEL MARÍTIMO;495
2021;ABR;REGIÃO NORDESTE;MARANHÃO;ÓLEO DIESEL MARÍTIMO;820
2021;MAI;REGIÃO NORDESTE;MARANHÃO;ÓLEO DIESEL MARÍTIMO;650
2021;JUN;REGIÃO NORDESTE;MARANHÃO;ÓLEO DIESEL MARÍTIMO;965
2021;JUL;REGIÃO NORDESTE;MARANHÃO;ÓLEO DIESEL MARÍTIMO;965
2021;AGO;REGIÃO NORDESTE;MARANHÃO;ÓLEO DIESEL MARÍTIMO;875
2021;SET;REGIÃO NORDESTE;MARANHÃO;ÓLEO DIESEL MARÍTIMO;880
2021;OUT;REGIÃO NORDESTE;MARANHÃO;ÓLEO DIESEL MARÍTIMO;1155
2021;NOV;REGIÃO NORDESTE;MARANHÃO;ÓLEO DIESEL MARÍTIMO;945
2021;DEZ;REGIÃO NORDESTE;MARANHÃO;ÓLEO DIESEL MARÍTIMO;610
2021;JAN;REGIÃO NORDESTE;PIAUÍ;ÓLEO DIESEL MARÍTIMO;0
2021;FEV;REGIÃO NORDESTE;PIAUÍ;ÓLEO DIESEL MARÍTIMO;130
2021;MAR;REGIÃO NORDESTE;PIAUÍ;ÓLEO DIESEL MARÍTIMO;125
2021;ABR;REGIÃO NORDESTE;PIAUÍ;ÓLEO DIESEL MARÍTIMO;205
2021;MAI;REGIÃO NORDESTE;PIAUÍ;ÓLEO DIESEL MARÍTIMO;190
2021;JUN;REGIÃO NORDESTE;PIAUÍ;ÓLEO DIESEL MARÍTIMO;140
2021;JUL;REGIÃO NORDESTE;PIAUÍ;ÓLEO DIESEL MARÍTIMO;200
2021;AGO;REGIÃO NORDESTE;PIAUÍ;ÓLEO DIESEL MARÍTIMO;200
2021;SET;REGIÃO NORDESTE;PIAUÍ;ÓLEO DIESEL MARÍTIMO;165
2021;OUT;REGIÃO NORDESTE;PIAUÍ;ÓLEO DIESEL MARÍTIMO;145
2021;NOV;REGIÃO NORDESTE;PIAUÍ;ÓLEO DIESEL MARÍTIMO;125
2021;DEZ;REGIÃO NORDESTE;PIAUÍ;ÓLEO DIESEL MARÍTIMO;190
2021;JAN;REGIÃO NORDESTE;CEARÁ;ÓLEO DIESEL MARÍTIMO;778
2021;FEV;REGIÃO NORDESTE;CEARÁ;ÓLEO DIESEL MARÍTIMO;829
2021;MAR;REGIÃO NORDESTE;CEARÁ;ÓLEO DIESEL MARÍTIMO;1011
2021;ABR;REGIÃO NORDESTE;CEARÁ;ÓLEO DIESEL MARÍTIMO;1254
2021;MAI;REGIÃO NORDESTE;CEARÁ;ÓLEO DIESEL MARÍTIMO;1061
2021;JUN;REGIÃO NORDESTE;CEARÁ;ÓLEO DIESEL MARÍTIMO;1251
2021;JUL;REGIÃO NORDESTE;CEARÁ;ÓLEO DIESEL MARÍTIMO;1059
2021;AGO;REGIÃO NORDESTE;CEARÁ;ÓLEO DIESEL MARÍTIMO;1214
2021;SET;REGIÃO NORDESTE;CEARÁ;ÓLEO DIESEL MARÍTIMO;1276
2021;OUT;REGIÃO NORDESTE;CEARÁ;ÓLEO DIESEL MARÍTIMO;1226
2021;NOV;REGIÃO NORDESTE;CEARÁ;ÓLEO DIESEL MARÍTIMO;1031
2021;DEZ;REGIÃO NORDESTE;CEARÁ;ÓLEO DIESEL MARÍTIMO;1701
2021;JAN;REGIÃO NORDESTE;RIO GRANDE DO NORTE;ÓLEO DIESEL MARÍTIMO;655
2021;FEV;REGIÃO NORDESTE;RIO GRANDE DO NORTE;ÓLEO DIESEL MARÍTIMO;515
2021;MAR;REGIÃO NORDESTE;RIO GRANDE DO NORTE;ÓLEO DIESEL MARÍTIMO;630
2021;ABR;REGIÃO NORDESTE;RIO GRANDE DO NORTE;ÓLEO DIESEL MARÍTIMO;700
2021;MAI;REGIÃO NORDESTE;RIO GRANDE DO NORTE;ÓLEO DIESEL MARÍTIMO;515
2021;JUN;REGIÃO NORDESTE;RIO GRANDE DO NORTE;ÓLEO DIESEL MARÍTIMO;670
2021;JUL;REGIÃO NORDESTE;RIO GRANDE DO NORTE;ÓLEO DIESEL MARÍTIMO;620
2021;AGO;REGIÃO NORDESTE;RIO GRANDE DO NORTE;ÓLEO DIESEL MARÍTIMO;760
2021;SET;REGIÃO NORDESTE;RIO GRANDE DO NORTE;ÓLEO DIESEL MARÍTIMO;900
2021;OUT;REGIÃO NORDESTE;RIO GRANDE DO NORTE;ÓLEO DIESEL MARÍTIMO;890
2021;NOV;REGIÃO NORDESTE;RIO GRANDE DO NORTE;ÓLEO DIESEL MARÍTIMO;615
2021;DEZ;REGIÃO NORDESTE;RIO GRANDE DO NORTE;ÓLEO DIESEL MARÍTIMO;945
2021;JAN;REGIÃO NORDESTE;PARAÍBA;ÓLEO DIESEL MARÍTIMO;0
2021;FEV;REGIÃO NORDESTE;PARAÍBA;ÓLEO DIESEL MARÍTIMO;30
2021;MAR;REGIÃO NORDESTE;PARAÍBA;ÓLEO DIESEL MARÍTIMO;15
2021;ABR;REGIÃO NORDESTE;PARAÍBA;ÓLEO DIESEL MARÍTIMO;0
2021;MAI;REGIÃO NORDESTE;PARAÍBA;ÓLEO DIESEL MARÍTIMO;0
2021;JUN;REGIÃO NORDESTE;PARAÍBA;ÓLEO DIESEL MARÍTIMO;0
2021;JUL;REGIÃO NORDESTE;PARAÍBA;ÓLEO DIESEL MARÍTIMO;0
2021;AGO;REGIÃO NORDESTE;PARAÍBA;ÓLEO DIESEL MARÍTIMO;0
2021;SET;REGIÃO NORDESTE;PARAÍBA;ÓLEO DIESEL MARÍTIMO;0
2021;OUT;REGIÃO NORDESTE;PARAÍBA;ÓLEO DIESEL MARÍTIMO;0
2021;NOV;REGIÃO NORDESTE;PARAÍBA;ÓLEO DIESEL MARÍTIMO;0
2021;DEZ;REGIÃO NORDESTE;PARAÍBA;ÓLEO DIESEL MARÍTIMO;17
2021;JAN;REGIÃO NORDESTE;PERNAMBUCO;ÓLEO DIESEL MARÍTIMO;615
2021;FEV;REGIÃO NORDESTE;PERNAMBUCO;ÓLEO DIESEL MARÍTIMO;55
2021;MAR;REGIÃO NORDESTE;PERNAMBUCO;ÓLEO DIESEL MARÍTIMO;241
2021;ABR;REGIÃO NORDESTE;PERNAMBUCO;ÓLEO DIESEL MARÍTIMO;130
2021;MAI;REGIÃO NORDESTE;PERNAMBUCO;ÓLEO DIESEL MARÍTIMO;195
2021;JUN;REGIÃO NORDESTE;PERNAMBUCO;ÓLEO DIESEL MARÍTIMO;327
2021;JUL;REGIÃO NORDESTE;PERNAMBUCO;ÓLEO DIESEL MARÍTIMO;25,89
2021;AGO;REGIÃO NORDESTE;PERNAMBUCO;ÓLEO DIESEL MARÍTIMO;332
2021;SET;REGIÃO NORDESTE;PERNAMBUCO;ÓLEO DIESEL MARÍTIMO;181
2021;OUT;REGIÃO NORDESTE;PERNAMBUCO;ÓLEO DIESEL MARÍTIMO;434
2021;NOV;REGIÃO NORDESTE;PERNAMBUCO;ÓLEO DIESEL MARÍTIMO;130
2021;DEZ;REGIÃO NORDESTE;PERNAMBUCO;ÓLEO DIESEL MARÍTIMO;303
2021;JAN;REGIÃO NORDESTE;ALAGOAS;ÓLEO DIESEL MARÍTIMO;1020
2021;FEV;REGIÃO NORDESTE;ALAGOAS;ÓLEO DIESEL MARÍTIMO;188
2021;MAR;REGIÃO NORDESTE;ALAGOAS;ÓLEO DIESEL MARÍTIMO;755
2021;ABR;REGIÃO NORDESTE;ALAGOAS;ÓLEO DIESEL MARÍTIMO;765
2021;MAI;REGIÃO NORDESTE;ALAGOAS;ÓLEO DIESEL MARÍTIMO;310
2021;JUN;REGIÃO NORDESTE;ALAGOAS;ÓLEO DIESEL MARÍTIMO;1480,706
2021;JUL;REGIÃO NORDESTE;ALAGOAS;ÓLEO DIESEL MARÍTIMO;300,627
2021;AGO;REGIÃO NORDESTE;ALAGOAS;ÓLEO DIESEL MARÍTIMO;489,865
2021;SET;REGIÃO NORDESTE;ALAGOAS;ÓLEO DIESEL MARÍTIMO;824,003
2021;OUT;REGIÃO NORDESTE;ALAGOAS;ÓLEO DIESEL MARÍTIMO;724,882
2021;NOV;REGIÃO NORDESTE;ALAGOAS;ÓLEO DIESEL MARÍTIMO;649,921
2021;DEZ;REGIÃO NORDESTE;ALAGOAS;ÓLEO DIESEL MARÍTIMO;679,938
2021;JAN;REGIÃO NORDESTE;SERGIPE;ÓLEO DIESEL MARÍTIMO;55
2021;FEV;REGIÃO NORDESTE;SERGIPE;ÓLEO DIESEL MARÍTIMO;80
2021;MAR;REGIÃO NORDESTE;SERGIPE;ÓLEO DIESEL MARÍTIMO;70
2021;ABR;REGIÃO NORDESTE;SERGIPE;ÓLEO DIESEL MARÍTIMO;55
2021;MAI;REGIÃO NORDESTE;SERGIPE;ÓLEO DIESEL MARÍTIMO;115
2021;JUN;REGIÃO NORDESTE;SERGIPE;ÓLEO DIESEL MARÍTIMO;283
2021;JUL;REGIÃO NORDESTE;SERGIPE;ÓLEO DIESEL MARÍTIMO;145
2021;AGO;REGIÃO NORDESTE;SERGIPE;ÓLEO DIESEL MARÍTIMO;120
2021;SET;REGIÃO NORDESTE;SERGIPE;ÓLEO DIESEL MARÍTIMO;130
2021;OUT;REGIÃO NORDESTE;SERGIPE;ÓLEO DIESEL MARÍTIMO;133
2021;NOV;REGIÃO NORDESTE;SERGIPE;ÓLEO DIESEL MARÍTIMO;175
2021;DEZ;REGIÃO NORDESTE;SERGIPE;ÓLEO DIESEL MARÍTIMO;75
2021;JAN;REGIÃO NORDESTE;BAHIA;ÓLEO DIESEL MARÍTIMO;1268
2021;FEV;REGIÃO NORDESTE;BAHIA;ÓLEO DIESEL MARÍTIMO;675
2021;MAR;REGIÃO NORDESTE;BAHIA;ÓLEO DIESEL MARÍTIMO;610
2021;ABR;REGIÃO NORDESTE;BAHIA;ÓLEO DIESEL MARÍTIMO;595
2021;MAI;REGIÃO NORDESTE;BAHIA;ÓLEO DIESEL MARÍTIMO;573
2021;JUN;REGIÃO NORDESTE;BAHIA;ÓLEO DIESEL MARÍTIMO;690
2021;JUL;REGIÃO NORDESTE;BAHIA;ÓLEO DIESEL MARÍTIMO;750
2021;AGO;REGIÃO NORDESTE;BAHIA;ÓLEO DIESEL MARÍTIMO;787
2021;SET;REGIÃO NORDESTE;BAHIA;ÓLEO DIESEL MARÍTIMO;1233,5
2021;OUT;REGIÃO NORDESTE;BAHIA;ÓLEO DIESEL MARÍTIMO;1257
2021;NOV;REGIÃO NORDESTE;BAHIA;ÓLEO DIESEL MARÍTIMO;1065
2021;DEZ;REGIÃO NORDESTE;BAHIA;ÓLEO DIESEL MARÍTIMO;1176
2021;JAN;REGIÃO SUDESTE;MINAS GERAIS;ÓLEO DIESEL MARÍTIMO;0
2021;FEV;REGIÃO SUDESTE;MINAS GERAIS;ÓLEO DIESEL MARÍTIMO;0
2021;MAR;REGIÃO SUDESTE;MINAS GERAIS;ÓLEO DIESEL MARÍTIMO;0
2021;ABR;REGIÃO SUDESTE;MINAS GERAIS;ÓLEO DIESEL MARÍTIMO;0
2021;MAI;REGIÃO SUDESTE;MINAS GERAIS;ÓLEO DIESEL MARÍTIMO;0
2021;JUN;REGIÃO SUDESTE;MINAS GERAIS;ÓLEO DIESEL MARÍTIMO;0
2021;JUL;REGIÃO SUDESTE;MINAS GERAIS;ÓLEO DIESEL MARÍTIMO;0
2021;AGO;REGIÃO SUDESTE;MINAS GERAIS;ÓLEO DIESEL MARÍTIMO;0
2021;SET;REGIÃO SUDESTE;MINAS GERAIS;ÓLEO DIESEL MARÍTIMO;0
2021;OUT;REGIÃO SUDESTE;MINAS GERAIS;ÓLEO DIESEL MARÍTIMO;0
2021;NOV;REGIÃO SUDESTE;MINAS GERAIS;ÓLEO DIESEL MARÍTIMO;0
2021;DEZ;REGIÃO SUDESTE;MINAS GERAIS;ÓLEO DIESEL MARÍTIMO;0
2021;JAN;REGIÃO SUDESTE;ESPÍRITO SANTO;ÓLEO DIESEL MARÍTIMO;3601
2021;FEV;REGIÃO SUDESTE;ESPÍRITO SANTO;ÓLEO DIESEL MARÍTIMO;3053
2021;MAR;REGIÃO SUDESTE;ESPÍRITO SANTO;ÓLEO DIESEL MARÍTIMO;3090
2021;ABR;REGIÃO SUDESTE;ESPÍRITO SANTO;ÓLEO DIESEL MARÍTIMO;2866
2021;MAI;REGIÃO SUDESTE;ESPÍRITO SANTO;ÓLEO DIESEL MARÍTIMO;4408
2021;JUN;REGIÃO SUDESTE;ESPÍRITO SANTO;ÓLEO DIESEL MARÍTIMO;3761
2021;JUL;REGIÃO SUDESTE;ESPÍRITO SANTO;ÓLEO DIESEL MARÍTIMO;2867,877
2021;AGO;REGIÃO SUDESTE;ESPÍRITO SANTO;ÓLEO DIESEL MARÍTIMO;3507
2021;SET;REGIÃO SUDESTE;ESPÍRITO SANTO;ÓLEO DIESEL MARÍTIMO;3771
2021;OUT;REGIÃO SUDESTE;ESPÍRITO SANTO;ÓLEO DIESEL MARÍTIMO;4435,5
2021;NOV;REGIÃO SUDESTE;ESPÍRITO SANTO;ÓLEO DIESEL MARÍTIMO;1983
2021;DEZ;REGIÃO SUDESTE;ESPÍRITO SANTO;ÓLEO DIESEL MARÍTIMO;1655
2021;JAN;REGIÃO SUDESTE;RIO DE JANEIRO;ÓLEO DIESEL MARÍTIMO;23657,861
2021;FEV;REGIÃO SUDESTE;RIO DE JANEIRO;ÓLEO DIESEL MARÍTIMO;18725,302
2021;MAR;REGIÃO SUDESTE;RIO DE JANEIRO;ÓLEO DIESEL MARÍTIMO;23705,015
2021;ABR;REGIÃO SUDESTE;RIO DE JANEIRO;ÓLEO DIESEL MARÍTIMO;26326,125
2021;MAI;REGIÃO SUDESTE;RIO DE JANEIRO;ÓLEO DIESEL MARÍTIMO;26903,222
2021;JUN;REGIÃO SUDESTE;RIO DE JANEIRO;ÓLEO DIESEL MARÍTIMO;23961,111
2021;JUL;REGIÃO SUDESTE;RIO DE JANEIRO;ÓLEO DIESEL MARÍTIMO;29787,732
2021;AGO;REGIÃO SUDESTE;RIO DE JANEIRO;ÓLEO DIESEL MARÍTIMO;29358,927
2021;SET;REGIÃO SUDESTE;RIO DE JANEIRO;ÓLEO DIESEL MARÍTIMO;26849,377
2021;OUT;REGIÃO SUDESTE;RIO DE JANEIRO;ÓLEO DIESEL MARÍTIMO;24252,256
2021;NOV;REGIÃO SUDESTE;RIO DE JANEIRO;ÓLEO DIESEL MARÍTIMO;32197,86
2021;DEZ;REGIÃO SUDESTE;RIO DE JANEIRO;ÓLEO DIESEL MARÍTIMO;26972,063
2021;JAN;REGIÃO SUDESTE;SÃO PAULO;ÓLEO DIESEL MARÍTIMO;2673,88
2021;FEV;REGIÃO SUDESTE;SÃO PAULO;ÓLEO DIESEL MARÍTIMO;2001
2021;MAR;REGIÃO SUDESTE;SÃO PAULO;ÓLEO DIESEL MARÍTIMO;2440
2021;ABR;REGIÃO SUDESTE;SÃO PAULO;ÓLEO DIESEL MARÍTIMO;2067
2021;MAI;REGIÃO SUDESTE;SÃO PAULO;ÓLEO DIESEL MARÍTIMO;2029
2021;JUN;REGIÃO SUDESTE;SÃO PAULO;ÓLEO DIESEL MARÍTIMO;2462
2021;JUL;REGIÃO SUDESTE;SÃO PAULO;ÓLEO DIESEL MARÍTIMO;2973
2021;AGO;REGIÃO SUDESTE;SÃO PAULO;ÓLEO DIESEL MARÍTIMO;2112
2021;SET;REGIÃO SUDESTE;SÃO PAULO;ÓLEO DIESEL MARÍTIMO;2378,5
2021;OUT;REGIÃO SUDESTE;SÃO PAULO;ÓLEO DIESEL MARÍTIMO;2586,5
2021;NOV;REGIÃO SUDESTE;SÃO PAULO;ÓLEO DIESEL MARÍTIMO;2122
2021;DEZ;REGIÃO SUDESTE;SÃO PAULO;ÓLEO DIESEL MARÍTIMO;2744,944
2021;JAN;REGIÃO SUL;PARANÁ;ÓLEO DIESEL MARÍTIMO;965,23
2021;FEV;REGIÃO SUL;PARANÁ;ÓLEO DIESEL MARÍTIMO;626,087
2021;MAR;REGIÃO SUL;PARANÁ;ÓLEO DIESEL MARÍTIMO;421
2021;ABR;REGIÃO SUL;PARANÁ;ÓLEO DIESEL MARÍTIMO;447
2021;MAI;REGIÃO SUL;PARANÁ;ÓLEO DIESEL MARÍTIMO;761
2021;JUN;REGIÃO SUL;PARANÁ;ÓLEO DIESEL MARÍTIMO;797,012
2021;JUL;REGIÃO SUL;PARANÁ;ÓLEO DIESEL MARÍTIMO;841
2021;AGO;REGIÃO SUL;PARANÁ;ÓLEO DIESEL MARÍTIMO;547
2021;SET;REGIÃO SUL;PARANÁ;ÓLEO DIESEL MARÍTIMO;737
2021;OUT;REGIÃO SUL;PARANÁ;ÓLEO DIESEL MARÍTIMO;827,5
2021;NOV;REGIÃO SUL;PARANÁ;ÓLEO DIESEL MARÍTIMO;1104,7
2021;DEZ;REGIÃO SUL;PARANÁ;ÓLEO DIESEL MARÍTIMO;1294,5
2021;JAN;REGIÃO SUL;SANTA CATARINA;ÓLEO DIESEL MARÍTIMO;5315,294
2021;FEV;REGIÃO SUL;SANTA CATARINA;ÓLEO DIESEL MARÍTIMO;5339,382
2021;MAR;REGIÃO SUL;SANTA CATARINA;ÓLEO DIESEL MARÍTIMO;5801,102
2021;ABR;REGIÃO SUL;SANTA CATARINA;ÓLEO DIESEL MARÍTIMO;4705,525
2021;MAI;REGIÃO SUL;SANTA CATARINA;ÓLEO DIESEL MARÍTIMO;5110,2
2021;JUN;REGIÃO SUL;SANTA CATARINA;ÓLEO DIESEL MARÍTIMO;6636,54
2021;JUL;REGIÃO SUL;SANTA CATARINA;ÓLEO DIESEL MARÍTIMO;7223,773
2021;AGO;REGIÃO SUL;SANTA CATARINA;ÓLEO DIESEL MARÍTIMO;6214,63
2021;SET;REGIÃO SUL;SANTA CATARINA;ÓLEO DIESEL MARÍTIMO;5686,23
2021;OUT;REGIÃO SUL;SANTA CATARINA;ÓLEO DIESEL MARÍTIMO;6116,104
2021;NOV;REGIÃO SUL;SANTA CATARINA;ÓLEO DIESEL MARÍTIMO;5333,378
2021;DEZ;REGIÃO SUL;SANTA CATARINA;ÓLEO DIESEL MARÍTIMO;6407,588
2021;JAN;REGIÃO SUL;RIO GRANDE DO SUL;ÓLEO DIESEL MARÍTIMO;2394
2021;FEV;REGIÃO SUL;RIO GRANDE DO SUL;ÓLEO DIESEL MARÍTIMO;1311
2021;MAR;REGIÃO SUL;RIO GRANDE DO SUL;ÓLEO DIESEL MARÍTIMO;2297
2021;ABR;REGIÃO SUL;RIO GRANDE DO SUL;ÓLEO DIESEL MARÍTIMO;2218
2021;MAI;REGIÃO SUL;RIO GRANDE DO SUL;ÓLEO DIESEL MARÍTIMO;1836
2021;JUN;REGIÃO SUL;RIO GRANDE DO SUL;ÓLEO DIESEL MARÍTIMO;1905
2021;JUL;REGIÃO SUL;RIO GRANDE DO SUL;ÓLEO DIESEL MARÍTIMO;2031
2021;AGO;REGIÃO SUL;RIO GRANDE DO SUL;ÓLEO DIESEL MARÍTIMO;2197
2021;SET;REGIÃO SUL;RIO GRANDE DO SUL;ÓLEO DIESEL MARÍTIMO;2062
2021;OUT;REGIÃO SUL;RIO GRANDE DO SUL;ÓLEO DIESEL MARÍTIMO;2304
2021;NOV;REGIÃO SUL;RIO GRANDE DO SUL;ÓLEO DIESEL MARÍTIMO;2315
2021;DEZ;REGIÃO SUL;RIO GRANDE DO SUL;ÓLEO DIESEL MARÍTIMO;1681
2021;JAN;REGIÃO CENTRO-OESTE;MATO GROSSO DO SUL;ÓLEO DIESEL MARÍTIMO;51
2021;FEV;REGIÃO CENTRO-OESTE;MATO GROSSO DO SUL;ÓLEO DIESEL MARÍTIMO;285
2021;MAR;REGIÃO CENTRO-OESTE;MATO GROSSO DO SUL;ÓLEO DIESEL MARÍTIMO;172
2021;ABR;REGIÃO CENTRO-OESTE;MATO GROSSO DO SUL;ÓLEO DIESEL MARÍTIMO;154
2021;MAI;REGIÃO CENTRO-OESTE;MATO GROSSO DO SUL;ÓLEO DIESEL MARÍTIMO;277
2021;JUN;REGIÃO CENTRO-OESTE;MATO GROSSO DO SUL;ÓLEO DIESEL MARÍTIMO;282
2021;JUL;REGIÃO CENTRO-OESTE;MATO GROSSO DO SUL;ÓLEO DIESEL MARÍTIMO;236
2021;AGO;REGIÃO CENTRO-OESTE;MATO GROSSO DO SUL;ÓLEO DIESEL MARÍTIMO;215
2021;SET;REGIÃO CENTRO-OESTE;MATO GROSSO DO SUL;ÓLEO DIESEL MARÍTIMO;178
2021;OUT;REGIÃO CENTRO-OESTE;MATO GROSSO DO SUL;ÓLEO DIESEL MARÍTIMO;122
2021;NOV;REGIÃO CENTRO-OESTE;MATO GROSSO DO SUL;ÓLEO DIESEL MARÍTIMO;63
2021;DEZ;REGIÃO CENTRO-OESTE;MATO GROSSO DO SUL;ÓLEO DIESEL MARÍTIMO;174
2021;JAN;REGIÃO CENTRO-OESTE;MATO GROSSO;ÓLEO DIESEL MARÍTIMO;0
2021;FEV;REGIÃO CENTRO-OESTE;MATO GROSSO;ÓLEO DIESEL MARÍTIMO;0
2021;MAR;REGIÃO CENTRO-OESTE;MATO GROSSO;ÓLEO DIESEL MARÍTIMO;0
2021;ABR;REGIÃO CENTRO-OESTE;MATO GROSSO;ÓLEO DIESEL MARÍTIMO;0
2021;MAI;REGIÃO CENTRO-OESTE;MATO GROSSO;ÓLEO DIESEL MARÍTIMO;0
2021;JUN;REGIÃO CENTRO-OESTE;MATO GROSSO;ÓLEO DIESEL MARÍTIMO;0
2021;JUL;REGIÃO CENTRO-OESTE;MATO GROSSO;ÓLEO DIESEL MARÍTIMO;0
2021;AGO;REGIÃO CENTRO-OESTE;MATO GROSSO;ÓLEO DIESEL MARÍTIMO;0
2021;SET;REGIÃO CENTRO-OESTE;MATO GROSSO;ÓLEO DIESEL MARÍTIMO;0
2021;OUT;REGIÃO CENTRO-OESTE;MATO GROSSO;ÓLEO DIESEL MARÍTIMO;0
2021;NOV;REGIÃO CENTRO-OESTE;MATO GROSSO;ÓLEO DIESEL MARÍTIMO;0
2021;DEZ;REGIÃO CENTRO-OESTE;MATO GROSSO;ÓLEO DIESEL MARÍTIMO;0
2021;JAN;REGIÃO CENTRO-OESTE;GOIÁS;ÓLEO DIESEL MARÍTIMO;0
2021;FEV;REGIÃO CENTRO-OESTE;GOIÁS;ÓLEO DIESEL MARÍTIMO;0
2021;MAR;REGIÃO CENTRO-OESTE;GOIÁS;ÓLEO DIESEL MARÍTIMO;0
2021;ABR;REGIÃO CENTRO-OESTE;GOIÁS;ÓLEO DIESEL MARÍTIMO;0
2021;MAI;REGIÃO CENTRO-OESTE;GOIÁS;ÓLEO DIESEL MARÍTIMO;0
2021;JUN;REGIÃO CENTRO-OESTE;GOIÁS;ÓLEO DIESEL MARÍTIMO;0
2021;JUL;REGIÃO CENTRO-OESTE;GOIÁS;ÓLEO DIESEL MARÍTIMO;0
2021;AGO;REGIÃO CENTRO-OESTE;GOIÁS;ÓLEO DIESEL MARÍTIMO;0
2021;SET;REGIÃO CENTRO-OESTE;GOIÁS;ÓLEO DIESEL MARÍTIMO;0
2021;OUT;REGIÃO CENTRO-OESTE;GOIÁS;ÓLEO DIESEL MARÍTIMO;0
2021;NOV;REGIÃO CENTRO-OESTE;GOIÁS;ÓLEO DIESEL MARÍTIMO;0
2021;DEZ;REGIÃO CENTRO-OESTE;GOIÁS;ÓLEO DIESEL MARÍTIMO;0
2021;JAN;REGIÃO CENTRO-OESTE;DISTRITO FEDERAL;ÓLEO DIESEL MARÍTIMO;0
2021;FEV;REGIÃO CENTRO-OESTE;DISTRITO FEDERAL;ÓLEO DIESEL MARÍTIMO;0
2021;MAR;REGIÃO CENTRO-OESTE;DISTRITO FEDERAL;ÓLEO DIESEL MARÍTIMO;0
2021;ABR;REGIÃO CENTRO-OESTE;DISTRITO FEDERAL;ÓLEO DIESEL MARÍTIMO;0
2021;MAI;REGIÃO CENTRO-OESTE;DISTRITO FEDERAL;ÓLEO DIESEL MARÍTIMO;0
2021;JUN;REGIÃO CENTRO-OESTE;DISTRITO FEDERAL;ÓLEO DIESEL MARÍTIMO;0
2021;JUL;REGIÃO CENTRO-OESTE;DISTRITO FEDERAL;ÓLEO DIESEL MARÍTIMO;0
2021;AGO;REGIÃO CENTRO-OESTE;DISTRITO FEDERAL;ÓLEO DIESEL MARÍTIMO;0
2021;SET;REGIÃO CENTRO-OESTE;DISTRITO FEDERAL;ÓLEO DIESEL MARÍTIMO;0
2021;OUT;REGIÃO CENTRO-OESTE;DISTRITO FEDERAL;ÓLEO DIESEL MARÍTIMO;0
2021;NOV;REGIÃO CENTRO-OESTE;DISTRITO FEDERAL;ÓLEO DIESEL MARÍTIMO;0
2021;DEZ;REGIÃO CENTRO-OESTE;DISTRITO FEDERAL;ÓLEO DIESEL MARÍTIMO;0
2021;JAN;REGIÃO NORTE;RONDÔNIA;ÓLEO DIESEL (OUTROS );0
2021;FEV;REGIÃO NORTE;RONDÔNIA;ÓLEO DIESEL (OUTROS );0
2021;MAR;REGIÃO NORTE;RONDÔNIA;ÓLEO DIESEL (OUTROS );0
2021;ABR;REGIÃO NORTE;RONDÔNIA;ÓLEO DIESEL (OUTROS );0
2021;MAI;REGIÃO NORTE;RONDÔNIA;ÓLEO DIESEL (OUTROS );0
2021;JUN;REGIÃO NORTE;RONDÔNIA;ÓLEO DIESEL (OUTROS );0
2021;JUL;REGIÃO NORTE;RONDÔNIA;ÓLEO DIESEL (OUTROS );0
2021;AGO;REGIÃO NORTE;RONDÔNIA;ÓLEO DIESEL (OUTROS );0
2021;SET;REGIÃO NORTE;RONDÔNIA;ÓLEO DIESEL (OUTROS );0
2021;OUT;REGIÃO NORTE;RONDÔNIA;ÓLEO DIESEL (OUTROS );0
2021;NOV;REGIÃO NORTE;RONDÔNIA;ÓLEO DIESEL (OUTROS );0
2021;DEZ;REGIÃO NORTE;RONDÔNIA;ÓLEO DIESEL (OUTROS );0
2021;JAN;REGIÃO NORTE;ACRE;ÓLEO DIESEL (OUTROS );0
2021;FEV;REGIÃO NORTE;ACRE;ÓLEO DIESEL (OUTROS );0
2021;MAR;REGIÃO NORTE;ACRE;ÓLEO DIESEL (OUTROS );0
2021;ABR;REGIÃO NORTE;ACRE;ÓLEO DIESEL (OUTROS );0
2021;MAI;REGIÃO NORTE;ACRE;ÓLEO DIESEL (OUTROS );0
2021;JUN;REGIÃO NORTE;ACRE;ÓLEO DIESEL (OUTROS );0
2021;JUL;REGIÃO NORTE;ACRE;ÓLEO DIESEL (OUTROS );0
2021;AGO;REGIÃO NORTE;ACRE;ÓLEO DIESEL (OUTROS );0
2021;SET;REGIÃO NORTE;ACRE;ÓLEO DIESEL (OUTROS );0
2021;OUT;REGIÃO NORTE;ACRE;ÓLEO DIESEL (OUTROS );0
2021;NOV;REGIÃO NORTE;ACRE;ÓLEO DIESEL (OUTROS );0
2021;DEZ;REGIÃO NORTE;ACRE;ÓLEO DIESEL (OUTROS );0
2021;JAN;REGIÃO NORTE;AMAZONAS;ÓLEO DIESEL (OUTROS );0
2021;FEV;REGIÃO NORTE;AMAZONAS;ÓLEO DIESEL (OUTROS );0
2021;MAR;REGIÃO NORTE;AMAZONAS;ÓLEO DIESEL (OUTROS );0
2021;ABR;REGIÃO NORTE;AMAZONAS;ÓLEO DIESEL (OUTROS );0
2021;MAI;REGIÃO NORTE;AMAZONAS;ÓLEO DIESEL (OUTROS );0
2021;JUN;REGIÃO NORTE;AMAZONAS;ÓLEO DIESEL (OUTROS );0
2021;JUL;REGIÃO NORTE;AMAZONAS;ÓLEO DIESEL (OUTROS );0
2021;AGO;REGIÃO NORTE;AMAZONAS;ÓLEO DIESEL (OUTROS );0
2021;SET;REGIÃO NORTE;AMAZONAS;ÓLEO DIESEL (OUTROS );0
2021;OUT;REGIÃO NORTE;AMAZONAS;ÓLEO DIESEL (OUTROS );0
2021;NOV;REGIÃO NORTE;AMAZONAS;ÓLEO DIESEL (OUTROS );0
2021;DEZ;REGIÃO NORTE;AMAZONAS;ÓLEO DIESEL (OUTROS );0
2021;JAN;REGIÃO NORTE;RORAIMA;ÓLEO DIESEL (OUTROS );0
2021;FEV;REGIÃO NORTE;RORAIMA;ÓLEO DIESEL (OUTROS );0
2021;MAR;REGIÃO NORTE;RORAIMA;ÓLEO DIESEL (OUTROS );0
2021;ABR;REGIÃO NORTE;RORAIMA;ÓLEO DIESEL (OUTROS );0
2021;MAI;REGIÃO NORTE;RORAIMA;ÓLEO DIESEL (OUTROS );0
2021;JUN;REGIÃO NORTE;RORAIMA;ÓLEO DIESEL (OUTROS );0
2021;JUL;REGIÃO NORTE;RORAIMA;ÓLEO DIESEL (OUTROS );0
2021;AGO;REGIÃO NORTE;RORAIMA;ÓLEO DIESEL (OUTROS );0
2021;SET;REGIÃO NORTE;RORAIMA;ÓLEO DIESEL (OUTROS );0
2021;OUT;REGIÃO NORTE;RORAIMA;ÓLEO DIESEL (OUTROS );0
2021;NOV;REGIÃO NORTE;RORAIMA;ÓLEO DIESEL (OUTROS );0
2021;DEZ;REGIÃO NORTE;RORAIMA;ÓLEO DIESEL (OUTROS );0
2021;JAN;REGIÃO NORTE;PARÁ;ÓLEO DIESEL (OUTROS );0
2021;FEV;REGIÃO NORTE;PARÁ;ÓLEO DIESEL (OUTROS );0
2021;MAR;REGIÃO NORTE;PARÁ;ÓLEO DIESEL (OUTROS );0
2021;ABR;REGIÃO NORTE;PARÁ;ÓLEO DIESEL (OUTROS );0
2021;MAI;REGIÃO NORTE;PARÁ;ÓLEO DIESEL (OUTROS );0
2021;JUN;REGIÃO NORTE;PARÁ;ÓLEO DIESEL (OUTROS );0
2021;JUL;REGIÃO NORTE;PARÁ;ÓLEO DIESEL (OUTROS );0
2021;AGO;REGIÃO NORTE;PARÁ;ÓLEO DIESEL (OUTROS );0
2021;SET;REGIÃO NORTE;PARÁ;ÓLEO DIESEL (OUTROS );0
2021;OUT;REGIÃO NORTE;PARÁ;ÓLEO DIESEL (OUTROS );0
2021;NOV;REGIÃO NORTE;PARÁ;ÓLEO DIESEL (OUTROS );0
2021;DEZ;REGIÃO NORTE;PARÁ;ÓLEO DIESEL (OUTROS );0
2021;JAN;REGIÃO NORTE;AMAPÁ;ÓLEO DIESEL (OUTROS );0
2021;FEV;REGIÃO NORTE;AMAPÁ;ÓLEO DIESEL (OUTROS );0
2021;MAR;REGIÃO NORTE;AMAPÁ;ÓLEO DIESEL (OUTROS );0
2021;ABR;REGIÃO NORTE;AMAPÁ;ÓLEO DIESEL (OUTROS );0
2021;MAI;REGIÃO NORTE;AMAPÁ;ÓLEO DIESEL (OUTROS );0
2021;JUN;REGIÃO NORTE;AMAPÁ;ÓLEO DIESEL (OUTROS );0
2021;JUL;REGIÃO NORTE;AMAPÁ;ÓLEO DIESEL (OUTROS );0
2021;AGO;REGIÃO NORTE;AMAPÁ;ÓLEO DIESEL (OUTROS );0
2021;SET;REGIÃO NORTE;AMAPÁ;ÓLEO DIESEL (OUTROS );0
2021;OUT;REGIÃO NORTE;AMAPÁ;ÓLEO DIESEL (OUTROS );0
2021;NOV;REGIÃO NORTE;AMAPÁ;ÓLEO DIESEL (OUTROS );0
2021;DEZ;REGIÃO NORTE;AMAPÁ;ÓLEO DIESEL (OUTROS );0
2021;JAN;REGIÃO NORTE;TOCANTINS;ÓLEO DIESEL (OUTROS );0
2021;FEV;REGIÃO NORTE;TOCANTINS;ÓLEO DIESEL (OUTROS );0
2021;MAR;REGIÃO NORTE;TOCANTINS;ÓLEO DIESEL (OUTROS );0
2021;ABR;REGIÃO NORTE;TOCANTINS;ÓLEO DIESEL (OUTROS );0
2021;MAI;REGIÃO NORTE;TOCANTINS;ÓLEO DIESEL (OUTROS );0
2021;JUN;REGIÃO NORTE;TOCANTINS;ÓLEO DIESEL (OUTROS );0
2021;JUL;REGIÃO NORTE;TOCANTINS;ÓLEO DIESEL (OUTROS );0
2021;AGO;REGIÃO NORTE;TOCANTINS;ÓLEO DIESEL (OUTROS );0
2021;SET;REGIÃO NORTE;TOCANTINS;ÓLEO DIESEL (OUTROS );0
2021;OUT;REGIÃO NORTE;TOCANTINS;ÓLEO DIESEL (OUTROS );0
2021;NOV;REGIÃO NORTE;TOCANTINS;ÓLEO DIESEL (OUTROS );0
2021;DEZ;REGIÃO NORTE;TOCANTINS;ÓLEO DIESEL (OUTROS );0
2021;JAN;REGIÃO NORDESTE;MARANHÃO;ÓLEO DIESEL (OUTROS );0
2021;FEV;REGIÃO NORDESTE;MARANHÃO;ÓLEO DIESEL (OUTROS );0
2021;MAR;REGIÃO NORDESTE;MARANHÃO;ÓLEO DIESEL (OUTROS );0
2021;ABR;REGIÃO NORDESTE;MARANHÃO;ÓLEO DIESEL (OUTROS );0
2021;MAI;REGIÃO NORDESTE;MARANHÃO;ÓLEO DIESEL (OUTROS );0
2021;JUN;REGIÃO NORDESTE;MARANHÃO;ÓLEO DIESEL (OUTROS );0
2021;JUL;REGIÃO NORDESTE;MARANHÃO;ÓLEO DIESEL (OUTROS );0
2021;AGO;REGIÃO NORDESTE;MARANHÃO;ÓLEO DIESEL (OUTROS );0
2021;SET;REGIÃO NORDESTE;MARANHÃO;ÓLEO DIESEL (OUTROS );0
2021;OUT;REGIÃO NORDESTE;MARANHÃO;ÓLEO DIESEL (OUTROS );0
2021;NOV;REGIÃO NORDESTE;MARANHÃO;ÓLEO DIESEL (OUTROS );0
2021;DEZ;REGIÃO NORDESTE;MARANHÃO;ÓLEO DIESEL (OUTROS );0
2021;JAN;REGIÃO NORDESTE;PIAUÍ;ÓLEO DIESEL (OUTROS );0
2021;FEV;REGIÃO NORDESTE;PIAUÍ;ÓLEO DIESEL (OUTROS );0
2021;MAR;REGIÃO NORDESTE;PIAUÍ;ÓLEO DIESEL (OUTROS );0
2021;ABR;REGIÃO NORDESTE;PIAUÍ;ÓLEO DIESEL (OUTROS );0
2021;MAI;REGIÃO NORDESTE;PIAUÍ;ÓLEO DIESEL (OUTROS );0
2021;JUN;REGIÃO NORDESTE;PIAUÍ;ÓLEO DIESEL (OUTROS );0
2021;JUL;REGIÃO NORDESTE;PIAUÍ;ÓLEO DIESEL (OUTROS );0
2021;AGO;REGIÃO NORDESTE;PIAUÍ;ÓLEO DIESEL (OUTROS );0
2021;SET;REGIÃO NORDESTE;PIAUÍ;ÓLEO DIESEL (OUTROS );0
2021;OUT;REGIÃO NORDESTE;PIAUÍ;ÓLEO DIESEL (OUTROS );0
2021;NOV;REGIÃO NORDESTE;PIAUÍ;ÓLEO DIESEL (OUTROS );0
2021;DEZ;REGIÃO NORDESTE;PIAUÍ;ÓLEO DIESEL (OUTROS );0
2021;JAN;REGIÃO NORDESTE;CEARÁ;ÓLEO DIESEL (OUTROS );0
2021;FEV;REGIÃO NORDESTE;CEARÁ;ÓLEO DIESEL (OUTROS );0
2021;MAR;REGIÃO NORDESTE;CEARÁ;ÓLEO DIESEL (OUTROS );0
2021;ABR;REGIÃO NORDESTE;CEARÁ;ÓLEO DIESEL (OUTROS );0
2021;MAI;REGIÃO NORDESTE;CEARÁ;ÓLEO DIESEL (OUTROS );0
2021;JUN;REGIÃO NORDESTE;CEARÁ;ÓLEO DIESEL (OUTROS );0
2021;JUL;REGIÃO NORDESTE;CEARÁ;ÓLEO DIESEL (OUTROS );0
2021;AGO;REGIÃO NORDESTE;CEARÁ;ÓLEO DIESEL (OUTROS );0
2021;SET;REGIÃO NORDESTE;CEARÁ;ÓLEO DIESEL (OUTROS );0
2021;OUT;REGIÃO NORDESTE;CEARÁ;ÓLEO DIESEL (OUTROS );0
2021;NOV;REGIÃO NORDESTE;CEARÁ;ÓLEO DIESEL (OUTROS );0
2021;DEZ;REGIÃO NORDESTE;CEARÁ;ÓLEO DIESEL (OUTROS );0
2021;JAN;REGIÃO NORDESTE;RIO GRANDE DO NORTE;ÓLEO DIESEL (OUTROS );0
2021;FEV;REGIÃO NORDESTE;RIO GRANDE DO NORTE;ÓLEO DIESEL (OUTROS );0
2021;MAR;REGIÃO NORDESTE;RIO GRANDE DO NORTE;ÓLEO DIESEL (OUTROS );0
2021;ABR;REGIÃO NORDESTE;RIO GRANDE DO NORTE;ÓLEO DIESEL (OUTROS );0
2021;MAI;REGIÃO NORDESTE;RIO GRANDE DO NORTE;ÓLEO DIESEL (OUTROS );0
2021;JUN;REGIÃO NORDESTE;RIO GRANDE DO NORTE;ÓLEO DIESEL (OUTROS );0
2021;JUL;REGIÃO NORDESTE;RIO GRANDE DO NORTE;ÓLEO DIESEL (OUTROS );0
2021;AGO;REGIÃO NORDESTE;RIO GRANDE DO NORTE;ÓLEO DIESEL (OUTROS );0
2021;SET;REGIÃO NORDESTE;RIO GRANDE DO NORTE;ÓLEO DIESEL (OUTROS );0
2021;OUT;REGIÃO NORDESTE;RIO GRANDE DO NORTE;ÓLEO DIESEL (OUTROS );0
2021;NOV;REGIÃO NORDESTE;RIO GRANDE DO NORTE;ÓLEO DIESEL (OUTROS );0
2021;DEZ;REGIÃO NORDESTE;RIO GRANDE DO NORTE;ÓLEO DIESEL (OUTROS );0
2021;JAN;REGIÃO NORDESTE;PARAÍBA;ÓLEO DIESEL (OUTROS );0
2021;FEV;REGIÃO NORDESTE;PARAÍBA;ÓLEO DIESEL (OUTROS );0
2021;MAR;REGIÃO NORDESTE;PARAÍBA;ÓLEO DIESEL (OUTROS );0
2021;ABR;REGIÃO NORDESTE;PARAÍBA;ÓLEO DIESEL (OUTROS );0
2021;MAI;REGIÃO NORDESTE;PARAÍBA;ÓLEO DIESEL (OUTROS );0
2021;JUN;REGIÃO NORDESTE;PARAÍBA;ÓLEO DIESEL (OUTROS );0
2021;JUL;REGIÃO NORDESTE;PARAÍBA;ÓLEO DIESEL (OUTROS );0
2021;AGO;REGIÃO NORDESTE;PARAÍBA;ÓLEO DIESEL (OUTROS );0
2021;SET;REGIÃO NORDESTE;PARAÍBA;ÓLEO DIESEL (OUTROS );0
2021;OUT;REGIÃO NORDESTE;PARAÍBA;ÓLEO DIESEL (OUTROS );0
2021;NOV;REGIÃO NORDESTE;PARAÍBA;ÓLEO DIESEL (OUTROS );0
2021;DEZ;REGIÃO NORDESTE;PARAÍBA;ÓLEO DIESEL (OUTROS );0
2021;JAN;REGIÃO NORDESTE;PERNAMBUCO;ÓLEO DIESEL (OUTROS );0
2021;FEV;REGIÃO NORDESTE;PERNAMBUCO;ÓLEO DIESEL (OUTROS );0
2021;MAR;REGIÃO NORDESTE;PERNAMBUCO;ÓLEO DIESEL (OUTROS );0
2021;ABR;REGIÃO NORDESTE;PERNAMBUCO;ÓLEO DIESEL (OUTROS );0
2021;MAI;REGIÃO NORDESTE;PERNAMBUCO;ÓLEO DIESEL (OUTROS );0
2021;JUN;REGIÃO NORDESTE;PERNAMBUCO;ÓLEO DIESEL (OUTROS );0
2021;JUL;REGIÃO NORDESTE;PERNAMBUCO;ÓLEO DIESEL (OUTROS );0
2021;AGO;REGIÃO NORDESTE;PERNAMBUCO;ÓLEO DIESEL (OUTROS );0
2021;SET;REGIÃO NORDESTE;PERNAMBUCO;ÓLEO DIESEL (OUTROS );0
2021;OUT;REGIÃO NORDESTE;PERNAMBUCO;ÓLEO DIESEL (OUTROS );0
2021;NOV;REGIÃO NORDESTE;PERNAMBUCO;ÓLEO DIESEL (OUTROS );0
2021;DEZ;REGIÃO NORDESTE;PERNAMBUCO;ÓLEO DIESEL (OUTROS );0
2021;JAN;REGIÃO NORDESTE;ALAGOAS;ÓLEO DIESEL (OUTROS );0
2021;FEV;REGIÃO NORDESTE;ALAGOAS;ÓLEO DIESEL (OUTROS );0
2021;MAR;REGIÃO NORDESTE;ALAGOAS;ÓLEO DIESEL (OUTROS );0
2021;ABR;REGIÃO NORDESTE;ALAGOAS;ÓLEO DIESEL (OUTROS );0
2021;MAI;REGIÃO NORDESTE;ALAGOAS;ÓLEO DIESEL (OUTROS );0
2021;JUN;REGIÃO NORDESTE;ALAGOAS;ÓLEO DIESEL (OUTROS );0
2021;JUL;REGIÃO NORDESTE;ALAGOAS;ÓLEO DIESEL (OUTROS );0
2021;AGO;REGIÃO NORDESTE;ALAGOAS;ÓLEO DIESEL (OUTROS );0
2021;SET;REGIÃO NORDESTE;ALAGOAS;ÓLEO DIESEL (OUTROS );0
2021;OUT;REGIÃO NORDESTE;ALAGOAS;ÓLEO DIESEL (OUTROS );0
2021;NOV;REGIÃO NORDESTE;ALAGOAS;ÓLEO DIESEL (OUTROS );0
2021;DEZ;REGIÃO NORDESTE;ALAGOAS;ÓLEO DIESEL (OUTROS );0
2021;JAN;REGIÃO NORDESTE;SERGIPE;ÓLEO DIESEL (OUTROS );0
2021;FEV;REGIÃO NORDESTE;SERGIPE;ÓLEO DIESEL (OUTROS );0
2021;MAR;REGIÃO NORDESTE;SERGIPE;ÓLEO DIESEL (OUTROS );0
2021;ABR;REGIÃO NORDESTE;SERGIPE;ÓLEO DIESEL (OUTROS );0
2021;MAI;REGIÃO NORDESTE;SERGIPE;ÓLEO DIESEL (OUTROS );0
2021;JUN;REGIÃO NORDESTE;SERGIPE;ÓLEO DIESEL (OUTROS );0
2021;JUL;REGIÃO NORDESTE;SERGIPE;ÓLEO DIESEL (OUTROS );0
2021;AGO;REGIÃO NORDESTE;SERGIPE;ÓLEO DIESEL (OUTROS );0
2021;SET;REGIÃO NORDESTE;SERGIPE;ÓLEO DIESEL (OUTROS );0
2021;OUT;REGIÃO NORDESTE;SERGIPE;ÓLEO DIESEL (OUTROS );0
2021;NOV;REGIÃO NORDESTE;SERGIPE;ÓLEO DIESEL (OUTROS );0
2021;DEZ;REGIÃO NORDESTE;SERGIPE;ÓLEO DIESEL (OUTROS );0
2021;JAN;REGIÃO NORDESTE;BAHIA;ÓLEO DIESEL (OUTROS );0
2021;FEV;REGIÃO NORDESTE;BAHIA;ÓLEO DIESEL (OUTROS );0
2021;MAR;REGIÃO NORDESTE;BAHIA;ÓLEO DIESEL (OUTROS );0
2021;ABR;REGIÃO NORDESTE;BAHIA;ÓLEO DIESEL (OUTROS );0
2021;MAI;REGIÃO NORDESTE;BAHIA;ÓLEO DIESEL (OUTROS );0
2021;JUN;REGIÃO NORDESTE;BAHIA;ÓLEO DIESEL (OUTROS );0
2021;JUL;REGIÃO NORDESTE;BAHIA;ÓLEO DIESEL (OUTROS );0
2021;AGO;REGIÃO NORDESTE;BAHIA;ÓLEO DIESEL (OUTROS );0
2021;SET;REGIÃO NORDESTE;BAHIA;ÓLEO DIESEL (OUTROS );0
2021;OUT;REGIÃO NORDESTE;BAHIA;ÓLEO DIESEL (OUTROS );0
2021;NOV;REGIÃO NORDESTE;BAHIA;ÓLEO DIESEL (OUTROS );0
2021;DEZ;REGIÃO NORDESTE;BAHIA;ÓLEO DIESEL (OUTROS );0
2021;JAN;REGIÃO SUDESTE;MINAS GERAIS;ÓLEO DIESEL (OUTROS );30
2021;FEV;REGIÃO SUDESTE;MINAS GERAIS;ÓLEO DIESEL (OUTROS );20
2021;MAR;REGIÃO SUDESTE;MINAS GERAIS;ÓLEO DIESEL (OUTROS );30
2021;ABR;REGIÃO SUDESTE;MINAS GERAIS;ÓLEO DIESEL (OUTROS );15
2021;MAI;REGIÃO SUDESTE;MINAS GERAIS;ÓLEO DIESEL (OUTROS );15
2021;JUN;REGIÃO SUDESTE;MINAS GERAIS;ÓLEO DIESEL (OUTROS );15
2021;JUL;REGIÃO SUDESTE;MINAS GERAIS;ÓLEO DIESEL (OUTROS );45
2021;AGO;REGIÃO SUDESTE;MINAS GERAIS;ÓLEO DIESEL (OUTROS );30
2021;SET;REGIÃO SUDESTE;MINAS GERAIS;ÓLEO DIESEL (OUTROS );35
2021;OUT;REGIÃO SUDESTE;MINAS GERAIS;ÓLEO DIESEL (OUTROS );30
2021;NOV;REGIÃO SUDESTE;MINAS GERAIS;ÓLEO DIESEL (OUTROS );30
2021;DEZ;REGIÃO SUDESTE;MINAS GERAIS;ÓLEO DIESEL (OUTROS );20
2021;JAN;REGIÃO SUDESTE;ESPÍRITO SANTO;ÓLEO DIESEL (OUTROS );35
2021;FEV;REGIÃO SUDESTE;ESPÍRITO SANTO;ÓLEO DIESEL (OUTROS );30
2021;MAR;REGIÃO SUDESTE;ESPÍRITO SANTO;ÓLEO DIESEL (OUTROS );25
2021;ABR;REGIÃO SUDESTE;ESPÍRITO SANTO;ÓLEO DIESEL (OUTROS );30
2021;MAI;REGIÃO SUDESTE;ESPÍRITO SANTO;ÓLEO DIESEL (OUTROS );30
2021;JUN;REGIÃO SUDESTE;ESPÍRITO SANTO;ÓLEO DIESEL (OUTROS );25
2021;JUL;REGIÃO SUDESTE;ESPÍRITO SANTO;ÓLEO DIESEL (OUTROS );40
2021;AGO;REGIÃO SUDESTE;ESPÍRITO SANTO;ÓLEO DIESEL (OUTROS );20
2021;SET;REGIÃO SUDESTE;ESPÍRITO SANTO;ÓLEO DIESEL (OUTROS );30
2021;OUT;REGIÃO SUDESTE;ESPÍRITO SANTO;ÓLEO DIESEL (OUTROS );40
2021;NOV;REGIÃO SUDESTE;ESPÍRITO SANTO;ÓLEO DIESEL (OUTROS );55
2021;DEZ;REGIÃO SUDESTE;ESPÍRITO SANTO;ÓLEO DIESEL (OUTROS );50
2021;JAN;REGIÃO SUDESTE;RIO DE JANEIRO;ÓLEO DIESEL (OUTROS );2173
2021;FEV;REGIÃO SUDESTE;RIO DE JANEIRO;ÓLEO DIESEL (OUTROS );1290
2021;MAR;REGIÃO SUDESTE;RIO DE JANEIRO;ÓLEO DIESEL (OUTROS );1068
2021;ABR;REGIÃO SUDESTE;RIO DE JANEIRO;ÓLEO DIESEL (OUTROS );750
2021;MAI;REGIÃO SUDESTE;RIO DE JANEIRO;ÓLEO DIESEL (OUTROS );615
2021;JUN;REGIÃO SUDESTE;RIO DE JANEIRO;ÓLEO DIESEL (OUTROS );705
2021;JUL;REGIÃO SUDESTE;RIO DE JANEIRO;ÓLEO DIESEL (OUTROS );805
2021;AGO;REGIÃO SUDESTE;RIO DE JANEIRO;ÓLEO DIESEL (OUTROS );590,4
2021;SET;REGIÃO SUDESTE;RIO DE JANEIRO;ÓLEO DIESEL (OUTROS );980
2021;OUT;REGIÃO SUDESTE;RIO DE JANEIRO;ÓLEO DIESEL (OUTROS );720
2021;NOV;REGIÃO SUDESTE;RIO DE JANEIRO;ÓLEO DIESEL (OUTROS );560
2021;DEZ;REGIÃO SUDESTE;RIO DE JANEIRO;ÓLEO DIESEL (OUTROS );1566
2021;JAN;REGIÃO SUDESTE;SÃO PAULO;ÓLEO DIESEL (OUTROS );919
2021;FEV;REGIÃO SUDESTE;SÃO PAULO;ÓLEO DIESEL (OUTROS );695
2021;MAR;REGIÃO SUDESTE;SÃO PAULO;ÓLEO DIESEL (OUTROS );555
2021;ABR;REGIÃO SUDESTE;SÃO PAULO;ÓLEO DIESEL (OUTROS );454,801
2021;MAI;REGIÃO SUDESTE;SÃO PAULO;ÓLEO DIESEL (OUTROS );472
2021;JUN;REGIÃO SUDESTE;SÃO PAULO;ÓLEO DIESEL (OUTROS );541,2
2021;JUL;REGIÃO SUDESTE;SÃO PAULO;ÓLEO DIESEL (OUTROS );619,4
2021;AGO;REGIÃO SUDESTE;SÃO PAULO;ÓLEO DIESEL (OUTROS );568,6
2021;SET;REGIÃO SUDESTE;SÃO PAULO;ÓLEO DIESEL (OUTROS );600,402
2021;OUT;REGIÃO SUDESTE;SÃO PAULO;ÓLEO DIESEL (OUTROS );590
2021;NOV;REGIÃO SUDESTE;SÃO PAULO;ÓLEO DIESEL (OUTROS );540
2021;DEZ;REGIÃO SUDESTE;SÃO PAULO;ÓLEO DIESEL (OUTROS );1075
2021;JAN;REGIÃO SUL;PARANÁ;ÓLEO DIESEL (OUTROS );5
2021;FEV;REGIÃO SUL;PARANÁ;ÓLEO DIESEL (OUTROS );15,2
2021;MAR;REGIÃO SUL;PARANÁ;ÓLEO DIESEL (OUTROS );25
2021;ABR;REGIÃO SUL;PARANÁ;ÓLEO DIESEL (OUTROS );31
2021;MAI;REGIÃO SUL;PARANÁ;ÓLEO DIESEL (OUTROS );50
2021;JUN;REGIÃO SUL;PARANÁ;ÓLEO DIESEL (OUTROS );26
2021;JUL;REGIÃO SUL;PARANÁ;ÓLEO DIESEL (OUTROS );40
2021;AGO;REGIÃO SUL;PARANÁ;ÓLEO DIESEL (OUTROS );35
2021;SET;REGIÃO SUL;PARANÁ;ÓLEO DIESEL (OUTROS );40
2021;OUT;REGIÃO SUL;PARANÁ;ÓLEO DIESEL (OUTROS );26
2021;NOV;REGIÃO SUL;PARANÁ;ÓLEO DIESEL (OUTROS );25
2021;DEZ;REGIÃO SUL;PARANÁ;ÓLEO DIESEL (OUTROS );45
2021;JAN;REGIÃO SUL;SANTA CATARINA;ÓLEO DIESEL (OUTROS );25
2021;FEV;REGIÃO SUL;SANTA CATARINA;ÓLEO DIESEL (OUTROS );45
2021;MAR;REGIÃO SUL;SANTA CATARINA;ÓLEO DIESEL (OUTROS );15
2021;ABR;REGIÃO SUL;SANTA CATARINA;ÓLEO DIESEL (OUTROS );30
2021;MAI;REGIÃO SUL;SANTA CATARINA;ÓLEO DIESEL (OUTROS );25
2021;JUN;REGIÃO SUL;SANTA CATARINA;ÓLEO DIESEL (OUTROS );40
2021;JUL;REGIÃO SUL;SANTA CATARINA;ÓLEO DIESEL (OUTROS );60
2021;AGO;REGIÃO SUL;SANTA CATARINA;ÓLEO DIESEL (OUTROS );65
2021;SET;REGIÃO SUL;SANTA CATARINA;ÓLEO DIESEL (OUTROS );30
2021;OUT;REGIÃO SUL;SANTA CATARINA;ÓLEO DIESEL (OUTROS );70
2021;NOV;REGIÃO SUL;SANTA CATARINA;ÓLEO DIESEL (OUTROS );50
2021;DEZ;REGIÃO SUL;SANTA CATARINA;ÓLEO DIESEL (OUTROS );95
2021;JAN;REGIÃO SUL;RIO GRANDE DO SUL;ÓLEO DIESEL (OUTROS );20
2021;FEV;REGIÃO SUL;RIO GRANDE DO SUL;ÓLEO DIESEL (OUTROS );10
2021;MAR;REGIÃO SUL;RIO GRANDE DO SUL;ÓLEO DIESEL (OUTROS );10
2021;ABR;REGIÃO SUL;RIO GRANDE DO SUL;ÓLEO DIESEL (OUTROS );0
2021;MAI;REGIÃO SUL;RIO GRANDE DO SUL;ÓLEO DIESEL (OUTROS );15
2021;JUN;REGIÃO SUL;RIO GRANDE DO SUL;ÓLEO DIESEL (OUTROS );45
2021;JUL;REGIÃO SUL;RIO GRANDE DO SUL;ÓLEO DIESEL (OUTROS );45
2021;AGO;REGIÃO SUL;RIO GRANDE DO SUL;ÓLEO DIESEL (OUTROS );39
2021;SET;REGIÃO SUL;RIO GRANDE DO SUL;ÓLEO DIESEL (OUTROS );48
2021;OUT;REGIÃO SUL;RIO GRANDE DO SUL;ÓLEO DIESEL (OUTROS );51
2021;NOV;REGIÃO SUL;RIO GRANDE DO SUL;ÓLEO DIESEL (OUTROS );87
2021;DEZ;REGIÃO SUL;RIO GRANDE DO SUL;ÓLEO DIESEL (OUTROS );56
2021;JAN;REGIÃO CENTRO-OESTE;MATO GROSSO DO SUL;ÓLEO DIESEL (OUTROS );0
2021;FEV;REGIÃO CENTRO-OESTE;MATO GROSSO DO SUL;ÓLEO DIESEL (OUTROS );0
2021;MAR;REGIÃO CENTRO-OESTE;MATO GROSSO DO SUL;ÓLEO DIESEL (OUTROS );0
2021;ABR;REGIÃO CENTRO-OESTE;MATO GROSSO DO SUL;ÓLEO DIESEL (OUTROS );0
2021;MAI;REGIÃO CENTRO-OESTE;MATO GROSSO DO SUL;ÓLEO DIESEL (OUTROS );0
2021;JUN;REGIÃO CENTRO-OESTE;MATO GROSSO DO SUL;ÓLEO DIESEL (OUTROS );0
2021;JUL;REGIÃO CENTRO-OESTE;MATO GROSSO DO SUL;ÓLEO DIESEL (OUTROS );0
2021;AGO;REGIÃO CENTRO-OESTE;MATO GROSSO DO SUL;ÓLEO DIESEL (OUTROS );0
2021;SET;REGIÃO CENTRO-OESTE;MATO GROSSO DO SUL;ÓLEO DIESEL (OUTROS );0
2021;OUT;REGIÃO CENTRO-OESTE;MATO GROSSO DO SUL;ÓLEO DIESEL (OUTROS );0
2021;NOV;REGIÃO CENTRO-OESTE;MATO GROSSO DO SUL;ÓLEO DIESEL (OUTROS );0
2021;DEZ;REGIÃO CENTRO-OESTE;MATO GROSSO DO SUL;ÓLEO DIESEL (OUTROS );0
2021;JAN;REGIÃO CENTRO-OESTE;MATO GROSSO;ÓLEO DIESEL (OUTROS );0
2021;FEV;REGIÃO CENTRO-OESTE;MATO GROSSO;ÓLEO DIESEL (OUTROS );0
2021;MAR;REGIÃO CENTRO-OESTE;MATO GROSSO;ÓLEO DIESEL (OUTROS );0
2021;ABR;REGIÃO CENTRO-OESTE;MATO GROSSO;ÓLEO DIESEL (OUTROS );0
2021;MAI;REGIÃO CENTRO-OESTE;MATO GROSSO;ÓLEO DIESEL (OUTROS );0
2021;JUN;REGIÃO CENTRO-OESTE;MATO GROSSO;ÓLEO DIESEL (OUTROS );0
2021;JUL;REGIÃO CENTRO-OESTE;MATO GROSSO;ÓLEO DIESEL (OUTROS );0
2021;AGO;REGIÃO CENTRO-OESTE;MATO GROSSO;ÓLEO DIESEL (OUTROS );3
2021;SET;REGIÃO CENTRO-OESTE;MATO GROSSO;ÓLEO DIESEL (OUTROS );6
2021;OUT;REGIÃO CENTRO-OESTE;MATO GROSSO;ÓLEO DIESEL (OUTROS );6
2021;NOV;REGIÃO CENTRO-OESTE;MATO GROSSO;ÓLEO DIESEL (OUTROS );0
2021;DEZ;REGIÃO CENTRO-OESTE;MATO GROSSO;ÓLEO DIESEL (OUTROS );6
2021;JAN;REGIÃO CENTRO-OESTE;GOIÁS;ÓLEO DIESEL (OUTROS );0
2021;FEV;REGIÃO CENTRO-OESTE;GOIÁS;ÓLEO DIESEL (OUTROS );0
2021;MAR;REGIÃO CENTRO-OESTE;GOIÁS;ÓLEO DIESEL (OUTROS );0
2021;ABR;REGIÃO CENTRO-OESTE;GOIÁS;ÓLEO DIESEL (OUTROS );0
2021;MAI;REGIÃO CENTRO-OESTE;GOIÁS;ÓLEO DIESEL (OUTROS );0
2021;JUN;REGIÃO CENTRO-OESTE;GOIÁS;ÓLEO DIESEL (OUTROS );0
2021;JUL;REGIÃO CENTRO-OESTE;GOIÁS;ÓLEO DIESEL (OUTROS );15
2021;AGO;REGIÃO CENTRO-OESTE;GOIÁS;ÓLEO DIESEL (OUTROS );0
2021;SET;REGIÃO CENTRO-OESTE;GOIÁS;ÓLEO DIESEL (OUTROS );0
2021;OUT;REGIÃO CENTRO-OESTE;GOIÁS;ÓLEO DIESEL (OUTROS );0
2021;NOV;REGIÃO CENTRO-OESTE;GOIÁS;ÓLEO DIESEL (OUTROS );0
2021;DEZ;REGIÃO CENTRO-OESTE;GOIÁS;ÓLEO DIESEL (OUTROS );0
2021;JAN;REGIÃO CENTRO-OESTE;DISTRITO FEDERAL;ÓLEO DIESEL (OUTROS );0
2021;FEV;REGIÃO CENTRO-OESTE;DISTRITO FEDERAL;ÓLEO DIESEL (OUTROS );0
2021;MAR;REGIÃO CENTRO-OESTE;DISTRITO FEDERAL;ÓLEO DIESEL (OUTROS );0
2021;ABR;REGIÃO CENTRO-OESTE;DISTRITO FEDERAL;ÓLEO DIESEL (OUTROS );0
2021;MAI;REGIÃO CENTRO-OESTE;DISTRITO FEDERAL;ÓLEO DIESEL (OUTROS );0
2021;JUN;REGIÃO CENTRO-OESTE;DISTRITO FEDERAL;ÓLEO DIESEL (OUTROS );0
2021;JUL;REGIÃO CENTRO-OESTE;DISTRITO FEDERAL;ÓLEO DIESEL (OUTROS );0
2021;AGO;REGIÃO CENTRO-OESTE;DISTRITO FEDERAL;ÓLEO DIESEL (OUTROS );0
2021;SET;REGIÃO CENTRO-OESTE;DISTRITO FEDERAL;ÓLEO DIESEL (OUTROS );20
2021;OUT;REGIÃO CENTRO-OESTE;DISTRITO FEDERAL;ÓLEO DIESEL (OUTROS );10
2021;NOV;REGIÃO CENTRO-OESTE;DISTRITO FEDERAL;ÓLEO DIESEL (OUTROS );15
2021;DEZ;REGIÃO CENTRO-OESTE;DISTRITO FEDERAL;ÓLEO DIESEL (OUTROS );15
2022;JAN;REGIÃO NORTE;RONDÔNIA;ÓLEO DIESEL S-10;38883,916
2022;FEV;REGIÃO NORTE;RONDÔNIA;ÓLEO DIESEL S-10;43365,862
2022;MAR;REGIÃO NORTE;RONDÔNIA;ÓLEO DIESEL S-10;47080,993
2022;ABR;REGIÃO NORTE;RONDÔNIA;ÓLEO DIESEL S-10;42658,659
2022;MAI;REGIÃO NORTE;RONDÔNIA;ÓLEO DIESEL S-10;47211,898
2022;JUN;REGIÃO NORTE;RONDÔNIA;ÓLEO DIESEL S-10;45690,406
2022;JAN;REGIÃO NORTE;ACRE;ÓLEO DIESEL S-10;3406,7
2022;FEV;REGIÃO NORTE;ACRE;ÓLEO DIESEL S-10;3550,9
2022;MAR;REGIÃO NORTE;ACRE;ÓLEO DIESEL S-10;3946,2
2022;ABR;REGIÃO NORTE;ACRE;ÓLEO DIESEL S-10;3954,9
2022;MAI;REGIÃO NORTE;ACRE;ÓLEO DIESEL S-10;4721,2
2022;JUN;REGIÃO NORTE;ACRE;ÓLEO DIESEL S-10;4836
2022;JAN;REGIÃO NORTE;AMAZONAS;ÓLEO DIESEL S-10;16150,96
2022;FEV;REGIÃO NORTE;AMAZONAS;ÓLEO DIESEL S-10;17406,032
2022;MAR;REGIÃO NORTE;AMAZONAS;ÓLEO DIESEL S-10;19806,13
2022;ABR;REGIÃO NORTE;AMAZONAS;ÓLEO DIESEL S-10;18166,564
2022;MAI;REGIÃO NORTE;AMAZONAS;ÓLEO DIESEL S-10;19399,577
2022;JUN;REGIÃO NORTE;AMAZONAS;ÓLEO DIESEL S-10;19749,105
2022;JAN;REGIÃO NORTE;RORAIMA;ÓLEO DIESEL S-10;6069
2022;FEV;REGIÃO NORTE;RORAIMA;ÓLEO DIESEL S-10;6049,2
2022;MAR;REGIÃO NORTE;RORAIMA;ÓLEO DIESEL S-10;6378,75
2022;ABR;REGIÃO NORTE;RORAIMA;ÓLEO DIESEL S-10;6030,85
2022;MAI;REGIÃO NORTE;RORAIMA;ÓLEO DIESEL S-10;5581,6
2022;JUN;REGIÃO NORTE;RORAIMA;ÓLEO DIESEL S-10;4933,4
2022;JAN;REGIÃO NORTE;PARÁ;ÓLEO DIESEL S-10;114290,928
2022;FEV;REGIÃO NORTE;PARÁ;ÓLEO DIESEL S-10;131963,931
2022;MAR;REGIÃO NORTE;PARÁ;ÓLEO DIESEL S-10;134308,158
2022;ABR;REGIÃO NORTE;PARÁ;ÓLEO DIESEL S-10;130386,449
2022;MAI;REGIÃO NORTE;PARÁ;ÓLEO DIESEL S-10;136579,425
2022;JUN;REGIÃO NORTE;PARÁ;ÓLEO DIESEL S-10;139923,67
2022;JAN;REGIÃO NORTE;AMAPÁ;ÓLEO DIESEL S-10;2981,132
2022;FEV;REGIÃO NORTE;AMAPÁ;ÓLEO DIESEL S-10;3373,872
2022;MAR;REGIÃO NORTE;AMAPÁ;ÓLEO DIESEL S-10;3820,391
2022;ABR;REGIÃO NORTE;AMAPÁ;ÓLEO DIESEL S-10;3738,667
2022;MAI;REGIÃO NORTE;AMAPÁ;ÓLEO DIESEL S-10;4046,145
2022;JUN;REGIÃO NORTE;AMAPÁ;ÓLEO DIESEL S-10;4136,172
2022;JAN;REGIÃO NORTE;TOCANTINS;ÓLEO DIESEL S-10;56927,4
2022;FEV;REGIÃO NORTE;TOCANTINS;ÓLEO DIESEL S-10;68746,5
2022;MAR;REGIÃO NORTE;TOCANTINS;ÓLEO DIESEL S-10;70665,8
2022;ABR;REGIÃO NORTE;TOCANTINS;ÓLEO DIESEL S-10;66235,2
2022;MAI;REGIÃO NORTE;TOCANTINS;ÓLEO DIESEL S-10;71708,3
2022;JUN;REGIÃO NORTE;TOCANTINS;ÓLEO DIESEL S-10;72855,2
2022;JAN;REGIÃO NORDESTE;MARANHÃO;ÓLEO DIESEL S-10;64369,613
2022;FEV;REGIÃO NORDESTE;MARANHÃO;ÓLEO DIESEL S-10;68971,649
2022;MAR;REGIÃO NORDESTE;MARANHÃO;ÓLEO DIESEL S-10;78035,66
2022;ABR;REGIÃO NORDESTE;MARANHÃO;ÓLEO DIESEL S-10;67493,83
2022;MAI;REGIÃO NORDESTE;MARANHÃO;ÓLEO DIESEL S-10;74138,26
2022;JUN;REGIÃO NORDESTE;MARANHÃO;ÓLEO DIESEL S-10;76964,66
2022;JAN;REGIÃO NORDESTE;PIAUÍ;ÓLEO DIESEL S-10;29560,33
2022;FEV;REGIÃO NORDESTE;PIAUÍ;ÓLEO DIESEL S-10;30736,6
2022;MAR;REGIÃO NORDESTE;PIAUÍ;ÓLEO DIESEL S-10;36882,1
2022;ABR;REGIÃO NORDESTE;PIAUÍ;ÓLEO DIESEL S-10;34761,7
2022;MAI;REGIÃO NORDESTE;PIAUÍ;ÓLEO DIESEL S-10;37552,5
2022;JUN;REGIÃO NORDESTE;PIAUÍ;ÓLEO DIESEL S-10;37598,852
2022;JAN;REGIÃO NORDESTE;CEARÁ;ÓLEO DIESEL S-10;75677,6
2022;FEV;REGIÃO NORDESTE;CEARÁ;ÓLEO DIESEL S-10;75439,6
2022;MAR;REGIÃO NORDESTE;CEARÁ;ÓLEO DIESEL S-10;79700,14
2022;ABR;REGIÃO NORDESTE;CEARÁ;ÓLEO DIESEL S-10;75415,622
2022;MAI;REGIÃO NORDESTE;CEARÁ;ÓLEO DIESEL S-10;79827,852
2022;JUN;REGIÃO NORDESTE;CEARÁ;ÓLEO DIESEL S-10;78973,538
2022;JAN;REGIÃO NORDESTE;RIO GRANDE DO NORTE;ÓLEO DIESEL S-10;18032
2022;FEV;REGIÃO NORDESTE;RIO GRANDE DO NORTE;ÓLEO DIESEL S-10;17974,232
2022;MAR;REGIÃO NORDESTE;RIO GRANDE DO NORTE;ÓLEO DIESEL S-10;19343,5
2022;ABR;REGIÃO NORDESTE;RIO GRANDE DO NORTE;ÓLEO DIESEL S-10;18630,5
2022;MAI;REGIÃO NORDESTE;RIO GRANDE DO NORTE;ÓLEO DIESEL S-10;20369,638
2022;JUN;REGIÃO NORDESTE;RIO GRANDE DO NORTE;ÓLEO DIESEL S-10;19737,568
2022;JAN;REGIÃO NORDESTE;PARAÍBA;ÓLEO DIESEL S-10;22747,78
2022;FEV;REGIÃO NORDESTE;PARAÍBA;ÓLEO DIESEL S-10;22198,97
2022;MAR;REGIÃO NORDESTE;PARAÍBA;ÓLEO DIESEL S-10;23913,289
2022;ABR;REGIÃO NORDESTE;PARAÍBA;ÓLEO DIESEL S-10;22210,38
2022;MAI;REGIÃO NORDESTE;PARAÍBA;ÓLEO DIESEL S-10;23161,48
2022;JUN;REGIÃO NORDESTE;PARAÍBA;ÓLEO DIESEL S-10;21547,83
2022;JAN;REGIÃO NORDESTE;PERNAMBUCO;ÓLEO DIESEL S-10;116599,394
2022;FEV;REGIÃO NORDESTE;PERNAMBUCO;ÓLEO DIESEL S-10;118886,757
2022;MAR;REGIÃO NORDESTE;PERNAMBUCO;ÓLEO DIESEL S-10;128496,764
2022;ABR;REGIÃO NORDESTE;PERNAMBUCO;ÓLEO DIESEL S-10;119388,85
2022;MAI;REGIÃO NORDESTE;PERNAMBUCO;ÓLEO DIESEL S-10;125366,567
2022;JUN;REGIÃO NORDESTE;PERNAMBUCO;ÓLEO DIESEL S-10;115931,071
2022;JAN;REGIÃO NORDESTE;ALAGOAS;ÓLEO DIESEL S-10;22345,5
2022;FEV;REGIÃO NORDESTE;ALAGOAS;ÓLEO DIESEL S-10;22501,5
2022;MAR;REGIÃO NORDESTE;ALAGOAS;ÓLEO DIESEL S-10;23460,5
2022;ABR;REGIÃO NORDESTE;ALAGOAS;ÓLEO DIESEL S-10;21354,5
2022;MAI;REGIÃO NORDESTE;ALAGOAS;ÓLEO DIESEL S-10;21113
2022;JUN;REGIÃO NORDESTE;ALAGOAS;ÓLEO DIESEL S-10;17823,276
2022;JAN;REGIÃO NORDESTE;SERGIPE;ÓLEO DIESEL S-10;20759,526
2022;FEV;REGIÃO NORDESTE;SERGIPE;ÓLEO DIESEL S-10;21200
2022;MAR;REGIÃO NORDESTE;SERGIPE;ÓLEO DIESEL S-10;25518,5
2022;ABR;REGIÃO NORDESTE;SERGIPE;ÓLEO DIESEL S-10;24711,44
2022;MAI;REGIÃO NORDESTE;SERGIPE;ÓLEO DIESEL S-10;29586,087
2022;JUN;REGIÃO NORDESTE;SERGIPE;ÓLEO DIESEL S-10;27031,3
2022;JAN;REGIÃO NORDESTE;BAHIA;ÓLEO DIESEL S-10;167502,574
2022;FEV;REGIÃO NORDESTE;BAHIA;ÓLEO DIESEL S-10;163787,942
2022;MAR;REGIÃO NORDESTE;BAHIA;ÓLEO DIESEL S-10;183025,128
2022;ABR;REGIÃO NORDESTE;BAHIA;ÓLEO DIESEL S-10;170622,49
2022;MAI;REGIÃO NORDESTE;BAHIA;ÓLEO DIESEL S-10;172180,012
2022;JUN;REGIÃO NORDESTE;BAHIA;ÓLEO DIESEL S-10;165772,712
2022;JAN;REGIÃO SUDESTE;MINAS GERAIS;ÓLEO DIESEL S-10;319231,438
2022;FEV;REGIÃO SUDESTE;MINAS GERAIS;ÓLEO DIESEL S-10;334842,214
2022;MAR;REGIÃO SUDESTE;MINAS GERAIS;ÓLEO DIESEL S-10;402239,2
2022;ABR;REGIÃO SUDESTE;MINAS GERAIS;ÓLEO DIESEL S-10;383538,988
2022;MAI;REGIÃO SUDESTE;MINAS GERAIS;ÓLEO DIESEL S-10;406309,675
2022;JUN;REGIÃO SUDESTE;MINAS GERAIS;ÓLEO DIESEL S-10;390034,083
2022;JAN;REGIÃO SUDESTE;ESPÍRITO SANTO;ÓLEO DIESEL S-10;59051,031
2022;FEV;REGIÃO SUDESTE;ESPÍRITO SANTO;ÓLEO DIESEL S-10;58006,9
2022;MAR;REGIÃO SUDESTE;ESPÍRITO SANTO;ÓLEO DIESEL S-10;66087,326
2022;ABR;REGIÃO SUDESTE;ESPÍRITO SANTO;ÓLEO DIESEL S-10;59928,719
2022;MAI;REGIÃO SUDESTE;ESPÍRITO SANTO;ÓLEO DIESEL S-10;65301,151
2022;JUN;REGIÃO SUDESTE;ESPÍRITO SANTO;ÓLEO DIESEL S-10;64965,553
2022;JAN;REGIÃO SUDESTE;RIO DE JANEIRO;ÓLEO DIESEL S-10;109367,035
2022;FEV;REGIÃO SUDESTE;RIO DE JANEIRO;ÓLEO DIESEL S-10;113638,407
2022;MAR;REGIÃO SUDESTE;RIO DE JANEIRO;ÓLEO DIESEL S-10;122485,765
2022;ABR;REGIÃO SUDESTE;RIO DE JANEIRO;ÓLEO DIESEL S-10;119349,293
2022;MAI;REGIÃO SUDESTE;RIO DE JANEIRO;ÓLEO DIESEL S-10;120975,593
2022;JUN;REGIÃO SUDESTE;RIO DE JANEIRO;ÓLEO DIESEL S-10;113133,629
2022;JAN;REGIÃO SUDESTE;SÃO PAULO;ÓLEO DIESEL S-10;559156,232
2022;FEV;REGIÃO SUDESTE;SÃO PAULO;ÓLEO DIESEL S-10;597828,283
2022;MAR;REGIÃO SUDESTE;SÃO PAULO;ÓLEO DIESEL S-10;679466,736
2022;ABR;REGIÃO SUDESTE;SÃO PAULO;ÓLEO DIESEL S-10;655065,261
2022;MAI;REGIÃO SUDESTE;SÃO PAULO;ÓLEO DIESEL S-10;716091,549
2022;JUN;REGIÃO SUDESTE;SÃO PAULO;ÓLEO DIESEL S-10;686403,312
2022;JAN;REGIÃO SUL;PARANÁ;ÓLEO DIESEL S-10;271314,625
2022;FEV;REGIÃO SUL;PARANÁ;ÓLEO DIESEL S-10;279410,85
2022;MAR;REGIÃO SUL;PARANÁ;ÓLEO DIESEL S-10;300457,979
2022;ABR;REGIÃO SUL;PARANÁ;ÓLEO DIESEL S-10;280274,053
2022;MAI;REGIÃO SUL;PARANÁ;ÓLEO DIESEL S-10;292246,045
2022;JUN;REGIÃO SUL;PARANÁ;ÓLEO DIESEL S-10;269919,381
2022;JAN;REGIÃO SUL;SANTA CATARINA;ÓLEO DIESEL S-10;151129,844
2022;FEV;REGIÃO SUL;SANTA CATARINA;ÓLEO DIESEL S-10;153707,732
2022;MAR;REGIÃO SUL;SANTA CATARINA;ÓLEO DIESEL S-10;166846,87
2022;ABR;REGIÃO SUL;SANTA CATARINA;ÓLEO DIESEL S-10;159234,953
2022;MAI;REGIÃO SUL;SANTA CATARINA;ÓLEO DIESEL S-10;166559,823
2022;JUN;REGIÃO SUL;SANTA CATARINA;ÓLEO DIESEL S-10;153603,692
2022;JAN;REGIÃO SUL;RIO GRANDE DO SUL;ÓLEO DIESEL S-10;163159,994
2022;FEV;REGIÃO SUL;RIO GRANDE DO SUL;ÓLEO DIESEL S-10;164091,624
2022;MAR;REGIÃO SUL;RIO GRANDE DO SUL;ÓLEO DIESEL S-10;188025,518
2022;ABR;REGIÃO SUL;RIO GRANDE DO SUL;ÓLEO DIESEL S-10;178740,732
2022;MAI;REGIÃO SUL;RIO GRANDE DO SUL;ÓLEO DIESEL S-10;178744,944
2022;JUN;REGIÃO SUL;RIO GRANDE DO SUL;ÓLEO DIESEL S-10;165405,043
2022;JAN;REGIÃO CENTRO-OESTE;MATO GROSSO DO SUL;ÓLEO DIESEL S-10;72582,2
2022;FEV;REGIÃO CENTRO-OESTE;MATO GROSSO DO SUL;ÓLEO DIESEL S-10;86485,999
2022;MAR;REGIÃO CENTRO-OESTE;MATO GROSSO DO SUL;ÓLEO DIESEL S-10;87098,209
2022;ABR;REGIÃO CENTRO-OESTE;MATO GROSSO DO SUL;ÓLEO DIESEL S-10;81722,825
2022;MAI;REGIÃO CENTRO-OESTE;MATO GROSSO DO SUL;ÓLEO DIESEL S-10;86580,783
2022;JUN;REGIÃO CENTRO-OESTE;MATO GROSSO DO SUL;ÓLEO DIESEL S-10;86063,59
2022;JAN;REGIÃO CENTRO-OESTE;MATO GROSSO;ÓLEO DIESEL S-10;196291,978
2022;FEV;REGIÃO CENTRO-OESTE;MATO GROSSO;ÓLEO DIESEL S-10;200696,1
2022;MAR;REGIÃO CENTRO-OESTE;MATO GROSSO;ÓLEO DIESEL S-10;180937,34
2022;ABR;REGIÃO CENTRO-OESTE;MATO GROSSO;ÓLEO DIESEL S-10;155068,404
2022;MAI;REGIÃO CENTRO-OESTE;MATO GROSSO;ÓLEO DIESEL S-10;170041,35
2022;JUN;REGIÃO CENTRO-OESTE;MATO GROSSO;ÓLEO DIESEL S-10;197689,197
2022;JAN;REGIÃO CENTRO-OESTE;GOIÁS;ÓLEO DIESEL S-10;123540,661
2022;FEV;REGIÃO CENTRO-OESTE;GOIÁS;ÓLEO DIESEL S-10;152813,014
2022;MAR;REGIÃO CENTRO-OESTE;GOIÁS;ÓLEO DIESEL S-10;160704,76
2022;ABR;REGIÃO CENTRO-OESTE;GOIÁS;ÓLEO DIESEL S-10;143712,043
2022;MAI;REGIÃO CENTRO-OESTE;GOIÁS;ÓLEO DIESEL S-10;158859,95
2022;JUN;REGIÃO CENTRO-OESTE;GOIÁS;ÓLEO DIESEL S-10;159681,83
2022;JAN;REGIÃO CENTRO-OESTE;DISTRITO FEDERAL;ÓLEO DIESEL S-10;21735
2022;FEV;REGIÃO CENTRO-OESTE;DISTRITO FEDERAL;ÓLEO DIESEL S-10;23261,5
2022;MAR;REGIÃO CENTRO-OESTE;DISTRITO FEDERAL;ÓLEO DIESEL S-10;26534,5
2022;ABR;REGIÃO CENTRO-OESTE;DISTRITO FEDERAL;ÓLEO DIESEL S-10;24570
2022;MAI;REGIÃO CENTRO-OESTE;DISTRITO FEDERAL;ÓLEO DIESEL S-10;26930,5
2022;JUN;REGIÃO CENTRO-OESTE;DISTRITO FEDERAL;ÓLEO DIESEL S-10;25513
2022;JAN;REGIÃO NORTE;RONDÔNIA;ÓLEO DIESEL S-500;64485,86
2022;FEV;REGIÃO NORTE;RONDÔNIA;ÓLEO DIESEL S-500;66674,148
2022;MAR;REGIÃO NORTE;RONDÔNIA;ÓLEO DIESEL S-500;60365,097
2022;ABR;REGIÃO NORTE;RONDÔNIA;ÓLEO DIESEL S-500;24990,69
2022;MAI;REGIÃO NORTE;RONDÔNIA;ÓLEO DIESEL S-500;27394,508
2022;JUN;REGIÃO NORTE;RONDÔNIA;ÓLEO DIESEL S-500;26292,489
2022;JAN;REGIÃO NORTE;ACRE;ÓLEO DIESEL S-500;8785,8
2022;FEV;REGIÃO NORTE;ACRE;ÓLEO DIESEL S-500;8253,2
2022;MAR;REGIÃO NORTE;ACRE;ÓLEO DIESEL S-500;9013,9
2022;ABR;REGIÃO NORTE;ACRE;ÓLEO DIESEL S-500;7944,1
2022;MAI;REGIÃO NORTE;ACRE;ÓLEO DIESEL S-500;8604,7
2022;JUN;REGIÃO NORTE;ACRE;ÓLEO DIESEL S-500;9062,2
2022;JAN;REGIÃO NORTE;AMAZONAS;ÓLEO DIESEL S-500;45972,295
2022;FEV;REGIÃO NORTE;AMAZONAS;ÓLEO DIESEL S-500;41212,907
2022;MAR;REGIÃO NORTE;AMAZONAS;ÓLEO DIESEL S-500;38279,33
2022;ABR;REGIÃO NORTE;AMAZONAS;ÓLEO DIESEL S-500;42072,75
2022;MAI;REGIÃO NORTE;AMAZONAS;ÓLEO DIESEL S-500;50888,986
2022;JUN;REGIÃO NORTE;AMAZONAS;ÓLEO DIESEL S-500;38868,243
2022;JAN;REGIÃO NORTE;RORAIMA;ÓLEO DIESEL S-500;32894,5
2022;FEV;REGIÃO NORTE;RORAIMA;ÓLEO DIESEL S-500;22377,3
2022;MAR;REGIÃO NORTE;RORAIMA;ÓLEO DIESEL S-500;25493,05
2022;ABR;REGIÃO NORTE;RORAIMA;ÓLEO DIESEL S-500;18821,015
2022;MAI;REGIÃO NORTE;RORAIMA;ÓLEO DIESEL S-500;11871,3
2022;JUN;REGIÃO NORTE;RORAIMA;ÓLEO DIESEL S-500;3856,8
2022;JAN;REGIÃO NORTE;PARÁ;ÓLEO DIESEL S-500;77303,368
2022;FEV;REGIÃO NORTE;PARÁ;ÓLEO DIESEL S-500;74824,853
2022;MAR;REGIÃO NORTE;PARÁ;ÓLEO DIESEL S-500;78724,357
2022;ABR;REGIÃO NORTE;PARÁ;ÓLEO DIESEL S-500;74309,471
2022;MAI;REGIÃO NORTE;PARÁ;ÓLEO DIESEL S-500;80275,39
2022;JUN;REGIÃO NORTE;PARÁ;ÓLEO DIESEL S-500;81916,14
2022;JAN;REGIÃO NORTE;AMAPÁ;ÓLEO DIESEL S-500;5548,5
2022;FEV;REGIÃO NORTE;AMAPÁ;ÓLEO DIESEL S-500;4756
2022;MAR;REGIÃO NORTE;AMAPÁ;ÓLEO DIESEL S-500;4998,97
2022;ABR;REGIÃO NORTE;AMAPÁ;ÓLEO DIESEL S-500;5437
2022;MAI;REGIÃO NORTE;AMAPÁ;ÓLEO DIESEL S-500;5473,5
2022;JUN;REGIÃO NORTE;AMAPÁ;ÓLEO DIESEL S-500;5536
2022;JAN;REGIÃO NORTE;TOCANTINS;ÓLEO DIESEL S-500;24438
2022;FEV;REGIÃO NORTE;TOCANTINS;ÓLEO DIESEL S-500;31478,6
2022;MAR;REGIÃO NORTE;TOCANTINS;ÓLEO DIESEL S-500;34057,8
2022;ABR;REGIÃO NORTE;TOCANTINS;ÓLEO DIESEL S-500;30180,6
2022;MAI;REGIÃO NORTE;TOCANTINS;ÓLEO DIESEL S-500;32522,5
2022;JUN;REGIÃO NORTE;TOCANTINS;ÓLEO DIESEL S-500;33306,9
2022;JAN;REGIÃO NORDESTE;MARANHÃO;ÓLEO DIESEL S-500;46081,295
2022;FEV;REGIÃO NORDESTE;MARANHÃO;ÓLEO DIESEL S-500;41257,658
2022;MAR;REGIÃO NORDESTE;MARANHÃO;ÓLEO DIESEL S-500;46330,664
2022;ABR;REGIÃO NORDESTE;MARANHÃO;ÓLEO DIESEL S-500;42361,362
2022;MAI;REGIÃO NORDESTE;MARANHÃO;ÓLEO DIESEL S-500;47417,745
2022;JUN;REGIÃO NORDESTE;MARANHÃO;ÓLEO DIESEL S-500;49340,854
2022;JAN;REGIÃO NORDESTE;PIAUÍ;ÓLEO DIESEL S-500;11418,7
2022;FEV;REGIÃO NORDESTE;PIAUÍ;ÓLEO DIESEL S-500;11402,2
2022;MAR;REGIÃO NORDESTE;PIAUÍ;ÓLEO DIESEL S-500;15016,7
2022;ABR;REGIÃO NORDESTE;PIAUÍ;ÓLEO DIESEL S-500;12170,6
2022;MAI;REGIÃO NORDESTE;PIAUÍ;ÓLEO DIESEL S-500;13698,7
2022;JUN;REGIÃO NORDESTE;PIAUÍ;ÓLEO DIESEL S-500;13369,1
2022;JAN;REGIÃO NORDESTE;CEARÁ;ÓLEO DIESEL S-500;7321,5
2022;FEV;REGIÃO NORDESTE;CEARÁ;ÓLEO DIESEL S-500;6790,412
2022;MAR;REGIÃO NORDESTE;CEARÁ;ÓLEO DIESEL S-500;7455,97
2022;ABR;REGIÃO NORDESTE;CEARÁ;ÓLEO DIESEL S-500;7051,1
2022;MAI;REGIÃO NORDESTE;CEARÁ;ÓLEO DIESEL S-500;8506,3
2022;JUN;REGIÃO NORDESTE;CEARÁ;ÓLEO DIESEL S-500;8201,8
2022;JAN;REGIÃO NORDESTE;RIO GRANDE DO NORTE;ÓLEO DIESEL S-500;17223
2022;FEV;REGIÃO NORDESTE;RIO GRANDE DO NORTE;ÓLEO DIESEL S-500;16444,5
2022;MAR;REGIÃO NORDESTE;RIO GRANDE DO NORTE;ÓLEO DIESEL S-500;17668,103
2022;ABR;REGIÃO NORDESTE;RIO GRANDE DO NORTE;ÓLEO DIESEL S-500;16609
2022;MAI;REGIÃO NORDESTE;RIO GRANDE DO NORTE;ÓLEO DIESEL S-500;17829,917
2022;JUN;REGIÃO NORDESTE;RIO GRANDE DO NORTE;ÓLEO DIESEL S-500;16516
2022;JAN;REGIÃO NORDESTE;PARAÍBA;ÓLEO DIESEL S-500;11737,56
2022;FEV;REGIÃO NORDESTE;PARAÍBA;ÓLEO DIESEL S-500;10833,16
2022;MAR;REGIÃO NORDESTE;PARAÍBA;ÓLEO DIESEL S-500;11522,9
2022;ABR;REGIÃO NORDESTE;PARAÍBA;ÓLEO DIESEL S-500;10380,6
2022;MAI;REGIÃO NORDESTE;PARAÍBA;ÓLEO DIESEL S-500;11109,96
2022;JUN;REGIÃO NORDESTE;PARAÍBA;ÓLEO DIESEL S-500;9777,08
2022;JAN;REGIÃO NORDESTE;PERNAMBUCO;ÓLEO DIESEL S-500;2440,1
2022;FEV;REGIÃO NORDESTE;PERNAMBUCO;ÓLEO DIESEL S-500;2457,4
2022;MAR;REGIÃO NORDESTE;PERNAMBUCO;ÓLEO DIESEL S-500;2469,5
2022;ABR;REGIÃO NORDESTE;PERNAMBUCO;ÓLEO DIESEL S-500;2215,8
2022;MAI;REGIÃO NORDESTE;PERNAMBUCO;ÓLEO DIESEL S-500;2145,5
2022;JUN;REGIÃO NORDESTE;PERNAMBUCO;ÓLEO DIESEL S-500;1918,3
2022;JAN;REGIÃO NORDESTE;ALAGOAS;ÓLEO DIESEL S-500;11198,323
2022;FEV;REGIÃO NORDESTE;ALAGOAS;ÓLEO DIESEL S-500;10876
2022;MAR;REGIÃO NORDESTE;ALAGOAS;ÓLEO DIESEL S-500;9729,303
2022;ABR;REGIÃO NORDESTE;ALAGOAS;ÓLEO DIESEL S-500;7864
2022;MAI;REGIÃO NORDESTE;ALAGOAS;ÓLEO DIESEL S-500;8192
2022;JUN;REGIÃO NORDESTE;ALAGOAS;ÓLEO DIESEL S-500;6220
2022;JAN;REGIÃO NORDESTE;SERGIPE;ÓLEO DIESEL S-500;5545
2022;FEV;REGIÃO NORDESTE;SERGIPE;ÓLEO DIESEL S-500;5192,5
2022;MAR;REGIÃO NORDESTE;SERGIPE;ÓLEO DIESEL S-500;5237
2022;ABR;REGIÃO NORDESTE;SERGIPE;ÓLEO DIESEL S-500;5997,5
2022;MAI;REGIÃO NORDESTE;SERGIPE;ÓLEO DIESEL S-500;4576,261
2022;JUN;REGIÃO NORDESTE;SERGIPE;ÓLEO DIESEL S-500;2468,1
2022;JAN;REGIÃO NORDESTE;BAHIA;ÓLEO DIESEL S-500;76837,2
2022;FEV;REGIÃO NORDESTE;BAHIA;ÓLEO DIESEL S-500;78624,703
2022;MAR;REGIÃO NORDESTE;BAHIA;ÓLEO DIESEL S-500;98083,123
2022;ABR;REGIÃO NORDESTE;BAHIA;ÓLEO DIESEL S-500;95452,219
2022;MAI;REGIÃO NORDESTE;BAHIA;ÓLEO DIESEL S-500;91048,047
2022;JUN;REGIÃO NORDESTE;BAHIA;ÓLEO DIESEL S-500;82996,66
2022;JAN;REGIÃO SUDESTE;MINAS GERAIS;ÓLEO DIESEL S-500;198744,844
2022;FEV;REGIÃO SUDESTE;MINAS GERAIS;ÓLEO DIESEL S-500;217155,042
2022;MAR;REGIÃO SUDESTE;MINAS GERAIS;ÓLEO DIESEL S-500;284121,309
2022;ABR;REGIÃO SUDESTE;MINAS GERAIS;ÓLEO DIESEL S-500;251527,588
2022;MAI;REGIÃO SUDESTE;MINAS GERAIS;ÓLEO DIESEL S-500;267305,165
2022;JUN;REGIÃO SUDESTE;MINAS GERAIS;ÓLEO DIESEL S-500;252368,148
2022;JAN;REGIÃO SUDESTE;ESPÍRITO SANTO;ÓLEO DIESEL S-500;38484,226
2022;FEV;REGIÃO SUDESTE;ESPÍRITO SANTO;ÓLEO DIESEL S-500;38772,357
2022;MAR;REGIÃO SUDESTE;ESPÍRITO SANTO;ÓLEO DIESEL S-500;46901,098
2022;ABR;REGIÃO SUDESTE;ESPÍRITO SANTO;ÓLEO DIESEL S-500;44652,469
2022;MAI;REGIÃO SUDESTE;ESPÍRITO SANTO;ÓLEO DIESEL S-500;48479,862
2022;JUN;REGIÃO SUDESTE;ESPÍRITO SANTO;ÓLEO DIESEL S-500;42540,544
2022;JAN;REGIÃO SUDESTE;RIO DE JANEIRO;ÓLEO DIESEL S-500;41615,697
2022;FEV;REGIÃO SUDESTE;RIO DE JANEIRO;ÓLEO DIESEL S-500;39374,609
2022;MAR;REGIÃO SUDESTE;RIO DE JANEIRO;ÓLEO DIESEL S-500;50446,368
2022;ABR;REGIÃO SUDESTE;RIO DE JANEIRO;ÓLEO DIESEL S-500;45944,727
2022;MAI;REGIÃO SUDESTE;RIO DE JANEIRO;ÓLEO DIESEL S-500;53493,172
2022;JUN;REGIÃO SUDESTE;RIO DE JANEIRO;ÓLEO DIESEL S-500;48118,744
2022;JAN;REGIÃO SUDESTE;SÃO PAULO;ÓLEO DIESEL S-500;302425,058
2022;FEV;REGIÃO SUDESTE;SÃO PAULO;ÓLEO DIESEL S-500;338977,508
2022;MAR;REGIÃO SUDESTE;SÃO PAULO;ÓLEO DIESEL S-500;411463,346
2022;ABR;REGIÃO SUDESTE;SÃO PAULO;ÓLEO DIESEL S-500;395507,532
2022;MAI;REGIÃO SUDESTE;SÃO PAULO;ÓLEO DIESEL S-500;441716,562
2022;JUN;REGIÃO SUDESTE;SÃO PAULO;ÓLEO DIESEL S-500;419231,144
2022;JAN;REGIÃO SUL;PARANÁ;ÓLEO DIESEL S-500;194125,171
2022;FEV;REGIÃO SUL;PARANÁ;ÓLEO DIESEL S-500;226319,624
2022;MAR;REGIÃO SUL;PARANÁ;ÓLEO DIESEL S-500;246266,628
2022;ABR;REGIÃO SUL;PARANÁ;ÓLEO DIESEL S-500;195962,1
2022;MAI;REGIÃO SUL;PARANÁ;ÓLEO DIESEL S-500;217676,35
2022;JUN;REGIÃO SUL;PARANÁ;ÓLEO DIESEL S-500;197380,33
2022;JAN;REGIÃO SUL;SANTA CATARINA;ÓLEO DIESEL S-500;76616,254
2022;FEV;REGIÃO SUL;SANTA CATARINA;ÓLEO DIESEL S-500;78544,111
2022;MAR;REGIÃO SUL;SANTA CATARINA;ÓLEO DIESEL S-500;88173,328
2022;ABR;REGIÃO SUL;SANTA CATARINA;ÓLEO DIESEL S-500;80448,567
2022;MAI;REGIÃO SUL;SANTA CATARINA;ÓLEO DIESEL S-500;83122,08
2022;JUN;REGIÃO SUL;SANTA CATARINA;ÓLEO DIESEL S-500;69721,179
2022;JAN;REGIÃO SUL;RIO GRANDE DO SUL;ÓLEO DIESEL S-500;118248,924
2022;FEV;REGIÃO SUL;RIO GRANDE DO SUL;ÓLEO DIESEL S-500;129556,983
2022;MAR;REGIÃO SUL;RIO GRANDE DO SUL;ÓLEO DIESEL S-500;162474,288
2022;ABR;REGIÃO SUL;RIO GRANDE DO SUL;ÓLEO DIESEL S-500;146154,637
2022;MAI;REGIÃO SUL;RIO GRANDE DO SUL;ÓLEO DIESEL S-500;133921,826
2022;JUN;REGIÃO SUL;RIO GRANDE DO SUL;ÓLEO DIESEL S-500;110215,973
2022;JAN;REGIÃO CENTRO-OESTE;MATO GROSSO DO SUL;ÓLEO DIESEL S-500;54710,914
2022;FEV;REGIÃO CENTRO-OESTE;MATO GROSSO DO SUL;ÓLEO DIESEL S-500;73846,65
2022;MAR;REGIÃO CENTRO-OESTE;MATO GROSSO DO SUL;ÓLEO DIESEL S-500;74222,988
2022;ABR;REGIÃO CENTRO-OESTE;MATO GROSSO DO SUL;ÓLEO DIESEL S-500;60024,541
2022;MAI;REGIÃO CENTRO-OESTE;MATO GROSSO DO SUL;ÓLEO DIESEL S-500;64161,438
2022;JUN;REGIÃO CENTRO-OESTE;MATO GROSSO DO SUL;ÓLEO DIESEL S-500;64389,664
2022;JAN;REGIÃO CENTRO-OESTE;MATO GROSSO;ÓLEO DIESEL S-500;134687,126
2022;FEV;REGIÃO CENTRO-OESTE;MATO GROSSO;ÓLEO DIESEL S-500;141310,35
2022;MAR;REGIÃO CENTRO-OESTE;MATO GROSSO;ÓLEO DIESEL S-500;120818,16
2022;ABR;REGIÃO CENTRO-OESTE;MATO GROSSO;ÓLEO DIESEL S-500;88485,211
2022;MAI;REGIÃO CENTRO-OESTE;MATO GROSSO;ÓLEO DIESEL S-500;107325,65
2022;JUN;REGIÃO CENTRO-OESTE;MATO GROSSO;ÓLEO DIESEL S-500;133010,574
2022;JAN;REGIÃO CENTRO-OESTE;GOIÁS;ÓLEO DIESEL S-500;95748,4
2022;FEV;REGIÃO CENTRO-OESTE;GOIÁS;ÓLEO DIESEL S-500;116767,55
2022;MAR;REGIÃO CENTRO-OESTE;GOIÁS;ÓLEO DIESEL S-500;127867,508
2022;ABR;REGIÃO CENTRO-OESTE;GOIÁS;ÓLEO DIESEL S-500;100360,051
2022;MAI;REGIÃO CENTRO-OESTE;GOIÁS;ÓLEO DIESEL S-500;110605,1
2022;JUN;REGIÃO CENTRO-OESTE;GOIÁS;ÓLEO DIESEL S-500;109397,207
2022;JAN;REGIÃO CENTRO-OESTE;DISTRITO FEDERAL;ÓLEO DIESEL S-500;7152
2022;FEV;REGIÃO CENTRO-OESTE;DISTRITO FEDERAL;ÓLEO DIESEL S-500;7613,015
2022;MAR;REGIÃO CENTRO-OESTE;DISTRITO FEDERAL;ÓLEO DIESEL S-500;9183
2022;ABR;REGIÃO CENTRO-OESTE;DISTRITO FEDERAL;ÓLEO DIESEL S-500;8160
2022;MAI;REGIÃO CENTRO-OESTE;DISTRITO FEDERAL;ÓLEO DIESEL S-500;9538,12
2022;JUN;REGIÃO CENTRO-OESTE;DISTRITO FEDERAL;ÓLEO DIESEL S-500;8791
2022;JAN;REGIÃO NORTE;RONDÔNIA;ÓLEO DIESEL S-1800;0
2022;FEV;REGIÃO NORTE;RONDÔNIA;ÓLEO DIESEL S-1800;0
2022;MAR;REGIÃO NORTE;RONDÔNIA;ÓLEO DIESEL S-1800;0
2022;ABR;REGIÃO NORTE;RONDÔNIA;ÓLEO DIESEL S-1800;0
2022;MAI;REGIÃO NORTE;RONDÔNIA;ÓLEO DIESEL S-1800;0
2022;JUN;REGIÃO NORTE;RONDÔNIA;ÓLEO DIESEL S-1800;0
2022;JAN;REGIÃO NORTE;ACRE;ÓLEO DIESEL S-1800;0
2022;FEV;REGIÃO NORTE;ACRE;ÓLEO DIESEL S-1800;0
2022;MAR;REGIÃO NORTE;ACRE;ÓLEO DIESEL S-1800;0
2022;ABR;REGIÃO NORTE;ACRE;ÓLEO DIESEL S-1800;0
2022;MAI;REGIÃO NORTE;ACRE;ÓLEO DIESEL S-1800;0
2022;JUN;REGIÃO NORTE;ACRE;ÓLEO DIESEL S-1800;0
2022;JAN;REGIÃO NORTE;AMAZONAS;ÓLEO DIESEL S-1800;0
2022;FEV;REGIÃO NORTE;AMAZONAS;ÓLEO DIESEL S-1800;1125,525
2022;MAR;REGIÃO NORTE;AMAZONAS;ÓLEO DIESEL S-1800;4519,794
2022;ABR;REGIÃO NORTE;AMAZONAS;ÓLEO DIESEL S-1800;0
2022;MAI;REGIÃO NORTE;AMAZONAS;ÓLEO DIESEL S-1800;275,826
2022;JUN;REGIÃO NORTE;AMAZONAS;ÓLEO DIESEL S-1800;6136,843
2022;JAN;REGIÃO NORTE;RORAIMA;ÓLEO DIESEL S-1800;1474
2022;FEV;REGIÃO NORTE;RORAIMA;ÓLEO DIESEL S-1800;7954,5
2022;MAR;REGIÃO NORTE;RORAIMA;ÓLEO DIESEL S-1800;6852,5
2022;ABR;REGIÃO NORTE;RORAIMA;ÓLEO DIESEL S-1800;3989
2022;MAI;REGIÃO NORTE;RORAIMA;ÓLEO DIESEL S-1800;11754,5
2022;JUN;REGIÃO NORTE;RORAIMA;ÓLEO DIESEL S-1800;7085,5
2022;JAN;REGIÃO NORTE;PARÁ;ÓLEO DIESEL S-1800;0
2022;FEV;REGIÃO NORTE;PARÁ;ÓLEO DIESEL S-1800;0
2022;MAR;REGIÃO NORTE;PARÁ;ÓLEO DIESEL S-1800;0
2022;ABR;REGIÃO NORTE;PARÁ;ÓLEO DIESEL S-1800;0
2022;MAI;REGIÃO NORTE;PARÁ;ÓLEO DIESEL S-1800;0
2022;JUN;REGIÃO NORTE;PARÁ;ÓLEO DIESEL S-1800;0
2022;JAN;REGIÃO NORTE;AMAPÁ;ÓLEO DIESEL S-1800;0
2022;FEV;REGIÃO NORTE;AMAPÁ;ÓLEO DIESEL S-1800;0
2022;MAR;REGIÃO NORTE;AMAPÁ;ÓLEO DIESEL S-1800;0
2022;ABR;REGIÃO NORTE;AMAPÁ;ÓLEO DIESEL S-1800;0
2022;MAI;REGIÃO NORTE;AMAPÁ;ÓLEO DIESEL S-1800;0
2022;JUN;REGIÃO NORTE;AMAPÁ;ÓLEO DIESEL S-1800;0
2022;JAN;REGIÃO NORTE;TOCANTINS;ÓLEO DIESEL S-1800;0
2022;FEV;REGIÃO NORTE;TOCANTINS;ÓLEO DIESEL S-1800;0
2022;MAR;REGIÃO NORTE;TOCANTINS;ÓLEO DIESEL S-1800;0
2022;ABR;REGIÃO NORTE;TOCANTINS;ÓLEO DIESEL S-1800;0
2022;MAI;REGIÃO NORTE;TOCANTINS;ÓLEO DIESEL S-1800;0
2022;JUN;REGIÃO NORTE;TOCANTINS;ÓLEO DIESEL S-1800;0
2022;JAN;REGIÃO NORDESTE;MARANHÃO;ÓLEO DIESEL S-1800;0
2022;FEV;REGIÃO NORDESTE;MARANHÃO;ÓLEO DIESEL S-1800;0
2022;MAR;REGIÃO NORDESTE;MARANHÃO;ÓLEO DIESEL S-1800;0
2022;ABR;REGIÃO NORDESTE;MARANHÃO;ÓLEO DIESEL S-1800;0
2022;MAI;REGIÃO NORDESTE;MARANHÃO;ÓLEO DIESEL S-1800;0
2022;JUN;REGIÃO NORDESTE;MARANHÃO;ÓLEO DIESEL S-1800;0
2022;JAN;REGIÃO NORDESTE;PIAUÍ;ÓLEO DIESEL S-1800;0
2022;FEV;REGIÃO NORDESTE;PIAUÍ;ÓLEO DIESEL S-1800;0
2022;MAR;REGIÃO NORDESTE;PIAUÍ;ÓLEO DIESEL S-1800;0
2022;ABR;REGIÃO NORDESTE;PIAUÍ;ÓLEO DIESEL S-1800;0
2022;MAI;REGIÃO NORDESTE;PIAUÍ;ÓLEO DIESEL S-1800;0
2022;JUN;REGIÃO NORDESTE;PIAUÍ;ÓLEO DIESEL S-1800;0
2022;JAN;REGIÃO NORDESTE;CEARÁ;ÓLEO DIESEL S-1800;0
2022;FEV;REGIÃO NORDESTE;CEARÁ;ÓLEO DIESEL S-1800;0
2022;MAR;REGIÃO NORDESTE;CEARÁ;ÓLEO DIESEL S-1800;0
2022;ABR;REGIÃO NORDESTE;CEARÁ;ÓLEO DIESEL S-1800;0
2022;MAI;REGIÃO NORDESTE;CEARÁ;ÓLEO DIESEL S-1800;0
2022;JUN;REGIÃO NORDESTE;CEARÁ;ÓLEO DIESEL S-1800;0
2022;JAN;REGIÃO NORDESTE;RIO GRANDE DO NORTE;ÓLEO DIESEL S-1800;0
2022;FEV;REGIÃO NORDESTE;RIO GRANDE DO NORTE;ÓLEO DIESEL S-1800;0
2022;MAR;REGIÃO NORDESTE;RIO GRANDE DO NORTE;ÓLEO DIESEL S-1800;0
2022;ABR;REGIÃO NORDESTE;RIO GRANDE DO NORTE;ÓLEO DIESEL S-1800;0
2022;MAI;REGIÃO NORDESTE;RIO GRANDE DO NORTE;ÓLEO DIESEL S-1800;0
2022;JUN;REGIÃO NORDESTE;RIO GRANDE DO NORTE;ÓLEO DIESEL S-1800;0
2022;JAN;REGIÃO NORDESTE;PARAÍBA;ÓLEO DIESEL S-1800;0
2022;FEV;REGIÃO NORDESTE;PARAÍBA;ÓLEO DIESEL S-1800;0
2022;MAR;REGIÃO NORDESTE;PARAÍBA;ÓLEO DIESEL S-1800;0
2022;ABR;REGIÃO NORDESTE;PARAÍBA;ÓLEO DIESEL S-1800;0
2022;MAI;REGIÃO NORDESTE;PARAÍBA;ÓLEO DIESEL S-1800;0
2022;JUN;REGIÃO NORDESTE;PARAÍBA;ÓLEO DIESEL S-1800;0
2022;JAN;REGIÃO NORDESTE;PERNAMBUCO;ÓLEO DIESEL S-1800;0
2022;FEV;REGIÃO NORDESTE;PERNAMBUCO;ÓLEO DIESEL S-1800;0
2022;MAR;REGIÃO NORDESTE;PERNAMBUCO;ÓLEO DIESEL S-1800;0
2022;ABR;REGIÃO NORDESTE;PERNAMBUCO;ÓLEO DIESEL S-1800;0
2022;MAI;REGIÃO NORDESTE;PERNAMBUCO;ÓLEO DIESEL S-1800;0
2022;JUN;REGIÃO NORDESTE;PERNAMBUCO;ÓLEO DIESEL S-1800;0
2022;JAN;REGIÃO NORDESTE;ALAGOAS;ÓLEO DIESEL S-1800;0
2022;FEV;REGIÃO NORDESTE;ALAGOAS;ÓLEO DIESEL S-1800;0
2022;MAR;REGIÃO NORDESTE;ALAGOAS;ÓLEO DIESEL S-1800;0
2022;ABR;REGIÃO NORDESTE;ALAGOAS;ÓLEO DIESEL S-1800;0
2022;MAI;REGIÃO NORDESTE;ALAGOAS;ÓLEO DIESEL S-1800;0
2022;JUN;REGIÃO NORDESTE;ALAGOAS;ÓLEO DIESEL S-1800;0
2022;JAN;REGIÃO NORDESTE;SERGIPE;ÓLEO DIESEL S-1800;0
2022;FEV;REGIÃO NORDESTE;SERGIPE;ÓLEO DIESEL S-1800;0
2022;MAR;REGIÃO NORDESTE;SERGIPE;ÓLEO DIESEL S-1800;0
2022;ABR;REGIÃO NORDESTE;SERGIPE;ÓLEO DIESEL S-1800;0
2022;MAI;REGIÃO NORDESTE;SERGIPE;ÓLEO DIESEL S-1800;0
2022;JUN;REGIÃO NORDESTE;SERGIPE;ÓLEO DIESEL S-1800;0
2022;JAN;REGIÃO NORDESTE;BAHIA;ÓLEO DIESEL S-1800;0
2022;FEV;REGIÃO NORDESTE;BAHIA;ÓLEO DIESEL S-1800;0
2022;MAR;REGIÃO NORDESTE;BAHIA;ÓLEO DIESEL S-1800;0
2022;ABR;REGIÃO NORDESTE;BAHIA;ÓLEO DIESEL S-1800;0
2022;MAI;REGIÃO NORDESTE;BAHIA;ÓLEO DIESEL S-1800;0
2022;JUN;REGIÃO NORDESTE;BAHIA;ÓLEO DIESEL S-1800;0
2022;JAN;REGIÃO SUDESTE;MINAS GERAIS;ÓLEO DIESEL S-1800;0
2022;FEV;REGIÃO SUDESTE;MINAS GERAIS;ÓLEO DIESEL S-1800;0
2022;MAR;REGIÃO SUDESTE;MINAS GERAIS;ÓLEO DIESEL S-1800;0
2022;ABR;REGIÃO SUDESTE;MINAS GERAIS;ÓLEO DIESEL S-1800;0
2022;MAI;REGIÃO SUDESTE;MINAS GERAIS;ÓLEO DIESEL S-1800;0
2022;JUN;REGIÃO SUDESTE;MINAS GERAIS;ÓLEO DIESEL S-1800;0
2022;JAN;REGIÃO SUDESTE;ESPÍRITO SANTO;ÓLEO DIESEL S-1800;0
2022;FEV;REGIÃO SUDESTE;ESPÍRITO SANTO;ÓLEO DIESEL S-1800;0
2022;MAR;REGIÃO SUDESTE;ESPÍRITO SANTO;ÓLEO DIESEL S-1800;0
2022;ABR;REGIÃO SUDESTE;ESPÍRITO SANTO;ÓLEO DIESEL S-1800;0
2022;MAI;REGIÃO SUDESTE;ESPÍRITO SANTO;ÓLEO DIESEL S-1800;0
2022;JUN;REGIÃO SUDESTE;ESPÍRITO SANTO;ÓLEO DIESEL S-1800;0
2022;JAN;REGIÃO SUDESTE;RIO DE JANEIRO;ÓLEO DIESEL S-1800;0
2022;FEV;REGIÃO SUDESTE;RIO DE JANEIRO;ÓLEO DIESEL S-1800;0
2022;MAR;REGIÃO SUDESTE;RIO DE JANEIRO;ÓLEO DIESEL S-1800;0
2022;ABR;REGIÃO SUDESTE;RIO DE JANEIRO;ÓLEO DIESEL S-1800;0
2022;MAI;REGIÃO SUDESTE;RIO DE JANEIRO;ÓLEO DIESEL S-1800;0
2022;JUN;REGIÃO SUDESTE;RIO DE JANEIRO;ÓLEO DIESEL S-1800;0
2022;JAN;REGIÃO SUDESTE;SÃO PAULO;ÓLEO DIESEL S-1800;0
2022;FEV;REGIÃO SUDESTE;SÃO PAULO;ÓLEO DIESEL S-1800;0
2022;MAR;REGIÃO SUDESTE;SÃO PAULO;ÓLEO DIESEL S-1800;0
2022;ABR;REGIÃO SUDESTE;SÃO PAULO;ÓLEO DIESEL S-1800;0
2022;MAI;REGIÃO SUDESTE;SÃO PAULO;ÓLEO DIESEL S-1800;0
2022;JUN;REGIÃO SUDESTE;SÃO PAULO;ÓLEO DIESEL S-1800;0
2022;JAN;REGIÃO SUL;PARANÁ;ÓLEO DIESEL S-1800;0
2022;FEV;REGIÃO SUL;PARANÁ;ÓLEO DIESEL S-1800;0
2022;MAR;REGIÃO SUL;PARANÁ;ÓLEO DIESEL S-1800;0
2022;ABR;REGIÃO SUL;PARANÁ;ÓLEO DIESEL S-1800;0
2022;MAI;REGIÃO SUL;PARANÁ;ÓLEO DIESEL S-1800;105
2022;JUN;REGIÃO SUL;PARANÁ;ÓLEO DIESEL S-1800;120
2022;JAN;REGIÃO SUL;SANTA CATARINA;ÓLEO DIESEL S-1800;0
2022;FEV;REGIÃO SUL;SANTA CATARINA;ÓLEO DIESEL S-1800;0
2022;MAR;REGIÃO SUL;SANTA CATARINA;ÓLEO DIESEL S-1800;0
2022;ABR;REGIÃO SUL;SANTA CATARINA;ÓLEO DIESEL S-1800;0
2022;MAI;REGIÃO SUL;SANTA CATARINA;ÓLEO DIESEL S-1800;0
2022;JUN;REGIÃO SUL;SANTA CATARINA;ÓLEO DIESEL S-1800;0
2022;JAN;REGIÃO SUL;RIO GRANDE DO SUL;ÓLEO DIESEL S-1800;0
2022;FEV;REGIÃO SUL;RIO GRANDE DO SUL;ÓLEO DIESEL S-1800;0
2022;MAR;REGIÃO SUL;RIO GRANDE DO SUL;ÓLEO DIESEL S-1800;0
2022;ABR;REGIÃO SUL;RIO GRANDE DO SUL;ÓLEO DIESEL S-1800;0
2022;MAI;REGIÃO SUL;RIO GRANDE DO SUL;ÓLEO DIESEL S-1800;0
2022;JUN;REGIÃO SUL;RIO GRANDE DO SUL;ÓLEO DIESEL S-1800;0
2022;JAN;REGIÃO CENTRO-OESTE;MATO GROSSO DO SUL;ÓLEO DIESEL S-1800;0
2022;FEV;REGIÃO CENTRO-OESTE;MATO GROSSO DO SUL;ÓLEO DIESEL S-1800;0
2022;MAR;REGIÃO CENTRO-OESTE;MATO GROSSO DO SUL;ÓLEO DIESEL S-1800;0
2022;ABR;REGIÃO CENTRO-OESTE;MATO GROSSO DO SUL;ÓLEO DIESEL S-1800;0
2022;MAI;REGIÃO CENTRO-OESTE;MATO GROSSO DO SUL;ÓLEO DIESEL S-1800;0
2022;JUN;REGIÃO CENTRO-OESTE;MATO GROSSO DO SUL;ÓLEO DIESEL S-1800;0
2022;JAN;REGIÃO CENTRO-OESTE;MATO GROSSO;ÓLEO DIESEL S-1800;0
2022;FEV;REGIÃO CENTRO-OESTE;MATO GROSSO;ÓLEO DIESEL S-1800;0
2022;MAR;REGIÃO CENTRO-OESTE;MATO GROSSO;ÓLEO DIESEL S-1800;0
2022;ABR;REGIÃO CENTRO-OESTE;MATO GROSSO;ÓLEO DIESEL S-1800;0
2022;MAI;REGIÃO CENTRO-OESTE;MATO GROSSO;ÓLEO DIESEL S-1800;0
2022;JUN;REGIÃO CENTRO-OESTE;MATO GROSSO;ÓLEO DIESEL S-1800;0
2022;JAN;REGIÃO CENTRO-OESTE;GOIÁS;ÓLEO DIESEL S-1800;0
2022;FEV;REGIÃO CENTRO-OESTE;GOIÁS;ÓLEO DIESEL S-1800;0
2022;MAR;REGIÃO CENTRO-OESTE;GOIÁS;ÓLEO DIESEL S-1800;0
2022;ABR;REGIÃO CENTRO-OESTE;GOIÁS;ÓLEO DIESEL S-1800;0
2022;MAI;REGIÃO CENTRO-OESTE;GOIÁS;ÓLEO DIESEL S-1800;0
2022;JUN;REGIÃO CENTRO-OESTE;GOIÁS;ÓLEO DIESEL S-1800;0
2022;JAN;REGIÃO CENTRO-OESTE;DISTRITO FEDERAL;ÓLEO DIESEL S-1800;0
2022;FEV;REGIÃO CENTRO-OESTE;DISTRITO FEDERAL;ÓLEO DIESEL S-1800;0
2022;MAR;REGIÃO CENTRO-OESTE;DISTRITO FEDERAL;ÓLEO DIESEL S-1800;0
2022;ABR;REGIÃO CENTRO-OESTE;DISTRITO FEDERAL;ÓLEO DIESEL S-1800;0
2022;MAI;REGIÃO CENTRO-OESTE;DISTRITO FEDERAL;ÓLEO DIESEL S-1800;0
2022;JUN;REGIÃO CENTRO-OESTE;DISTRITO FEDERAL;ÓLEO DIESEL S-1800;0
2022;JAN;REGIÃO NORTE;RONDÔNIA;ÓLEO DIESEL MARÍTIMO;2137,7
2022;FEV;REGIÃO NORTE;RONDÔNIA;ÓLEO DIESEL MARÍTIMO;2287,7
2022;MAR;REGIÃO NORTE;RONDÔNIA;ÓLEO DIESEL MARÍTIMO;2204,2
2022;ABR;REGIÃO NORTE;RONDÔNIA;ÓLEO DIESEL MARÍTIMO;2306,1
2022;MAI;REGIÃO NORTE;RONDÔNIA;ÓLEO DIESEL MARÍTIMO;2549,1
2022;JUN;REGIÃO NORTE;RONDÔNIA;ÓLEO DIESEL MARÍTIMO;2805
2022;JAN;REGIÃO NORTE;ACRE;ÓLEO DIESEL MARÍTIMO;194
2022;FEV;REGIÃO NORTE;ACRE;ÓLEO DIESEL MARÍTIMO;193
2022;MAR;REGIÃO NORTE;ACRE;ÓLEO DIESEL MARÍTIMO;253
2022;ABR;REGIÃO NORTE;ACRE;ÓLEO DIESEL MARÍTIMO;222
2022;MAI;REGIÃO NORTE;ACRE;ÓLEO DIESEL MARÍTIMO;236
2022;JUN;REGIÃO NORTE;ACRE;ÓLEO DIESEL MARÍTIMO;156
2022;JAN;REGIÃO NORTE;AMAZONAS;ÓLEO DIESEL MARÍTIMO;21335,272
2022;FEV;REGIÃO NORTE;AMAZONAS;ÓLEO DIESEL MARÍTIMO;19822,619
2022;MAR;REGIÃO NORTE;AMAZONAS;ÓLEO DIESEL MARÍTIMO;17873,905
2022;ABR;REGIÃO NORTE;AMAZONAS;ÓLEO DIESEL MARÍTIMO;21207,114
2022;MAI;REGIÃO NORTE;AMAZONAS;ÓLEO DIESEL MARÍTIMO;21103,972
2022;JUN;REGIÃO NORTE;AMAZONAS;ÓLEO DIESEL MARÍTIMO;21423,806
2022;JAN;REGIÃO NORTE;RORAIMA;ÓLEO DIESEL MARÍTIMO;0
2022;FEV;REGIÃO NORTE;RORAIMA;ÓLEO DIESEL MARÍTIMO;0
2022;MAR;REGIÃO NORTE;RORAIMA;ÓLEO DIESEL MARÍTIMO;0
2022;ABR;REGIÃO NORTE;RORAIMA;ÓLEO DIESEL MARÍTIMO;0
2022;MAI;REGIÃO NORTE;RORAIMA;ÓLEO DIESEL MARÍTIMO;0
2022;JUN;REGIÃO NORTE;RORAIMA;ÓLEO DIESEL MARÍTIMO;0
2022;JAN;REGIÃO NORTE;PARÁ;ÓLEO DIESEL MARÍTIMO;19227,09
2022;FEV;REGIÃO NORTE;PARÁ;ÓLEO DIESEL MARÍTIMO;18530,638
2022;MAR;REGIÃO NORTE;PARÁ;ÓLEO DIESEL MARÍTIMO;18855,783
2022;ABR;REGIÃO NORTE;PARÁ;ÓLEO DIESEL MARÍTIMO;17821,587
2022;MAI;REGIÃO NORTE;PARÁ;ÓLEO DIESEL MARÍTIMO;22816,415
2022;JUN;REGIÃO NORTE;PARÁ;ÓLEO DIESEL MARÍTIMO;17097,883
2022;JAN;REGIÃO NORTE;AMAPÁ;ÓLEO DIESEL MARÍTIMO;220
2022;FEV;REGIÃO NORTE;AMAPÁ;ÓLEO DIESEL MARÍTIMO;190
2022;MAR;REGIÃO NORTE;AMAPÁ;ÓLEO DIESEL MARÍTIMO;208
2022;ABR;REGIÃO NORTE;AMAPÁ;ÓLEO DIESEL MARÍTIMO;197
2022;MAI;REGIÃO NORTE;AMAPÁ;ÓLEO DIESEL MARÍTIMO;278
2022;JUN;REGIÃO NORTE;AMAPÁ;ÓLEO DIESEL MARÍTIMO;275,5
2022;JAN;REGIÃO NORTE;TOCANTINS;ÓLEO DIESEL MARÍTIMO;0
2022;FEV;REGIÃO NORTE;TOCANTINS;ÓLEO DIESEL MARÍTIMO;0
2022;MAR;REGIÃO NORTE;TOCANTINS;ÓLEO DIESEL MARÍTIMO;0
2022;ABR;REGIÃO NORTE;TOCANTINS;ÓLEO DIESEL MARÍTIMO;36
2022;MAI;REGIÃO NORTE;TOCANTINS;ÓLEO DIESEL MARÍTIMO;905,5
2022;JUN;REGIÃO NORTE;TOCANTINS;ÓLEO DIESEL MARÍTIMO;366
2022;JAN;REGIÃO NORDESTE;MARANHÃO;ÓLEO DIESEL MARÍTIMO;855
2022;FEV;REGIÃO NORDESTE;MARANHÃO;ÓLEO DIESEL MARÍTIMO;780
2022;MAR;REGIÃO NORDESTE;MARANHÃO;ÓLEO DIESEL MARÍTIMO;1415
2022;ABR;REGIÃO NORDESTE;MARANHÃO;ÓLEO DIESEL MARÍTIMO;1582,5
2022;MAI;REGIÃO NORDESTE;MARANHÃO;ÓLEO DIESEL MARÍTIMO;968
2022;JUN;REGIÃO NORDESTE;MARANHÃO;ÓLEO DIESEL MARÍTIMO;752
2022;JAN;REGIÃO NORDESTE;PIAUÍ;ÓLEO DIESEL MARÍTIMO;0
2022;FEV;REGIÃO NORDESTE;PIAUÍ;ÓLEO DIESEL MARÍTIMO;80
2022;MAR;REGIÃO NORDESTE;PIAUÍ;ÓLEO DIESEL MARÍTIMO;80
2022;ABR;REGIÃO NORDESTE;PIAUÍ;ÓLEO DIESEL MARÍTIMO;265
2022;MAI;REGIÃO NORDESTE;PIAUÍ;ÓLEO DIESEL MARÍTIMO;85
2022;JUN;REGIÃO NORDESTE;PIAUÍ;ÓLEO DIESEL MARÍTIMO;160
2022;JAN;REGIÃO NORDESTE;CEARÁ;ÓLEO DIESEL MARÍTIMO;768
2022;FEV;REGIÃO NORDESTE;CEARÁ;ÓLEO DIESEL MARÍTIMO;1021
2022;MAR;REGIÃO NORDESTE;CEARÁ;ÓLEO DIESEL MARÍTIMO;1146
2022;ABR;REGIÃO NORDESTE;CEARÁ;ÓLEO DIESEL MARÍTIMO;1404
2022;MAI;REGIÃO NORDESTE;CEARÁ;ÓLEO DIESEL MARÍTIMO;1136
2022;JUN;REGIÃO NORDESTE;CEARÁ;ÓLEO DIESEL MARÍTIMO;1326
2022;JAN;REGIÃO NORDESTE;RIO GRANDE DO NORTE;ÓLEO DIESEL MARÍTIMO;560
2022;FEV;REGIÃO NORDESTE;RIO GRANDE DO NORTE;ÓLEO DIESEL MARÍTIMO;760
2022;MAR;REGIÃO NORDESTE;RIO GRANDE DO NORTE;ÓLEO DIESEL MARÍTIMO;815
2022;ABR;REGIÃO NORDESTE;RIO GRANDE DO NORTE;ÓLEO DIESEL MARÍTIMO;711
2022;MAI;REGIÃO NORDESTE;RIO GRANDE DO NORTE;ÓLEO DIESEL MARÍTIMO;859
2022;JUN;REGIÃO NORDESTE;RIO GRANDE DO NORTE;ÓLEO DIESEL MARÍTIMO;915
2022;JAN;REGIÃO NORDESTE;PARAÍBA;ÓLEO DIESEL MARÍTIMO;0
2022;FEV;REGIÃO NORDESTE;PARAÍBA;ÓLEO DIESEL MARÍTIMO;0
2022;MAR;REGIÃO NORDESTE;PARAÍBA;ÓLEO DIESEL MARÍTIMO;70
2022;ABR;REGIÃO NORDESTE;PARAÍBA;ÓLEO DIESEL MARÍTIMO;0
2022;MAI;REGIÃO NORDESTE;PARAÍBA;ÓLEO DIESEL MARÍTIMO;0
2022;JUN;REGIÃO NORDESTE;PARAÍBA;ÓLEO DIESEL MARÍTIMO;0
2022;JAN;REGIÃO NORDESTE;PERNAMBUCO;ÓLEO DIESEL MARÍTIMO;375
2022;FEV;REGIÃO NORDESTE;PERNAMBUCO;ÓLEO DIESEL MARÍTIMO;221
2022;MAR;REGIÃO NORDESTE;PERNAMBUCO;ÓLEO DIESEL MARÍTIMO;461
2022;ABR;REGIÃO NORDESTE;PERNAMBUCO;ÓLEO DIESEL MARÍTIMO;639
2022;MAI;REGIÃO NORDESTE;PERNAMBUCO;ÓLEO DIESEL MARÍTIMO;250,5
2022;JUN;REGIÃO NORDESTE;PERNAMBUCO;ÓLEO DIESEL MARÍTIMO;332
2022;JAN;REGIÃO NORDESTE;ALAGOAS;ÓLEO DIESEL MARÍTIMO;625,052
2022;FEV;REGIÃO NORDESTE;ALAGOAS;ÓLEO DIESEL MARÍTIMO;1614,027
2022;MAR;REGIÃO NORDESTE;ALAGOAS;ÓLEO DIESEL MARÍTIMO;2145,546
2022;ABR;REGIÃO NORDESTE;ALAGOAS;ÓLEO DIESEL MARÍTIMO;264,632
2022;MAI;REGIÃO NORDESTE;ALAGOAS;ÓLEO DIESEL MARÍTIMO;631,099
2022;JUN;REGIÃO NORDESTE;ALAGOAS;ÓLEO DIESEL MARÍTIMO;427,707
2022;JAN;REGIÃO NORDESTE;SERGIPE;ÓLEO DIESEL MARÍTIMO;0
2022;FEV;REGIÃO NORDESTE;SERGIPE;ÓLEO DIESEL MARÍTIMO;156
2022;MAR;REGIÃO NORDESTE;SERGIPE;ÓLEO DIESEL MARÍTIMO;90
2022;ABR;REGIÃO NORDESTE;SERGIPE;ÓLEO DIESEL MARÍTIMO;40
2022;MAI;REGIÃO NORDESTE;SERGIPE;ÓLEO DIESEL MARÍTIMO;160
2022;JUN;REGIÃO NORDESTE;SERGIPE;ÓLEO DIESEL MARÍTIMO;60
2022;JAN;REGIÃO NORDESTE;BAHIA;ÓLEO DIESEL MARÍTIMO;1126
2022;FEV;REGIÃO NORDESTE;BAHIA;ÓLEO DIESEL MARÍTIMO;755
2022;MAR;REGIÃO NORDESTE;BAHIA;ÓLEO DIESEL MARÍTIMO;960
2022;ABR;REGIÃO NORDESTE;BAHIA;ÓLEO DIESEL MARÍTIMO;675
2022;MAI;REGIÃO NORDESTE;BAHIA;ÓLEO DIESEL MARÍTIMO;727
2022;JUN;REGIÃO NORDESTE;BAHIA;ÓLEO DIESEL MARÍTIMO;820
2022;JAN;REGIÃO SUDESTE;MINAS GERAIS;ÓLEO DIESEL MARÍTIMO;0
2022;FEV;REGIÃO SUDESTE;MINAS GERAIS;ÓLEO DIESEL MARÍTIMO;0
2022;MAR;REGIÃO SUDESTE;MINAS GERAIS;ÓLEO DIESEL MARÍTIMO;0
2022;ABR;REGIÃO SUDESTE;MINAS GERAIS;ÓLEO DIESEL MARÍTIMO;0
2022;MAI;REGIÃO SUDESTE;MINAS GERAIS;ÓLEO DIESEL MARÍTIMO;0
2022;JUN;REGIÃO SUDESTE;MINAS GERAIS;ÓLEO DIESEL MARÍTIMO;0
2022;JAN;REGIÃO SUDESTE;ESPÍRITO SANTO;ÓLEO DIESEL MARÍTIMO;2642
2022;FEV;REGIÃO SUDESTE;ESPÍRITO SANTO;ÓLEO DIESEL MARÍTIMO;1423
2022;MAR;REGIÃO SUDESTE;ESPÍRITO SANTO;ÓLEO DIESEL MARÍTIMO;2164
2022;ABR;REGIÃO SUDESTE;ESPÍRITO SANTO;ÓLEO DIESEL MARÍTIMO;2019
2022;MAI;REGIÃO SUDESTE;ESPÍRITO SANTO;ÓLEO DIESEL MARÍTIMO;4230,185
2022;JUN;REGIÃO SUDESTE;ESPÍRITO SANTO;ÓLEO DIESEL MARÍTIMO;4312,78
2022;JAN;REGIÃO SUDESTE;RIO DE JANEIRO;ÓLEO DIESEL MARÍTIMO;36741,244
2022;FEV;REGIÃO SUDESTE;RIO DE JANEIRO;ÓLEO DIESEL MARÍTIMO;29137,321
2022;MAR;REGIÃO SUDESTE;RIO DE JANEIRO;ÓLEO DIESEL MARÍTIMO;30757,634
2022;ABR;REGIÃO SUDESTE;RIO DE JANEIRO;ÓLEO DIESEL MARÍTIMO;30675,771
2022;MAI;REGIÃO SUDESTE;RIO DE JANEIRO;ÓLEO DIESEL MARÍTIMO;36506,295
2022;JUN;REGIÃO SUDESTE;RIO DE JANEIRO;ÓLEO DIESEL MARÍTIMO;39768,109
2022;JAN;REGIÃO SUDESTE;SÃO PAULO;ÓLEO DIESEL MARÍTIMO;2737,753
2022;FEV;REGIÃO SUDESTE;SÃO PAULO;ÓLEO DIESEL MARÍTIMO;2631,651
2022;MAR;REGIÃO SUDESTE;SÃO PAULO;ÓLEO DIESEL MARÍTIMO;2173,657
2022;ABR;REGIÃO SUDESTE;SÃO PAULO;ÓLEO DIESEL MARÍTIMO;2799,386
2022;MAI;REGIÃO SUDESTE;SÃO PAULO;ÓLEO DIESEL MARÍTIMO;2175,153
2022;JUN;REGIÃO SUDESTE;SÃO PAULO;ÓLEO DIESEL MARÍTIMO;3522
2022;JAN;REGIÃO SUL;PARANÁ;ÓLEO DIESEL MARÍTIMO;1514
2022;FEV;REGIÃO SUL;PARANÁ;ÓLEO DIESEL MARÍTIMO;1166,5
2022;MAR;REGIÃO SUL;PARANÁ;ÓLEO DIESEL MARÍTIMO;1175
2022;ABR;REGIÃO SUL;PARANÁ;ÓLEO DIESEL MARÍTIMO;888
2022;MAI;REGIÃO SUL;PARANÁ;ÓLEO DIESEL MARÍTIMO;1142,5
2022;JUN;REGIÃO SUL;PARANÁ;ÓLEO DIESEL MARÍTIMO;1178,5
2022;JAN;REGIÃO SUL;SANTA CATARINA;ÓLEO DIESEL MARÍTIMO;4836,729
2022;FEV;REGIÃO SUL;SANTA CATARINA;ÓLEO DIESEL MARÍTIMO;5331,042
2022;MAR;REGIÃO SUL;SANTA CATARINA;ÓLEO DIESEL MARÍTIMO;4894,339
2022;ABR;REGIÃO SUL;SANTA CATARINA;ÓLEO DIESEL MARÍTIMO;4881,983
2022;MAI;REGIÃO SUL;SANTA CATARINA;ÓLEO DIESEL MARÍTIMO;6278,982
2022;JUN;REGIÃO SUL;SANTA CATARINA;ÓLEO DIESEL MARÍTIMO;6356,179
2022;JAN;REGIÃO SUL;RIO GRANDE DO SUL;ÓLEO DIESEL MARÍTIMO;2770
2022;FEV;REGIÃO SUL;RIO GRANDE DO SUL;ÓLEO DIESEL MARÍTIMO;1829,5
2022;MAR;REGIÃO SUL;RIO GRANDE DO SUL;ÓLEO DIESEL MARÍTIMO;1932
2022;ABR;REGIÃO SUL;RIO GRANDE DO SUL;ÓLEO DIESEL MARÍTIMO;1467
2022;MAI;REGIÃO SUL;RIO GRANDE DO SUL;ÓLEO DIESEL MARÍTIMO;1224
2022;JUN;REGIÃO SUL;RIO GRANDE DO SUL;ÓLEO DIESEL MARÍTIMO;1334
2022;JAN;REGIÃO CENTRO-OESTE;MATO GROSSO DO SUL;ÓLEO DIESEL MARÍTIMO;64
2022;FEV;REGIÃO CENTRO-OESTE;MATO GROSSO DO SUL;ÓLEO DIESEL MARÍTIMO;158
2022;MAR;REGIÃO CENTRO-OESTE;MATO GROSSO DO SUL;ÓLEO DIESEL MARÍTIMO;390
2022;ABR;REGIÃO CENTRO-OESTE;MATO GROSSO DO SUL;ÓLEO DIESEL MARÍTIMO;431
2022;MAI;REGIÃO CENTRO-OESTE;MATO GROSSO DO SUL;ÓLEO DIESEL MARÍTIMO;356
2022;JUN;REGIÃO CENTRO-OESTE;MATO GROSSO DO SUL;ÓLEO DIESEL MARÍTIMO;217
2022;JAN;REGIÃO CENTRO-OESTE;MATO GROSSO;ÓLEO DIESEL MARÍTIMO;0
2022;FEV;REGIÃO CENTRO-OESTE;MATO GROSSO;ÓLEO DIESEL MARÍTIMO;0
2022;MAR;REGIÃO CENTRO-OESTE;MATO GROSSO;ÓLEO DIESEL MARÍTIMO;0
2022;ABR;REGIÃO CENTRO-OESTE;MATO GROSSO;ÓLEO DIESEL MARÍTIMO;0
2022;MAI;REGIÃO CENTRO-OESTE;MATO GROSSO;ÓLEO DIESEL MARÍTIMO;0
2022;JUN;REGIÃO CENTRO-OESTE;MATO GROSSO;ÓLEO DIESEL MARÍTIMO;0
2022;JAN;REGIÃO CENTRO-OESTE;GOIÁS;ÓLEO DIESEL MARÍTIMO;0
2022;FEV;REGIÃO CENTRO-OESTE;GOIÁS;ÓLEO DIESEL MARÍTIMO;0
2022;MAR;REGIÃO CENTRO-OESTE;GOIÁS;ÓLEO DIESEL MARÍTIMO;0
2022;ABR;REGIÃO CENTRO-OESTE;GOIÁS;ÓLEO DIESEL MARÍTIMO;0
2022;MAI;REGIÃO CENTRO-OESTE;GOIÁS;ÓLEO DIESEL MARÍTIMO;0
2022;JUN;REGIÃO CENTRO-OESTE;GOIÁS;ÓLEO DIESEL MARÍTIMO;0
2022;JAN;REGIÃO CENTRO-OESTE;DISTRITO FEDERAL;ÓLEO DIESEL MARÍTIMO;0
2022;FEV;REGIÃO CENTRO-OESTE;DISTRITO FEDERAL;ÓLEO DIESEL MARÍTIMO;0
2022;MAR;REGIÃO CENTRO-OESTE;DISTRITO FEDERAL;ÓLEO DIESEL MARÍTIMO;0
2022;ABR;REGIÃO CENTRO-OESTE;DISTRITO FEDERAL;ÓLEO DIESEL MARÍTIMO;0
2022;MAI;REGIÃO CENTRO-OESTE;DISTRITO FEDERAL;ÓLEO DIESEL MARÍTIMO;0
2022;JUN;REGIÃO CENTRO-OESTE;DISTRITO FEDERAL;ÓLEO DIESEL MARÍTIMO;0
2022;JAN;REGIÃO NORTE;RONDÔNIA;ÓLEO DIESEL (OUTROS );0
2022;FEV;REGIÃO NORTE;RONDÔNIA;ÓLEO DIESEL (OUTROS );0
2022;MAR;REGIÃO NORTE;RONDÔNIA;ÓLEO DIESEL (OUTROS );0
2022;ABR;REGIÃO NORTE;RONDÔNIA;ÓLEO DIESEL (OUTROS );0
2022;MAI;REGIÃO NORTE;RONDÔNIA;ÓLEO DIESEL (OUTROS );0
2022;JUN;REGIÃO NORTE;RONDÔNIA;ÓLEO DIESEL (OUTROS );0
2022;JAN;REGIÃO NORTE;ACRE;ÓLEO DIESEL (OUTROS );0
2022;FEV;REGIÃO NORTE;ACRE;ÓLEO DIESEL (OUTROS );0
2022;MAR;REGIÃO NORTE;ACRE;ÓLEO DIESEL (OUTROS );0
2022;ABR;REGIÃO NORTE;ACRE;ÓLEO DIESEL (OUTROS );0
2022;MAI;REGIÃO NORTE;ACRE;ÓLEO DIESEL (OUTROS );0
2022;JUN;REGIÃO NORTE;ACRE;ÓLEO DIESEL (OUTROS );0
2022;JAN;REGIÃO NORTE;AMAZONAS;ÓLEO DIESEL (OUTROS );0
2022;FEV;REGIÃO NORTE;AMAZONAS;ÓLEO DIESEL (OUTROS );0
2022;MAR;REGIÃO NORTE;AMAZONAS;ÓLEO DIESEL (OUTROS );0
2022;ABR;REGIÃO NORTE;AMAZONAS;ÓLEO DIESEL (OUTROS );0
2022;MAI;REGIÃO NORTE;AMAZONAS;ÓLEO DIESEL (OUTROS );0
2022;JUN;REGIÃO NORTE;AMAZONAS;ÓLEO DIESEL (OUTROS );0
2022;JAN;REGIÃO NORTE;RORAIMA;ÓLEO DIESEL (OUTROS );0
2022;FEV;REGIÃO NORTE;RORAIMA;ÓLEO DIESEL (OUTROS );0
2022;MAR;REGIÃO NORTE;RORAIMA;ÓLEO DIESEL (OUTROS );0
2022;ABR;REGIÃO NORTE;RORAIMA;ÓLEO DIESEL (OUTROS );0
2022;MAI;REGIÃO NORTE;RORAIMA;ÓLEO DIESEL (OUTROS );0
2022;JUN;REGIÃO NORTE;RORAIMA;ÓLEO DIESEL (OUTROS );0
2022;JAN;REGIÃO NORTE;PARÁ;ÓLEO DIESEL (OUTROS );0
2022;FEV;REGIÃO NORTE;PARÁ;ÓLEO DIESEL (OUTROS );0
2022;MAR;REGIÃO NORTE;PARÁ;ÓLEO DIESEL (OUTROS );0
2022;ABR;REGIÃO NORTE;PARÁ;ÓLEO DIESEL (OUTROS );0
2022;MAI;REGIÃO NORTE;PARÁ;ÓLEO DIESEL (OUTROS );0
2022;JUN;REGIÃO NORTE;PARÁ;ÓLEO DIESEL (OUTROS );0
2022;JAN;REGIÃO NORTE;AMAPÁ;ÓLEO DIESEL (OUTROS );0
2022;FEV;REGIÃO NORTE;AMAPÁ;ÓLEO DIESEL (OUTROS );0
2022;MAR;REGIÃO NORTE;AMAPÁ;ÓLEO DIESEL (OUTROS );0
2022;ABR;REGIÃO NORTE;AMAPÁ;ÓLEO DIESEL (OUTROS );0
2022;MAI;REGIÃO NORTE;AMAPÁ;ÓLEO DIESEL (OUTROS );0
2022;JUN;REGIÃO NORTE;AMAPÁ;ÓLEO DIESEL (OUTROS );0
2022;JAN;REGIÃO NORTE;TOCANTINS;ÓLEO DIESEL (OUTROS );0
2022;FEV;REGIÃO NORTE;TOCANTINS;ÓLEO DIESEL (OUTROS );0
2022;MAR;REGIÃO NORTE;TOCANTINS;ÓLEO DIESEL (OUTROS );0
2022;ABR;REGIÃO NORTE;TOCANTINS;ÓLEO DIESEL (OUTROS );0
2022;MAI;REGIÃO NORTE;TOCANTINS;ÓLEO DIESEL (OUTROS );0
2022;JUN;REGIÃO NORTE;TOCANTINS;ÓLEO DIESEL (OUTROS );0
2022;JAN;REGIÃO NORDESTE;MARANHÃO;ÓLEO DIESEL (OUTROS );0
2022;FEV;REGIÃO NORDESTE;MARANHÃO;ÓLEO DIESEL (OUTROS );0
2022;MAR;REGIÃO NORDESTE;MARANHÃO;ÓLEO DIESEL (OUTROS );0
2022;ABR;REGIÃO NORDESTE;MARANHÃO;ÓLEO DIESEL (OUTROS );0
2022;MAI;REGIÃO NORDESTE;MARANHÃO;ÓLEO DIESEL (OUTROS );0
2022;JUN;REGIÃO NORDESTE;MARANHÃO;ÓLEO DIESEL (OUTROS );0
2022;JAN;REGIÃO NORDESTE;PIAUÍ;ÓLEO DIESEL (OUTROS );0
2022;FEV;REGIÃO NORDESTE;PIAUÍ;ÓLEO DIESEL (OUTROS );0
2022;MAR;REGIÃO NORDESTE;PIAUÍ;ÓLEO DIESEL (OUTROS );0
2022;ABR;REGIÃO NORDESTE;PIAUÍ;ÓLEO DIESEL (OUTROS );0
2022;MAI;REGIÃO NORDESTE;PIAUÍ;ÓLEO DIESEL (OUTROS );0
2022;JUN;REGIÃO NORDESTE;PIAUÍ;ÓLEO DIESEL (OUTROS );0
2022;JAN;REGIÃO NORDESTE;CEARÁ;ÓLEO DIESEL (OUTROS );0
2022;FEV;REGIÃO NORDESTE;CEARÁ;ÓLEO DIESEL (OUTROS );0
2022;MAR;REGIÃO NORDESTE;CEARÁ;ÓLEO DIESEL (OUTROS );0
2022;ABR;REGIÃO NORDESTE;CEARÁ;ÓLEO DIESEL (OUTROS );0
2022;MAI;REGIÃO NORDESTE;CEARÁ;ÓLEO DIESEL (OUTROS );0
2022;JUN;REGIÃO NORDESTE;CEARÁ;ÓLEO DIESEL (OUTROS );0
2022;JAN;REGIÃO NORDESTE;RIO GRANDE DO NORTE;ÓLEO DIESEL (OUTROS );0
2022;FEV;REGIÃO NORDESTE;RIO GRANDE DO NORTE;ÓLEO DIESEL (OUTROS );0
2022;MAR;REGIÃO NORDESTE;RIO GRANDE DO NORTE;ÓLEO DIESEL (OUTROS );0
2022;ABR;REGIÃO NORDESTE;RIO GRANDE DO NORTE;ÓLEO DIESEL (OUTROS );0
2022;MAI;REGIÃO NORDESTE;RIO GRANDE DO NORTE;ÓLEO DIESEL (OUTROS );0
2022;JUN;REGIÃO NORDESTE;RIO GRANDE DO NORTE;ÓLEO DIESEL (OUTROS );0
2022;JAN;REGIÃO NORDESTE;PARAÍBA;ÓLEO DIESEL (OUTROS );0
2022;FEV;REGIÃO NORDESTE;PARAÍBA;ÓLEO DIESEL (OUTROS );0
2022;MAR;REGIÃO NORDESTE;PARAÍBA;ÓLEO DIESEL (OUTROS );0
2022;ABR;REGIÃO NORDESTE;PARAÍBA;ÓLEO DIESEL (OUTROS );0
2022;MAI;REGIÃO NORDESTE;PARAÍBA;ÓLEO DIESEL (OUTROS );0
2022;JUN;REGIÃO NORDESTE;PARAÍBA;ÓLEO DIESEL (OUTROS );0
2022;JAN;REGIÃO NORDESTE;PERNAMBUCO;ÓLEO DIESEL (OUTROS );0
2022;FEV;REGIÃO NORDESTE;PERNAMBUCO;ÓLEO DIESEL (OUTROS );0
2022;MAR;REGIÃO NORDESTE;PERNAMBUCO;ÓLEO DIESEL (OUTROS );0
2022;ABR;REGIÃO NORDESTE;PERNAMBUCO;ÓLEO DIESEL (OUTROS );0
2022;MAI;REGIÃO NORDESTE;PERNAMBUCO;ÓLEO DIESEL (OUTROS );0
2022;JUN;REGIÃO NORDESTE;PERNAMBUCO;ÓLEO DIESEL (OUTROS );0
2022;JAN;REGIÃO NORDESTE;ALAGOAS;ÓLEO DIESEL (OUTROS );0
2022;FEV;REGIÃO NORDESTE;ALAGOAS;ÓLEO DIESEL (OUTROS );0
2022;MAR;REGIÃO NORDESTE;ALAGOAS;ÓLEO DIESEL (OUTROS );0
2022;ABR;REGIÃO NORDESTE;ALAGOAS;ÓLEO DIESEL (OUTROS );0
2022;MAI;REGIÃO NORDESTE;ALAGOAS;ÓLEO DIESEL (OUTROS );0
2022;JUN;REGIÃO NORDESTE;ALAGOAS;ÓLEO DIESEL (OUTROS );0
2022;JAN;REGIÃO NORDESTE;SERGIPE;ÓLEO DIESEL (OUTROS );0
2022;FEV;REGIÃO NORDESTE;SERGIPE;ÓLEO DIESEL (OUTROS );0
2022;MAR;REGIÃO NORDESTE;SERGIPE;ÓLEO DIESEL (OUTROS );0
2022;ABR;REGIÃO NORDESTE;SERGIPE;ÓLEO DIESEL (OUTROS );0
2022;MAI;REGIÃO NORDESTE;SERGIPE;ÓLEO DIESEL (OUTROS );0
2022;JUN;REGIÃO NORDESTE;SERGIPE;ÓLEO DIESEL (OUTROS );0
2022;JAN;REGIÃO NORDESTE;BAHIA;ÓLEO DIESEL (OUTROS );0
2022;FEV;REGIÃO NORDESTE;BAHIA;ÓLEO DIESEL (OUTROS );0
2022;MAR;REGIÃO NORDESTE;BAHIA;ÓLEO DIESEL (OUTROS );0
2022;ABR;REGIÃO NORDESTE;BAHIA;ÓLEO DIESEL (OUTROS );0
2022;MAI;REGIÃO NORDESTE;BAHIA;ÓLEO DIESEL (OUTROS );0
2022;JUN;REGIÃO NORDESTE;BAHIA;ÓLEO DIESEL (OUTROS );0
2022;JAN;REGIÃO SUDESTE;MINAS GERAIS;ÓLEO DIESEL (OUTROS );15
2022;FEV;REGIÃO SUDESTE;MINAS GERAIS;ÓLEO DIESEL (OUTROS );30
2022;MAR;REGIÃO SUDESTE;MINAS GERAIS;ÓLEO DIESEL (OUTROS );40
2022;ABR;REGIÃO SUDESTE;MINAS GERAIS;ÓLEO DIESEL (OUTROS );25
2022;MAI;REGIÃO SUDESTE;MINAS GERAIS;ÓLEO DIESEL (OUTROS );20
2022;JUN;REGIÃO SUDESTE;MINAS GERAIS;ÓLEO DIESEL (OUTROS );4
2022;JAN;REGIÃO SUDESTE;ESPÍRITO SANTO;ÓLEO DIESEL (OUTROS );35
2022;FEV;REGIÃO SUDESTE;ESPÍRITO SANTO;ÓLEO DIESEL (OUTROS );30
2022;MAR;REGIÃO SUDESTE;ESPÍRITO SANTO;ÓLEO DIESEL (OUTROS );30
2022;ABR;REGIÃO SUDESTE;ESPÍRITO SANTO;ÓLEO DIESEL (OUTROS );30
2022;MAI;REGIÃO SUDESTE;ESPÍRITO SANTO;ÓLEO DIESEL (OUTROS );30
2022;JUN;REGIÃO SUDESTE;ESPÍRITO SANTO;ÓLEO DIESEL (OUTROS );20
2022;JAN;REGIÃO SUDESTE;RIO DE JANEIRO;ÓLEO DIESEL (OUTROS );1130
2022;FEV;REGIÃO SUDESTE;RIO DE JANEIRO;ÓLEO DIESEL (OUTROS );1247,4
2022;MAR;REGIÃO SUDESTE;RIO DE JANEIRO;ÓLEO DIESEL (OUTROS );965
2022;ABR;REGIÃO SUDESTE;RIO DE JANEIRO;ÓLEO DIESEL (OUTROS );915
2022;MAI;REGIÃO SUDESTE;RIO DE JANEIRO;ÓLEO DIESEL (OUTROS );440
2022;JUN;REGIÃO SUDESTE;RIO DE JANEIRO;ÓLEO DIESEL (OUTROS );525
2022;JAN;REGIÃO SUDESTE;SÃO PAULO;ÓLEO DIESEL (OUTROS );747,4
2022;FEV;REGIÃO SUDESTE;SÃO PAULO;ÓLEO DIESEL (OUTROS );670
2022;MAR;REGIÃO SUDESTE;SÃO PAULO;ÓLEO DIESEL (OUTROS );718,6
2022;ABR;REGIÃO SUDESTE;SÃO PAULO;ÓLEO DIESEL (OUTROS );518
2022;MAI;REGIÃO SUDESTE;SÃO PAULO;ÓLEO DIESEL (OUTROS );445
2022;JUN;REGIÃO SUDESTE;SÃO PAULO;ÓLEO DIESEL (OUTROS );371,4
2022;JAN;REGIÃO SUL;PARANÁ;ÓLEO DIESEL (OUTROS );20
2022;FEV;REGIÃO SUL;PARANÁ;ÓLEO DIESEL (OUTROS );35
2022;MAR;REGIÃO SUL;PARANÁ;ÓLEO DIESEL (OUTROS );20
2022;ABR;REGIÃO SUL;PARANÁ;ÓLEO DIESEL (OUTROS );0
2022;MAI;REGIÃO SUL;PARANÁ;ÓLEO DIESEL (OUTROS );5
2022;JUN;REGIÃO SUL;PARANÁ;ÓLEO DIESEL (OUTROS );5
2022;JAN;REGIÃO SUL;SANTA CATARINA;ÓLEO DIESEL (OUTROS );90
2022;FEV;REGIÃO SUL;SANTA CATARINA;ÓLEO DIESEL (OUTROS );85
2022;MAR;REGIÃO SUL;SANTA CATARINA;ÓLEO DIESEL (OUTROS );55
2022;ABR;REGIÃO SUL;SANTA CATARINA;ÓLEO DIESEL (OUTROS );60
2022;MAI;REGIÃO SUL;SANTA CATARINA;ÓLEO DIESEL (OUTROS );25
2022;JUN;REGIÃO SUL;SANTA CATARINA;ÓLEO DIESEL (OUTROS );25
2022;JAN;REGIÃO SUL;RIO GRANDE DO SUL;ÓLEO DIESEL (OUTROS );39
2022;FEV;REGIÃO SUL;RIO GRANDE DO SUL;ÓLEO DIESEL (OUTROS );45
2022;MAR;REGIÃO SUL;RIO GRANDE DO SUL;ÓLEO DIESEL (OUTROS );87
2022;ABR;REGIÃO SUL;RIO GRANDE DO SUL;ÓLEO DIESEL (OUTROS );51
2022;MAI;REGIÃO SUL;RIO GRANDE DO SUL;ÓLEO DIESEL (OUTROS );71
2022;JUN;REGIÃO SUL;RIO GRANDE DO SUL;ÓLEO DIESEL (OUTROS );85
2022;JAN;REGIÃO CENTRO-OESTE;MATO GROSSO DO SUL;ÓLEO DIESEL (OUTROS );0
2022;FEV;REGIÃO CENTRO-OESTE;MATO GROSSO DO SUL;ÓLEO DIESEL (OUTROS );0
2022;MAR;REGIÃO CENTRO-OESTE;MATO GROSSO DO SUL;ÓLEO DIESEL (OUTROS );0
2022;ABR;REGIÃO CENTRO-OESTE;MATO GROSSO DO SUL;ÓLEO DIESEL (OUTROS );0
2022;MAI;REGIÃO CENTRO-OESTE;MATO GROSSO DO SUL;ÓLEO DIESEL (OUTROS );0
2022;JUN;REGIÃO CENTRO-OESTE;MATO GROSSO DO SUL;ÓLEO DIESEL (OUTROS );0
2022;JAN;REGIÃO CENTRO-OESTE;MATO GROSSO;ÓLEO DIESEL (OUTROS );3
2022;FEV;REGIÃO CENTRO-OESTE;MATO GROSSO;ÓLEO DIESEL (OUTROS );6
2022;MAR;REGIÃO CENTRO-OESTE;MATO GROSSO;ÓLEO DIESEL (OUTROS );6
2022;ABR;REGIÃO CENTRO-OESTE;MATO GROSSO;ÓLEO DIESEL (OUTROS );12
2022;MAI;REGIÃO CENTRO-OESTE;MATO GROSSO;ÓLEO DIESEL (OUTROS );6
2022;JUN;REGIÃO CENTRO-OESTE;MATO GROSSO;ÓLEO DIESEL (OUTROS );6
2022;JAN;REGIÃO CENTRO-OESTE;GOIÁS;ÓLEO DIESEL (OUTROS );15
2022;FEV;REGIÃO CENTRO-OESTE;GOIÁS;ÓLEO DIESEL (OUTROS );0
2022;MAR;REGIÃO CENTRO-OESTE;GOIÁS;ÓLEO DIESEL (OUTROS );0
2022;ABR;REGIÃO CENTRO-OESTE;GOIÁS;ÓLEO DIESEL (OUTROS );0
2022;MAI;REGIÃO CENTRO-OESTE;GOIÁS;ÓLEO DIESEL (OUTROS );0
2022;JUN;REGIÃO CENTRO-OESTE;GOIÁS;ÓLEO DIESEL (OUTROS );0
2022;JAN;REGIÃO CENTRO-OESTE;DISTRITO FEDERAL;ÓLEO DIESEL (OUTROS );10
2022;FEV;REGIÃO CENTRO-OESTE;DISTRITO FEDERAL;ÓLEO DIESEL (OUTROS );10
2022;MAR;REGIÃO CENTRO-OESTE;DISTRITO FEDERAL;ÓLEO DIESEL (OUTROS );20
2022;ABR;REGIÃO CENTRO-OESTE;DISTRITO FEDERAL;ÓLEO DIESEL (OUTROS );10
2022;MAI;REGIÃO CENTRO-OESTE;DISTRITO FEDERAL;ÓLEO DIESEL (OUTROS );15
2022;JUN;REGIÃO CENTRO-OESTE;DISTRITO FEDERAL;ÓLEO DIESEL (OUTROS );10
